,phoneme,onset,duration,kind,low,high,mid,labial,glottal,velar,vowel,plosive,fricative,nasal,approximant,trill,voice,voiced_vowel,word
0,m,3.12,0.040000000000000036,phoneme,0.0,0.0,0.0,1.0,0.0,0.0,0.0,0.0,0.0,1.0,0.0,0.0,0.0,0.0,
1,E,3.16,0.04999999999999982,phoneme,0.0,0.0,1.0,0.0,0.0,0.0,1.0,0.0,0.0,0.0,0.0,0.0,0.0,1.0,
2,z,3.21,0.08999999999999986,phoneme,0.0,0.0,0.0,0.0,0.0,0.0,0.0,0.0,1.0,0.0,0.0,0.0,1.0,1.0,
3,i,3.3,0.0900000000000003,phoneme,0.0,1.0,0.0,0.0,0.0,0.0,1.0,0.0,0.0,0.0,0.0,0.0,0.0,1.0,
4,l,3.39,0.06999999999999984,phoneme,0.0,0.0,0.0,0.0,0.0,0.0,0.0,0.0,0.0,0.0,1.0,0.0,0.0,0.0,
5,a,3.46,0.04999999999999982,phoneme,1.0,0.0,0.0,0.0,0.0,0.0,1.0,0.0,0.0,0.0,0.0,0.0,0.0,1.0,
6,R,3.51,0.06000000000000005,phoneme,0.0,0.0,0.0,0.0,0.0,0.0,0.0,0.0,0.0,0.0,0.0,1.0,0.0,0.0,
7,i,3.57,0.1200000000000001,phoneme,0.0,1.0,0.0,0.0,0.0,0.0,1.0,0.0,0.0,0.0,0.0,0.0,0.0,1.0,
8,v,3.69,0.03000000000000025,phoneme,0.0,0.0,0.0,0.0,0.0,0.0,0.0,0.0,1.0,0.0,0.0,0.0,1.0,1.0,
9,a,3.72,0.13999999999999968,phoneme,1.0,0.0,0.0,0.0,0.0,0.0,1.0,0.0,0.0,0.0,0.0,0.0,0.0,1.0,
10,k,3.86,0.11000000000000032,phoneme,0.0,0.0,0.0,0.0,0.0,1.0,0.0,1.0,0.0,0.0,0.0,0.0,1.0,0.0,
11,@,3.97,0.04999999999999938,phoneme,0.0,0.0,1.0,0.0,0.0,0.0,1.0,0.0,0.0,0.0,0.0,0.0,0.0,1.0,
12,l,4.02,0.040000000000000036,phoneme,0.0,0.0,0.0,0.0,0.0,0.0,0.0,0.0,0.0,0.0,1.0,0.0,0.0,0.0,
13,@,4.06,0.05000000000000071,phoneme,0.0,0.0,1.0,0.0,0.0,0.0,1.0,0.0,0.0,0.0,0.0,0.0,0.0,1.0,
14,p,4.17,0.08000000000000007,phoneme,0.0,0.0,0.0,1.0,0.0,0.0,0.0,1.0,0.0,0.0,0.0,0.0,1.0,0.0,
15,@,4.25,0.05999999999999961,phoneme,0.0,0.0,1.0,0.0,0.0,0.0,1.0,0.0,0.0,0.0,0.0,0.0,0.0,1.0,
16,t,4.31,0.11000000000000032,phoneme,0.0,0.0,0.0,0.0,0.0,0.0,0.0,1.0,0.0,0.0,0.0,0.0,1.0,0.0,
17,i,4.42,0.07000000000000028,phoneme,0.0,1.0,0.0,0.0,0.0,0.0,1.0,0.0,0.0,0.0,0.0,0.0,0.0,1.0,
18,p,4.49,0.04999999999999982,phoneme,0.0,0.0,0.0,1.0,0.0,0.0,0.0,1.0,0.0,0.0,0.0,0.0,1.0,0.0,
19,R,4.54,0.08999999999999986,phoneme,0.0,0.0,0.0,0.0,0.0,0.0,0.0,0.0,0.0,0.0,0.0,1.0,0.0,0.0,
20,e~,4.63,0.20000000000000018,phoneme,0.0,0.0,1.0,0.0,0.0,0.0,1.0,0.0,0.0,1.0,0.0,0.0,0.0,1.0,
21,s,4.83,0.2400000000000002,phoneme,0.0,0.0,0.0,0.0,0.0,0.0,0.0,0.0,1.0,0.0,0.0,0.0,1.0,0.0,
22,E,5.28,0.04999999999999982,phoneme,0.0,0.0,1.0,0.0,0.0,0.0,1.0,0.0,0.0,0.0,0.0,0.0,0.0,1.0,
23,j,5.33,0.17999999999999972,phoneme,0.0,0.0,0.0,0.0,0.0,0.0,0.0,0.0,0.0,0.0,1.0,0.0,0.0,0.0,
24,a~,5.51,0.1200000000000001,phoneme,1.0,0.0,0.0,0.0,0.0,0.0,1.0,0.0,0.0,1.0,0.0,0.0,0.0,1.0,
25,l,5.63,0.20000000000000018,phoneme,0.0,0.0,0.0,0.0,0.0,0.0,0.0,0.0,0.0,0.0,1.0,0.0,0.0,0.0,
26,o~,5.83,0.1899999999999995,phoneme,0.0,0.0,1.0,0.0,0.0,0.0,1.0,0.0,0.0,1.0,0.0,0.0,0.0,1.0,
27,t,6.02,0.09000000000000075,phoneme,0.0,0.0,0.0,0.0,0.0,0.0,0.0,1.0,0.0,0.0,0.0,0.0,1.0,0.0,
28,a~,6.11,0.1649889999999994,phoneme,1.0,0.0,0.0,0.0,0.0,0.0,1.0,0.0,0.0,1.0,0.0,0.0,0.0,1.0,
29,m,6.274989,0.0549880000000007,phoneme,0.0,0.0,0.0,1.0,0.0,0.0,0.0,0.0,0.0,1.0,0.0,0.0,0.0,0.0,
30,a,6.329977,0.06002299999999927,phoneme,1.0,0.0,0.0,0.0,0.0,0.0,1.0,0.0,0.0,0.0,0.0,0.0,0.0,1.0,
31,R,6.39,0.07000000000000028,phoneme,0.0,0.0,0.0,0.0,0.0,0.0,0.0,0.0,0.0,0.0,0.0,1.0,0.0,0.0,
32,S,6.46,0.13999999999999968,phoneme,0.0,0.0,0.0,0.0,0.0,0.0,0.0,0.0,1.0,0.0,0.0,0.0,1.0,0.0,
33,e,6.6,0.10000000000000053,phoneme,0.0,0.0,1.0,0.0,0.0,0.0,1.0,0.0,0.0,0.0,0.0,0.0,0.0,1.0,
34,a,6.7,0.05999999999999961,phoneme,1.0,0.0,0.0,0.0,0.0,0.0,1.0,0.0,0.0,0.0,0.0,0.0,0.0,1.0,
35,t,6.76,0.07000000000000028,phoneme,0.0,0.0,0.0,0.0,0.0,0.0,0.0,1.0,0.0,0.0,0.0,0.0,1.0,0.0,
36,R,6.83,0.09999999999999964,phoneme,0.0,0.0,0.0,0.0,0.0,0.0,0.0,0.0,0.0,0.0,0.0,1.0,0.0,0.0,
37,a,6.93,0.040000000000000036,phoneme,1.0,0.0,0.0,0.0,0.0,0.0,1.0,0.0,0.0,0.0,0.0,0.0,0.0,1.0,
38,v,6.97,0.03000000000000025,phoneme,0.0,0.0,0.0,0.0,0.0,0.0,0.0,0.0,1.0,0.0,0.0,0.0,1.0,1.0,
39,E,7.0,0.09999999999999964,phoneme,0.0,0.0,1.0,0.0,0.0,0.0,1.0,0.0,0.0,0.0,0.0,0.0,0.0,1.0,
40,R,7.1,0.040000000000000036,phoneme,0.0,0.0,0.0,0.0,0.0,0.0,0.0,0.0,0.0,0.0,0.0,1.0,0.0,0.0,
41,l,7.14,0.0600000000000005,phoneme,0.0,0.0,0.0,0.0,0.0,0.0,0.0,0.0,0.0,0.0,1.0,0.0,0.0,0.0,
42,e,7.2,0.040000000000000036,phoneme,0.0,0.0,1.0,0.0,0.0,0.0,1.0,0.0,0.0,0.0,0.0,0.0,0.0,1.0,
43,s,7.24,0.16999999999999993,phoneme,0.0,0.0,0.0,0.0,0.0,0.0,0.0,0.0,1.0,0.0,0.0,0.0,1.0,0.0,
44,a,7.41,0.16999999999999993,phoneme,1.0,0.0,0.0,0.0,0.0,0.0,1.0,0.0,0.0,0.0,0.0,0.0,0.0,1.0,
45,b,7.58,0.05999999999999961,phoneme,0.0,0.0,0.0,1.0,0.0,0.0,0.0,1.0,0.0,0.0,0.0,0.0,1.0,1.0,
46,l,7.64,0.09000000000000075,phoneme,0.0,0.0,0.0,0.0,0.0,0.0,0.0,0.0,0.0,0.0,1.0,0.0,0.0,0.0,
47,@,7.73,0.05999999999999961,phoneme,0.0,0.0,1.0,0.0,0.0,0.0,1.0,0.0,0.0,0.0,0.0,0.0,0.0,1.0,
48,l,8.05,0.08999999999999986,phoneme,0.0,0.0,0.0,0.0,0.0,0.0,0.0,0.0,0.0,0.0,1.0,0.0,0.0,0.0,
49,e,8.14,0.10498899999999978,phoneme,0.0,0.0,1.0,0.0,0.0,0.0,1.0,0.0,0.0,0.0,0.0,0.0,0.0,1.0,
50,R,8.244989,0.07498799999999939,phoneme,0.0,0.0,0.0,0.0,0.0,0.0,0.0,0.0,0.0,0.0,0.0,1.0,0.0,0.0,
51,O,8.319977,0.19002300000000005,phoneme,0.0,0.0,1.0,0.0,0.0,0.0,1.0,0.0,0.0,0.0,0.0,0.0,0.0,1.0,
52,k,8.51,0.17999999999999972,phoneme,0.0,0.0,0.0,0.0,0.0,1.0,0.0,1.0,0.0,0.0,0.0,0.0,1.0,0.0,
53,e,8.76,0.13000000000000078,phoneme,0.0,0.0,1.0,0.0,0.0,0.0,1.0,0.0,0.0,0.0,0.0,0.0,0.0,1.0,
54,l,8.89,0.05999999999999872,phoneme,0.0,0.0,0.0,0.0,0.0,0.0,0.0,0.0,0.0,0.0,1.0,0.0,0.0,0.0,
55,e,8.95,0.06498900000000063,phoneme,0.0,0.0,1.0,0.0,0.0,0.0,1.0,0.0,0.0,0.0,0.0,0.0,0.0,1.0,
56,n,9.014989,0.0649879999999996,phoneme,0.0,0.0,0.0,0.0,0.0,0.0,0.0,0.0,0.0,1.0,0.0,0.0,0.0,0.0,
57,E,9.079977,0.26002300000000034,phoneme,0.0,0.0,1.0,0.0,0.0,0.0,1.0,0.0,0.0,0.0,0.0,0.0,0.0,1.0,
58,Z,9.34,0.1999999999999993,phoneme,0.0,0.0,0.0,0.0,0.0,0.0,0.0,0.0,1.0,0.0,0.0,0.0,1.0,1.0,
59,d,9.94,0.0600000000000005,phoneme,0.0,0.0,0.0,0.0,0.0,0.0,0.0,1.0,0.0,0.0,0.0,0.0,1.0,1.0,
60,e,10.0,0.08000000000000007,phoneme,0.0,0.0,1.0,0.0,0.0,0.0,1.0,0.0,0.0,0.0,0.0,0.0,0.0,1.0,
61,k,10.08,0.09999999999999964,phoneme,0.0,0.0,0.0,0.0,0.0,1.0,0.0,1.0,0.0,0.0,0.0,0.0,1.0,0.0,
62,u,10.18,0.08000000000000007,phoneme,0.0,1.0,0.0,0.0,0.0,0.0,1.0,0.0,0.0,0.0,0.0,0.0,0.0,1.0,
63,v,10.26,0.040000000000000924,phoneme,0.0,0.0,0.0,0.0,0.0,0.0,0.0,0.0,1.0,0.0,0.0,0.0,1.0,1.0,
64,R,10.3,0.05999999999999872,phoneme,0.0,0.0,0.0,0.0,0.0,0.0,0.0,0.0,0.0,0.0,0.0,1.0,0.0,0.0,
65,i,10.36,0.15000000000000036,phoneme,0.0,1.0,0.0,0.0,0.0,0.0,1.0,0.0,0.0,0.0,0.0,0.0,0.0,1.0,
66,a~,10.57,0.1999999999999993,phoneme,1.0,0.0,0.0,0.0,0.0,0.0,1.0,0.0,0.0,1.0,0.0,0.0,0.0,1.0,
67,f,10.77,0.19000000000000128,phoneme,0.0,0.0,0.0,0.0,0.0,0.0,0.0,0.0,1.0,0.0,0.0,0.0,1.0,0.0,
68,9~,10.96,0.15999999999999837,phoneme,0.0,0.0,1.0,0.0,0.0,0.0,1.0,0.0,0.0,1.0,0.0,0.0,0.0,1.0,
69,y,11.12,0.13000000000000078,phoneme,0.0,1.0,0.0,0.0,0.0,0.0,1.0,0.0,0.0,0.0,0.0,0.0,0.0,1.0,
70,n,11.25,0.07000000000000028,phoneme,0.0,0.0,0.0,0.0,0.0,0.0,0.0,0.0,0.0,1.0,0.0,0.0,0.0,0.0,
71,@,11.32,0.07000000000000028,phoneme,0.0,0.0,1.0,0.0,0.0,0.0,1.0,0.0,0.0,0.0,0.0,0.0,0.0,1.0,
72,R,11.49,0.03999999999999915,phoneme,0.0,0.0,0.0,0.0,0.0,0.0,0.0,0.0,0.0,0.0,0.0,1.0,0.0,0.0,
73,u,11.53,0.10000000000000142,phoneme,0.0,1.0,0.0,0.0,0.0,0.0,1.0,0.0,0.0,0.0,0.0,0.0,0.0,1.0,
74,t,11.63,0.29999999999999893,phoneme,0.0,0.0,0.0,0.0,0.0,0.0,0.0,1.0,0.0,0.0,0.0,0.0,1.0,0.0,
75,e,12.39,0.10999999999999943,phoneme,0.0,0.0,1.0,0.0,0.0,0.0,1.0,0.0,0.0,0.0,0.0,0.0,0.0,1.0,
76,l,12.5,0.02999999999999936,phoneme,0.0,0.0,0.0,0.0,0.0,0.0,0.0,0.0,0.0,0.0,1.0,0.0,0.0,0.0,
77,e,12.53,0.08999999999999986,phoneme,0.0,0.0,1.0,0.0,0.0,0.0,1.0,0.0,0.0,0.0,0.0,0.0,0.0,1.0,
78,R,12.62,0.08000000000000007,phoneme,0.0,0.0,0.0,0.0,0.0,0.0,0.0,0.0,0.0,0.0,0.0,1.0,0.0,0.0,
79,u,12.7,0.14000000000000057,phoneme,0.0,1.0,0.0,0.0,0.0,0.0,1.0,0.0,0.0,0.0,0.0,0.0,0.0,1.0,
80,t,12.84,0.23000000000000043,phoneme,0.0,0.0,0.0,0.0,0.0,0.0,0.0,1.0,0.0,0.0,0.0,0.0,1.0,0.0,
81,@,13.07,0.08999999999999986,phoneme,0.0,0.0,1.0,0.0,0.0,0.0,1.0,0.0,0.0,0.0,0.0,0.0,0.0,1.0,
82,v,13.16,0.0600000000000005,phoneme,0.0,0.0,0.0,0.0,0.0,0.0,0.0,0.0,1.0,0.0,0.0,0.0,1.0,1.0,
83,o~,13.22,0.1399999999999988,phoneme,0.0,0.0,1.0,0.0,0.0,0.0,1.0,0.0,0.0,1.0,0.0,0.0,0.0,1.0,
84,t,13.36,0.2400000000000002,phoneme,0.0,0.0,0.0,0.0,0.0,0.0,0.0,1.0,0.0,0.0,0.0,0.0,1.0,0.0,
85,u,13.6,0.09999999999999964,phoneme,0.0,1.0,0.0,0.0,0.0,0.0,1.0,0.0,0.0,0.0,0.0,0.0,0.0,1.0,
86,t,13.7,0.16999999999999993,phoneme,0.0,0.0,0.0,0.0,0.0,0.0,0.0,1.0,0.0,0.0,0.0,0.0,1.0,0.0,
87,S,14.01,0.15000000000000036,phoneme,0.0,0.0,0.0,0.0,0.0,0.0,0.0,0.0,1.0,0.0,0.0,0.0,1.0,0.0,
88,e,14.16,0.0600000000000005,phoneme,0.0,0.0,1.0,0.0,0.0,0.0,1.0,0.0,0.0,0.0,0.0,0.0,0.0,1.0,
89,l,14.22,0.02999999999999936,phoneme,0.0,0.0,0.0,0.0,0.0,0.0,0.0,0.0,0.0,0.0,1.0,0.0,0.0,0.0,
90,e,14.25,0.08999999999999986,phoneme,0.0,0.0,1.0,0.0,0.0,0.0,1.0,0.0,0.0,0.0,0.0,0.0,0.0,1.0,
91,z,14.34,0.120000000000001,phoneme,0.0,0.0,0.0,0.0,0.0,0.0,0.0,0.0,1.0,0.0,0.0,0.0,1.0,1.0,
92,O,14.46,0.1399999999999988,phoneme,0.0,0.0,1.0,0.0,0.0,0.0,1.0,0.0,0.0,0.0,0.0,0.0,0.0,1.0,
93,m,14.6,0.13000000000000078,phoneme,0.0,0.0,0.0,1.0,0.0,0.0,0.0,0.0,0.0,1.0,0.0,0.0,0.0,0.0,
94,b,15.79,0.05000000000000071,phoneme,0.0,0.0,0.0,1.0,0.0,0.0,0.0,1.0,0.0,0.0,0.0,0.0,1.0,1.0,
95,o~,15.84,0.13000000000000078,phoneme,0.0,0.0,1.0,0.0,0.0,0.0,1.0,0.0,0.0,1.0,0.0,0.0,0.0,1.0,
96,Z,15.97,0.08999999999999808,phoneme,0.0,0.0,0.0,0.0,0.0,0.0,0.0,0.0,1.0,0.0,0.0,0.0,1.0,1.0,
97,u,16.06,0.1700000000000017,phoneme,0.0,1.0,0.0,0.0,0.0,0.0,1.0,0.0,0.0,0.0,0.0,0.0,0.0,1.0,
98,R,16.23,0.16999999999999815,phoneme,0.0,0.0,0.0,0.0,0.0,0.0,0.0,0.0,0.0,0.0,0.0,1.0,0.0,0.0,
99,d,16.64,0.10999999999999943,phoneme,0.0,0.0,0.0,0.0,0.0,0.0,0.0,1.0,0.0,0.0,0.0,0.0,1.0,1.0,
100,i,16.75,0.14000000000000057,phoneme,0.0,1.0,0.0,0.0,0.0,0.0,1.0,0.0,0.0,0.0,0.0,0.0,0.0,1.0,
101,i,16.89,0.16000000000000014,phoneme,0.0,1.0,0.0,0.0,0.0,0.0,1.0,0.0,0.0,0.0,0.0,0.0,0.0,1.0,
102,l,17.05,0.08999999999999986,phoneme,0.0,0.0,0.0,0.0,0.0,0.0,0.0,0.0,0.0,0.0,1.0,0.0,0.0,0.0,
103,@,17.14,0.0799999999999983,phoneme,0.0,0.0,1.0,0.0,0.0,0.0,1.0,0.0,0.0,0.0,0.0,0.0,0.0,1.0,
104,s,17.8,0.09999999999999787,phoneme,0.0,0.0,0.0,0.0,0.0,0.0,0.0,0.0,1.0,0.0,0.0,0.0,1.0,0.0,
105,e,17.9,0.07000000000000028,phoneme,0.0,0.0,1.0,0.0,0.0,0.0,1.0,0.0,0.0,0.0,0.0,0.0,0.0,1.0,
106,t,17.97,0.07000000000000028,phoneme,0.0,0.0,0.0,0.0,0.0,0.0,0.0,1.0,0.0,0.0,0.0,0.0,1.0,0.0,
107,E,18.04,0.060000000000002274,phoneme,0.0,0.0,1.0,0.0,0.0,0.0,1.0,0.0,0.0,0.0,0.0,0.0,0.0,1.0,
108,t,18.1,0.07000000000000028,phoneme,0.0,0.0,0.0,0.0,0.0,0.0,0.0,1.0,0.0,0.0,0.0,0.0,1.0,0.0,
109,9~,18.17,0.129999999999999,phoneme,0.0,0.0,1.0,0.0,0.0,0.0,1.0,0.0,0.0,1.0,0.0,0.0,0.0,1.0,
110,Z,18.3,0.120000000000001,phoneme,0.0,0.0,0.0,0.0,0.0,0.0,0.0,0.0,1.0,0.0,0.0,0.0,1.0,1.0,
111,a,18.42,0.129999999999999,phoneme,1.0,0.0,0.0,0.0,0.0,0.0,1.0,0.0,0.0,0.0,0.0,0.0,0.0,1.0,
112,R,18.55,0.05999999999999872,phoneme,0.0,0.0,0.0,0.0,0.0,0.0,0.0,0.0,0.0,0.0,0.0,1.0,0.0,0.0,
113,d,18.61,0.08000000000000185,phoneme,0.0,0.0,0.0,0.0,0.0,0.0,0.0,1.0,0.0,0.0,0.0,0.0,1.0,1.0,
114,9~,18.69,0.17999999999999972,phoneme,0.0,0.0,1.0,0.0,0.0,0.0,1.0,0.0,0.0,1.0,0.0,0.0,0.0,1.0,
115,f,18.87,0.18999999999999773,phoneme,0.0,0.0,0.0,0.0,0.0,0.0,0.0,0.0,1.0,0.0,0.0,0.0,1.0,0.0,
116,l,19.06,0.07000000000000028,phoneme,0.0,0.0,0.0,0.0,0.0,0.0,0.0,0.0,0.0,0.0,1.0,0.0,0.0,0.0,
117,2,19.13,0.14000000000000057,phoneme,0.0,0.0,1.0,0.0,0.0,0.0,1.0,0.0,0.0,0.0,0.0,0.0,0.0,1.0,
118,R,19.27,0.08000000000000185,phoneme,0.0,0.0,0.0,0.0,0.0,0.0,0.0,0.0,0.0,0.0,0.0,1.0,0.0,0.0,
119,i,19.35,0.10999999999999943,phoneme,0.0,1.0,0.0,0.0,0.0,0.0,1.0,0.0,0.0,0.0,0.0,0.0,0.0,1.0,
120,d,19.46,0.11999999999999744,phoneme,0.0,0.0,0.0,0.0,0.0,0.0,0.0,1.0,0.0,0.0,0.0,0.0,1.0,1.0,
121,R,19.58,0.0400000000000027,phoneme,0.0,0.0,0.0,0.0,0.0,0.0,0.0,0.0,0.0,0.0,0.0,1.0,0.0,0.0,
122,o,19.62,0.3200000000000003,phoneme,0.0,0.0,1.0,0.0,0.0,0.0,1.0,0.0,0.0,0.0,0.0,0.0,0.0,1.0,
123,z,19.94,0.17999999999999972,phoneme,0.0,0.0,0.0,0.0,0.0,0.0,0.0,0.0,1.0,0.0,0.0,0.0,1.0,1.0,
124,b,21.04,0.030000000000001137,phoneme,0.0,0.0,0.0,1.0,0.0,0.0,0.0,1.0,0.0,0.0,0.0,0.0,1.0,1.0,
125,o~,21.07,0.25,phoneme,0.0,0.0,1.0,0.0,0.0,0.0,1.0,0.0,0.0,1.0,0.0,0.0,0.0,1.0,
126,Z,21.32,0.10999999999999943,phoneme,0.0,0.0,0.0,0.0,0.0,0.0,0.0,0.0,1.0,0.0,0.0,0.0,1.0,1.0,
127,u,21.43,0.5,phoneme,0.0,1.0,0.0,0.0,0.0,0.0,1.0,0.0,0.0,0.0,0.0,0.0,0.0,1.0,
128,R,21.93,0.16000000000000014,phoneme,0.0,0.0,0.0,0.0,0.0,0.0,0.0,0.0,0.0,0.0,0.0,1.0,0.0,0.0,
129,d,22.26,0.08999999999999986,phoneme,0.0,0.0,0.0,0.0,0.0,0.0,0.0,1.0,0.0,0.0,0.0,0.0,1.0,1.0,
130,i,22.35,0.08999999999999986,phoneme,0.0,1.0,0.0,0.0,0.0,0.0,1.0,0.0,0.0,0.0,0.0,0.0,0.0,1.0,
131,R,22.44,0.04999999999999716,phoneme,0.0,0.0,0.0,0.0,0.0,0.0,0.0,0.0,0.0,0.0,0.0,1.0,0.0,0.0,
132,l,22.49,0.05000000000000071,phoneme,0.0,0.0,0.0,0.0,0.0,0.0,0.0,0.0,0.0,0.0,1.0,0.0,0.0,0.0,
133,e,22.54,0.08000000000000185,phoneme,0.0,0.0,1.0,0.0,0.0,0.0,1.0,0.0,0.0,0.0,0.0,0.0,0.0,1.0,
134,R,22.62,0.05000000000000071,phoneme,0.0,0.0,0.0,0.0,0.0,0.0,0.0,0.0,0.0,0.0,0.0,1.0,0.0,0.0,
135,o,22.67,0.25,phoneme,0.0,0.0,1.0,0.0,0.0,0.0,1.0,0.0,0.0,0.0,0.0,0.0,0.0,1.0,
136,z,22.92,0.18999999999999773,phoneme,0.0,0.0,0.0,0.0,0.0,0.0,0.0,0.0,1.0,0.0,0.0,0.0,1.0,1.0,
137,l,23.91,0.10000000000000142,phoneme,0.0,0.0,0.0,0.0,0.0,0.0,0.0,0.0,0.0,0.0,1.0,0.0,0.0,0.0,
138,@,24.01,0.04999999999999716,phoneme,0.0,0.0,1.0,0.0,0.0,0.0,1.0,0.0,0.0,0.0,0.0,0.0,0.0,1.0,
139,p,24.06,0.08999999999999986,phoneme,0.0,0.0,0.0,1.0,0.0,0.0,0.0,1.0,0.0,0.0,0.0,0.0,1.0,0.0,
140,@,24.15,0.08999999999999986,phoneme,0.0,0.0,1.0,0.0,0.0,0.0,1.0,0.0,0.0,0.0,0.0,0.0,0.0,1.0,
141,t,24.24,0.11000000000000298,phoneme,0.0,0.0,0.0,0.0,0.0,0.0,0.0,1.0,0.0,0.0,0.0,0.0,1.0,0.0,
142,i,24.35,0.0799999999999983,phoneme,0.0,1.0,0.0,0.0,0.0,0.0,1.0,0.0,0.0,0.0,0.0,0.0,0.0,1.0,
143,p,24.43,0.03999999999999915,phoneme,0.0,0.0,0.0,1.0,0.0,0.0,0.0,1.0,0.0,0.0,0.0,0.0,1.0,0.0,
144,R,24.47,0.08000000000000185,phoneme,0.0,0.0,0.0,0.0,0.0,0.0,0.0,0.0,0.0,0.0,0.0,1.0,0.0,0.0,
145,e~,24.55,0.18999999999999773,phoneme,0.0,0.0,1.0,0.0,0.0,0.0,1.0,0.0,0.0,1.0,0.0,0.0,0.0,1.0,
146,s,24.74,0.19000000000000128,phoneme,0.0,0.0,0.0,0.0,0.0,0.0,0.0,0.0,1.0,0.0,0.0,0.0,1.0,0.0,
147,l,24.93,0.05999999999999872,phoneme,0.0,0.0,0.0,0.0,0.0,0.0,0.0,0.0,0.0,0.0,1.0,0.0,0.0,0.0,
148,e,24.99,0.08999999999999986,phoneme,0.0,0.0,1.0,0.0,0.0,0.0,1.0,0.0,0.0,0.0,0.0,0.0,0.0,1.0,
149,R,25.08,0.060000000000002274,phoneme,0.0,0.0,0.0,0.0,0.0,0.0,0.0,0.0,0.0,0.0,0.0,1.0,0.0,0.0,
150,@,25.14,0.05000000000000071,phoneme,0.0,0.0,1.0,0.0,0.0,0.0,1.0,0.0,0.0,0.0,0.0,0.0,0.0,1.0,
151,g,25.19,0.11999999999999744,phoneme,0.0,0.0,0.0,0.0,0.0,1.0,0.0,1.0,0.0,0.0,0.0,0.0,1.0,1.0,
152,a,25.31,0.0400000000000027,phoneme,1.0,0.0,0.0,0.0,0.0,0.0,1.0,0.0,0.0,0.0,0.0,0.0,0.0,1.0,
153,R,25.35,0.11999999999999744,phoneme,0.0,0.0,0.0,0.0,0.0,0.0,0.0,0.0,0.0,0.0,0.0,1.0,0.0,0.0,
154,d,25.47,0.05000000000000071,phoneme,0.0,0.0,0.0,0.0,0.0,0.0,0.0,1.0,0.0,0.0,0.0,0.0,1.0,1.0,
155,a,25.52,0.10999999999999943,phoneme,1.0,0.0,0.0,0.0,0.0,0.0,1.0,0.0,0.0,0.0,0.0,0.0,0.0,1.0,
156,E,26.23,0.08999999999999986,phoneme,0.0,0.0,1.0,0.0,0.0,0.0,1.0,0.0,0.0,0.0,0.0,0.0,0.0,1.0,
157,l,26.32,0.05000000000000071,phoneme,0.0,0.0,0.0,0.0,0.0,0.0,0.0,0.0,0.0,0.0,1.0,0.0,0.0,0.0,
158,R,26.37,0.09999999999999787,phoneme,0.0,0.0,0.0,0.0,0.0,0.0,0.0,0.0,0.0,0.0,0.0,1.0,0.0,0.0,
159,@,26.47,0.05000000000000071,phoneme,0.0,0.0,1.0,0.0,0.0,0.0,1.0,0.0,0.0,0.0,0.0,0.0,0.0,1.0,
160,s,26.52,0.129999999999999,phoneme,0.0,0.0,0.0,0.0,0.0,0.0,0.0,0.0,1.0,0.0,0.0,0.0,1.0,0.0,
161,a~,26.65,0.11000000000000298,phoneme,1.0,0.0,0.0,0.0,0.0,0.0,1.0,0.0,0.0,1.0,0.0,0.0,0.0,1.0,
162,b,26.76,0.0799999999999983,phoneme,0.0,0.0,0.0,1.0,0.0,0.0,0.0,1.0,0.0,0.0,0.0,0.0,1.0,1.0,
163,l,26.84,0.03999999999999915,phoneme,0.0,0.0,0.0,0.0,0.0,0.0,0.0,0.0,0.0,0.0,1.0,0.0,0.0,0.0,
164,E,26.88,0.1700000000000017,phoneme,0.0,0.0,1.0,0.0,0.0,0.0,1.0,0.0,0.0,0.0,0.0,0.0,0.0,1.0,
165,t,27.14,0.0799999999999983,phoneme,0.0,0.0,0.0,0.0,0.0,0.0,0.0,1.0,0.0,0.0,0.0,0.0,1.0,0.0,
166,u,27.22,0.13000000000000256,phoneme,0.0,1.0,0.0,0.0,0.0,0.0,1.0,0.0,0.0,0.0,0.0,0.0,0.0,1.0,
167,t,27.35,0.14999999999999858,phoneme,0.0,0.0,0.0,0.0,0.0,0.0,0.0,1.0,0.0,0.0,0.0,0.0,1.0,0.0,
168,a,27.57,0.10999999999999943,phoneme,1.0,0.0,0.0,0.0,0.0,0.0,1.0,0.0,0.0,0.0,0.0,0.0,0.0,1.0,
169,s,27.68,0.120000000000001,phoneme,0.0,0.0,0.0,0.0,0.0,0.0,0.0,0.0,1.0,0.0,0.0,0.0,1.0,0.0,
170,a,27.8,0.07000000000000028,phoneme,1.0,0.0,0.0,0.0,0.0,0.0,1.0,0.0,0.0,0.0,0.0,0.0,0.0,1.0,
171,f,27.87,0.16000000000000014,phoneme,0.0,0.0,0.0,0.0,0.0,0.0,0.0,0.0,1.0,0.0,0.0,0.0,1.0,0.0,
172,l,28.03,0.05999999999999872,phoneme,0.0,0.0,0.0,0.0,0.0,0.0,0.0,0.0,0.0,0.0,1.0,0.0,0.0,0.0,
173,9,28.09,0.19000000000000128,phoneme,0.0,0.0,1.0,0.0,0.0,0.0,1.0,0.0,0.0,0.0,0.0,0.0,0.0,1.0,
174,R,28.28,0.17999999999999972,phoneme,0.0,0.0,0.0,0.0,0.0,0.0,0.0,0.0,0.0,0.0,0.0,1.0,0.0,0.0,
175,k,29.18,0.030000000000001137,phoneme,0.0,0.0,0.0,0.0,0.0,1.0,0.0,1.0,0.0,0.0,0.0,0.0,1.0,0.0,
176,E,29.69,0.03999999999999915,phoneme,0.0,0.0,1.0,0.0,0.0,0.0,1.0,0.0,0.0,0.0,0.0,0.0,0.0,1.0,
177,t,29.73,0.10999999999999943,phoneme,0.0,0.0,0.0,0.0,0.0,0.0,0.0,1.0,0.0,0.0,0.0,0.0,1.0,0.0,
178,v,29.84,0.030000000000001137,phoneme,0.0,0.0,0.0,0.0,0.0,0.0,0.0,0.0,1.0,0.0,0.0,0.0,1.0,1.0,
179,u,29.87,0.3000000000000007,phoneme,0.0,1.0,0.0,0.0,0.0,0.0,1.0,0.0,0.0,0.0,0.0,0.0,0.0,1.0,
180,l,30.57,0.129999999999999,phoneme,0.0,0.0,0.0,0.0,0.0,0.0,0.0,0.0,0.0,0.0,1.0,0.0,0.0,0.0,
181,9,30.7,0.07000000000000028,phoneme,0.0,0.0,1.0,0.0,0.0,0.0,1.0,0.0,0.0,0.0,0.0,0.0,0.0,1.0,
182,R,30.77,0.03999999999999915,phoneme,0.0,0.0,0.0,0.0,0.0,0.0,0.0,0.0,0.0,0.0,0.0,1.0,0.0,0.0,
183,d,30.81,0.0400000000000027,phoneme,0.0,0.0,0.0,0.0,0.0,0.0,0.0,1.0,0.0,0.0,0.0,0.0,1.0,1.0,
184,@,30.85,0.04999999999999716,phoneme,0.0,0.0,1.0,0.0,0.0,0.0,1.0,0.0,0.0,0.0,0.0,0.0,0.0,1.0,
185,m,30.9,0.07000000000000028,phoneme,0.0,0.0,0.0,1.0,0.0,0.0,0.0,0.0,0.0,1.0,0.0,0.0,0.0,0.0,
186,a~,30.97,0.07000000000000028,phoneme,1.0,0.0,0.0,0.0,0.0,0.0,1.0,0.0,0.0,1.0,0.0,0.0,0.0,1.0,
187,d,31.04,0.07000000000000028,phoneme,0.0,0.0,0.0,0.0,0.0,0.0,0.0,1.0,0.0,0.0,0.0,0.0,1.0,1.0,
188,a,31.11,0.07000000000000028,phoneme,1.0,0.0,0.0,0.0,0.0,0.0,1.0,0.0,0.0,0.0,0.0,0.0,0.0,1.0,
189,t,31.18,0.14999999999999858,phoneme,0.0,0.0,0.0,0.0,0.0,0.0,0.0,1.0,0.0,0.0,0.0,0.0,1.0,0.0,
190,i,31.33,0.10000000000000142,phoneme,0.0,1.0,0.0,0.0,0.0,0.0,1.0,0.0,0.0,0.0,0.0,0.0,0.0,1.0,
191,l,31.43,0.08999999999999986,phoneme,0.0,0.0,0.0,0.0,0.0,0.0,0.0,0.0,0.0,0.0,1.0,0.0,0.0,0.0,
192,@,31.52,0.05999999999999872,phoneme,0.0,0.0,1.0,0.0,0.0,0.0,1.0,0.0,0.0,0.0,0.0,0.0,0.0,1.0,
193,s,31.78,0.11999999999999744,phoneme,0.0,0.0,0.0,0.0,0.0,0.0,0.0,0.0,1.0,0.0,0.0,0.0,1.0,0.0,
194,t,31.9,0.08000000000000185,phoneme,0.0,0.0,0.0,0.0,0.0,0.0,0.0,1.0,0.0,0.0,0.0,0.0,1.0,0.0,
195,y,31.98,0.120000000000001,phoneme,0.0,1.0,0.0,0.0,0.0,0.0,1.0,0.0,0.0,0.0,0.0,0.0,0.0,1.0,
196,p,32.1,0.07000000000000028,phoneme,0.0,0.0,0.0,1.0,0.0,0.0,0.0,1.0,0.0,0.0,0.0,0.0,1.0,0.0,
197,e,32.17,0.10000000000000142,phoneme,0.0,0.0,1.0,0.0,0.0,0.0,1.0,0.0,0.0,0.0,0.0,0.0,0.0,1.0,
198,f,32.27,0.11999999999999744,phoneme,0.0,0.0,0.0,0.0,0.0,0.0,0.0,0.0,1.0,0.0,0.0,0.0,1.0,0.0,
199,E,32.39,0.18999999999999773,phoneme,0.0,0.0,1.0,0.0,0.0,0.0,1.0,0.0,0.0,0.0,0.0,0.0,0.0,1.0,
200,n,33.34,0.06999999999999318,phoneme,0.0,0.0,0.0,0.0,0.0,0.0,0.0,0.0,0.0,1.0,0.0,0.0,0.0,0.0,
201,u,33.41,0.12000000000000455,phoneme,0.0,1.0,0.0,0.0,0.0,0.0,1.0,0.0,0.0,0.0,0.0,0.0,0.0,1.0,
202,s,33.53,0.11999999999999744,phoneme,0.0,0.0,0.0,0.0,0.0,0.0,0.0,0.0,1.0,0.0,0.0,0.0,1.0,0.0,
203,O,33.65,0.07000000000000028,phoneme,0.0,0.0,1.0,0.0,0.0,0.0,1.0,0.0,0.0,0.0,0.0,0.0,0.0,1.0,
204,m,33.72,0.07000000000000028,phoneme,0.0,0.0,0.0,1.0,0.0,0.0,0.0,0.0,0.0,1.0,0.0,0.0,0.0,0.0,
205,d,33.79,0.07000000000000028,phoneme,0.0,0.0,0.0,0.0,0.0,0.0,0.0,1.0,0.0,0.0,0.0,0.0,1.0,1.0,
206,e,33.86,0.09000000000000341,phoneme,0.0,0.0,1.0,0.0,0.0,0.0,1.0,0.0,0.0,0.0,0.0,0.0,0.0,1.0,
207,R,33.95,0.0799999999999983,phoneme,0.0,0.0,0.0,0.0,0.0,0.0,0.0,0.0,0.0,0.0,0.0,1.0,0.0,0.0,
208,o,34.03,0.44999999999999574,phoneme,0.0,0.0,1.0,0.0,0.0,0.0,1.0,0.0,0.0,0.0,0.0,0.0,0.0,1.0,
209,z,34.48,0.1700000000000017,phoneme,0.0,0.0,0.0,0.0,0.0,0.0,0.0,0.0,1.0,0.0,0.0,0.0,1.0,1.0,
210,d,35.25,0.03999999999999915,phoneme,0.0,0.0,0.0,0.0,0.0,0.0,0.0,1.0,0.0,0.0,0.0,0.0,1.0,1.0,
211,i,35.29,0.14000000000000057,phoneme,0.0,1.0,0.0,0.0,0.0,0.0,1.0,0.0,0.0,0.0,0.0,0.0,0.0,1.0,
212,R,35.43,0.030000000000001137,phoneme,0.0,0.0,0.0,0.0,0.0,0.0,0.0,0.0,0.0,0.0,0.0,1.0,0.0,0.0,
213,l,35.46,0.03999999999999915,phoneme,0.0,0.0,0.0,0.0,0.0,0.0,0.0,0.0,0.0,0.0,1.0,0.0,0.0,0.0,
214,e,35.5,0.14000000000000057,phoneme,0.0,0.0,1.0,0.0,0.0,0.0,1.0,0.0,0.0,0.0,0.0,0.0,0.0,1.0,
215,R,35.64,0.030000000000001137,phoneme,0.0,0.0,0.0,0.0,0.0,0.0,0.0,0.0,0.0,0.0,0.0,1.0,0.0,0.0,
216,o,35.67,0.259999999999998,phoneme,0.0,0.0,1.0,0.0,0.0,0.0,1.0,0.0,0.0,0.0,0.0,0.0,0.0,1.0,
217,z,35.93,0.18999999999999773,phoneme,0.0,0.0,0.0,0.0,0.0,0.0,0.0,0.0,1.0,0.0,0.0,0.0,1.0,1.0,
218,a,37.16,0.20000000000000284,phoneme,1.0,0.0,0.0,0.0,0.0,0.0,1.0,0.0,0.0,0.0,0.0,0.0,0.0,1.0,
219,f,37.87,0.12000000000000455,phoneme,0.0,0.0,0.0,0.0,0.0,0.0,0.0,0.0,1.0,0.0,0.0,0.0,1.0,0.0,
220,i,37.99,0.0799999999999983,phoneme,0.0,1.0,0.0,0.0,0.0,0.0,1.0,0.0,0.0,0.0,0.0,0.0,0.0,1.0,
221,l,38.07,0.030000000000001137,phoneme,0.0,0.0,0.0,0.0,0.0,0.0,0.0,0.0,0.0,0.0,1.0,0.0,0.0,0.0,
222,@,38.1,0.07000000000000028,phoneme,0.0,0.0,1.0,0.0,0.0,0.0,1.0,0.0,0.0,0.0,0.0,0.0,0.0,1.0,
223,p,38.17,0.0799999999999983,phoneme,0.0,0.0,0.0,1.0,0.0,0.0,0.0,1.0,0.0,0.0,0.0,0.0,1.0,0.0,
224,@,38.25,0.07000000000000028,phoneme,0.0,0.0,1.0,0.0,0.0,0.0,1.0,0.0,0.0,0.0,0.0,0.0,0.0,1.0,
225,t,38.32,0.0899999999999963,phoneme,0.0,0.0,0.0,0.0,0.0,0.0,0.0,1.0,0.0,0.0,0.0,0.0,1.0,0.0,
226,i,38.41,0.060000000000002274,phoneme,0.0,1.0,0.0,0.0,0.0,0.0,1.0,0.0,0.0,0.0,0.0,0.0,0.0,1.0,
227,p,38.47,0.060000000000002274,phoneme,0.0,0.0,0.0,1.0,0.0,0.0,0.0,1.0,0.0,0.0,0.0,0.0,1.0,0.0,
228,R,38.53,0.0799999999999983,phoneme,0.0,0.0,0.0,0.0,0.0,0.0,0.0,0.0,0.0,0.0,0.0,1.0,0.0,0.0,
229,e~,38.61,0.17999999999999972,phoneme,0.0,0.0,1.0,0.0,0.0,0.0,1.0,0.0,0.0,1.0,0.0,0.0,0.0,1.0,
230,s,38.79,0.28999999999999915,phoneme,0.0,0.0,0.0,0.0,0.0,0.0,0.0,0.0,1.0,0.0,0.0,0.0,1.0,0.0,
231,e,39.75,0.06498899999999708,phoneme,0.0,0.0,1.0,0.0,0.0,0.0,1.0,0.0,0.0,0.0,0.0,0.0,0.0,1.0,
232,i,39.814989,0.11498800000000386,phoneme,0.0,1.0,0.0,0.0,0.0,0.0,1.0,0.0,0.0,0.0,0.0,0.0,0.0,1.0,
233,l,39.929977,0.08002299999999707,phoneme,0.0,0.0,0.0,0.0,0.0,0.0,0.0,0.0,0.0,0.0,1.0,0.0,0.0,0.0,
234,s,40.01,0.14999999999999858,phoneme,0.0,0.0,0.0,0.0,0.0,0.0,0.0,0.0,1.0,0.0,0.0,0.0,1.0,0.0,
235,@,40.16,0.07000000000000028,phoneme,0.0,0.0,1.0,0.0,0.0,0.0,1.0,0.0,0.0,0.0,0.0,0.0,0.0,1.0,
236,s,40.23,0.12000000000000455,phoneme,0.0,0.0,0.0,0.0,0.0,0.0,0.0,0.0,1.0,0.0,0.0,0.0,1.0,0.0,
237,a~,40.35,0.11999999999999744,phoneme,1.0,0.0,0.0,0.0,0.0,0.0,1.0,0.0,0.0,1.0,0.0,0.0,0.0,1.0,
238,t,40.47,0.14999999999999858,phoneme,0.0,0.0,0.0,0.0,0.0,0.0,0.0,1.0,0.0,0.0,0.0,0.0,1.0,0.0,
239,i,40.62,0.1600000000000037,phoneme,0.0,1.0,0.0,0.0,0.0,0.0,1.0,0.0,0.0,0.0,0.0,0.0,0.0,1.0,
240,t,40.78,0.21000000000000085,phoneme,0.0,0.0,0.0,0.0,0.0,0.0,0.0,1.0,0.0,0.0,0.0,0.0,1.0,0.0,
241,R,40.99,0.10000000000000142,phoneme,0.0,0.0,0.0,0.0,0.0,0.0,0.0,0.0,0.0,0.0,0.0,1.0,0.0,0.0,
242,E,41.09,0.18498899999999452,phoneme,0.0,0.0,1.0,0.0,0.0,0.0,1.0,0.0,0.0,0.0,0.0,0.0,0.0,1.0,
243,m,41.274989,0.07498800000000472,phoneme,0.0,0.0,0.0,1.0,0.0,0.0,0.0,0.0,0.0,1.0,0.0,0.0,0.0,0.0,
244,a,41.349977,0.09002299999999508,phoneme,1.0,0.0,0.0,0.0,0.0,0.0,1.0,0.0,0.0,0.0,0.0,0.0,0.0,1.0,
245,l,41.44,0.03999999999999915,phoneme,0.0,0.0,0.0,0.0,0.0,0.0,0.0,0.0,0.0,0.0,1.0,0.0,0.0,0.0,
246,2,41.48,0.060000000000002274,phoneme,0.0,0.0,1.0,0.0,0.0,0.0,1.0,0.0,0.0,0.0,0.0,0.0,0.0,1.0,
247,R,41.54,0.17999999999999972,phoneme,0.0,0.0,0.0,0.0,0.0,0.0,0.0,0.0,0.0,0.0,0.0,1.0,0.0,0.0,
248,2,41.72,0.14000000000000057,phoneme,0.0,0.0,1.0,0.0,0.0,0.0,1.0,0.0,0.0,0.0,0.0,0.0,0.0,1.0,
249,s,42.55,0.15000000000000568,phoneme,0.0,0.0,0.0,0.0,0.0,0.0,0.0,0.0,1.0,0.0,0.0,0.0,1.0,0.0,
250,a,42.7,0.09999999999999432,phoneme,1.0,0.0,0.0,0.0,0.0,0.0,1.0,0.0,0.0,0.0,0.0,0.0,0.0,1.0,
251,f,42.8,0.13000000000000256,phoneme,0.0,0.0,0.0,0.0,0.0,0.0,0.0,0.0,1.0,0.0,0.0,0.0,1.0,0.0,
252,l,42.93,0.060000000000002274,phoneme,0.0,0.0,0.0,0.0,0.0,0.0,0.0,0.0,0.0,0.0,1.0,0.0,0.0,0.0,
253,9,42.99,0.0899999999999963,phoneme,0.0,0.0,1.0,0.0,0.0,0.0,1.0,0.0,0.0,0.0,0.0,0.0,0.0,1.0,
254,R,43.08,0.0799999999999983,phoneme,0.0,0.0,0.0,0.0,0.0,0.0,0.0,0.0,0.0,0.0,0.0,1.0,0.0,0.0,
255,l,43.16,0.0800000000000054,phoneme,0.0,0.0,0.0,0.0,0.0,0.0,0.0,0.0,0.0,0.0,1.0,0.0,0.0,0.0,
256,H,43.24,0.04999999999999716,phoneme,0.0,0.0,0.0,1.0,0.0,0.0,0.0,0.0,0.0,0.0,1.0,0.0,0.0,0.0,
257,i,43.29,0.0799999999999983,phoneme,0.0,1.0,0.0,0.0,0.0,0.0,1.0,0.0,0.0,0.0,0.0,0.0,0.0,1.0,
258,a,43.37,0.07000000000000028,phoneme,1.0,0.0,0.0,0.0,0.0,0.0,1.0,0.0,0.0,0.0,0.0,0.0,0.0,1.0,
259,v,43.44,0.030000000000001137,phoneme,0.0,0.0,0.0,0.0,0.0,0.0,0.0,0.0,1.0,0.0,0.0,0.0,1.0,1.0,
260,E,43.47,0.10000000000000142,phoneme,0.0,0.0,1.0,0.0,0.0,0.0,1.0,0.0,0.0,0.0,0.0,0.0,0.0,1.0,
261,R,43.57,0.03999999999999915,phoneme,0.0,0.0,0.0,0.0,0.0,0.0,0.0,0.0,0.0,0.0,0.0,1.0,0.0,0.0,
262,a,43.61,0.09000000000000341,phoneme,1.0,0.0,0.0,0.0,0.0,0.0,1.0,0.0,0.0,0.0,0.0,0.0,0.0,1.0,
263,k,43.7,0.0899999999999963,phoneme,0.0,0.0,0.0,0.0,0.0,1.0,0.0,1.0,0.0,0.0,0.0,0.0,1.0,0.0,
264,o~,43.79,0.0799999999999983,phoneme,0.0,0.0,1.0,0.0,0.0,0.0,1.0,0.0,0.0,1.0,0.0,0.0,0.0,1.0,
265,t,43.87,0.13000000000000256,phoneme,0.0,0.0,0.0,0.0,0.0,0.0,0.0,1.0,0.0,0.0,0.0,0.0,1.0,0.0,
266,e,44.0,0.07000000000000028,phoneme,0.0,0.0,1.0,0.0,0.0,0.0,1.0,0.0,0.0,0.0,0.0,0.0,0.0,1.0,
267,t,44.07,0.0899999999999963,phoneme,0.0,0.0,0.0,0.0,0.0,0.0,0.0,1.0,0.0,0.0,0.0,0.0,1.0,0.0,
268,k,44.16,0.04000000000000625,phoneme,0.0,0.0,0.0,0.0,0.0,1.0,0.0,1.0,0.0,0.0,0.0,0.0,1.0,0.0,
269,E,44.2,0.07000000000000028,phoneme,0.0,0.0,1.0,0.0,0.0,0.0,1.0,0.0,0.0,0.0,0.0,0.0,0.0,1.0,
270,e,44.27,0.09999999999999432,phoneme,0.0,0.0,1.0,0.0,0.0,0.0,1.0,0.0,0.0,0.0,0.0,0.0,0.0,1.0,
271,t,44.37,0.07000000000000028,phoneme,0.0,0.0,0.0,0.0,0.0,0.0,0.0,1.0,0.0,0.0,0.0,0.0,1.0,0.0,
272,E,44.44,0.09000000000000341,phoneme,0.0,0.0,1.0,0.0,0.0,0.0,1.0,0.0,0.0,0.0,0.0,0.0,0.0,1.0,
273,s,44.53,0.17999999999999972,phoneme,0.0,0.0,0.0,0.0,0.0,0.0,0.0,0.0,1.0,0.0,0.0,0.0,1.0,0.0,
274,9,44.71,0.0899999999999963,phoneme,0.0,0.0,1.0,0.0,0.0,0.0,1.0,0.0,0.0,0.0,0.0,0.0,0.0,1.0,
275,l,44.8,0.10999999999999943,phoneme,0.0,0.0,0.0,0.0,0.0,0.0,0.0,0.0,0.0,0.0,1.0,0.0,0.0,0.0,
276,d,44.91,0.07000000000000028,phoneme,0.0,0.0,0.0,0.0,0.0,0.0,0.0,1.0,0.0,0.0,0.0,0.0,1.0,1.0,
277,s,44.98,0.15000000000000568,phoneme,0.0,0.0,0.0,0.0,0.0,0.0,0.0,0.0,1.0,0.0,0.0,0.0,1.0,0.0,
278,o~,45.13,0.05999999999999517,phoneme,0.0,0.0,1.0,0.0,0.0,0.0,1.0,0.0,0.0,1.0,0.0,0.0,0.0,1.0,
279,n,45.19,0.07000000000000028,phoneme,0.0,0.0,0.0,0.0,0.0,0.0,0.0,0.0,0.0,1.0,0.0,0.0,0.0,0.0,
280,E,45.26,0.05000000000000426,phoneme,0.0,0.0,1.0,0.0,0.0,0.0,1.0,0.0,0.0,0.0,0.0,0.0,0.0,1.0,
281,s,45.31,0.12999999999999545,phoneme,0.0,0.0,0.0,0.0,0.0,0.0,0.0,0.0,1.0,0.0,0.0,0.0,1.0,0.0,
282,p,45.44,0.030000000000001137,phoneme,0.0,0.0,0.0,1.0,0.0,0.0,0.0,1.0,0.0,0.0,0.0,0.0,1.0,0.0,
283,E,45.47,0.13000000000000256,phoneme,0.0,0.0,1.0,0.0,0.0,0.0,1.0,0.0,0.0,0.0,0.0,0.0,0.0,1.0,
284,s,45.6,0.07000000000000028,phoneme,0.0,0.0,0.0,0.0,0.0,0.0,0.0,0.0,1.0,0.0,0.0,0.0,1.0,0.0,
285,d,45.67,0.03999999999999915,phoneme,0.0,0.0,0.0,0.0,0.0,0.0,0.0,1.0,0.0,0.0,0.0,0.0,1.0,1.0,
286,a~,45.71,0.10999999999999943,phoneme,1.0,0.0,0.0,0.0,0.0,0.0,1.0,0.0,0.0,1.0,0.0,0.0,0.0,1.0,
287,l,45.82,0.060000000000002274,phoneme,0.0,0.0,0.0,0.0,0.0,0.0,0.0,0.0,0.0,0.0,1.0,0.0,0.0,0.0,
288,y,45.88,0.05999999999999517,phoneme,0.0,1.0,0.0,0.0,0.0,0.0,1.0,0.0,0.0,0.0,0.0,0.0,0.0,1.0,
289,n,45.94,0.0800000000000054,phoneme,0.0,0.0,0.0,0.0,0.0,0.0,0.0,0.0,0.0,1.0,0.0,0.0,0.0,0.0,
290,i,46.02,0.09999999999999432,phoneme,0.0,1.0,0.0,0.0,0.0,0.0,1.0,0.0,0.0,0.0,0.0,0.0,0.0,1.0,
291,v,46.12,0.03999999999999915,phoneme,0.0,0.0,0.0,0.0,0.0,0.0,0.0,0.0,1.0,0.0,0.0,0.0,1.0,1.0,
292,E,46.16,0.28000000000000114,phoneme,0.0,0.0,1.0,0.0,0.0,0.0,1.0,0.0,0.0,0.0,0.0,0.0,0.0,1.0,
293,R,46.44,0.0800000000000054,phoneme,0.0,0.0,0.0,0.0,0.0,0.0,0.0,0.0,0.0,0.0,0.0,1.0,0.0,0.0,
294,e,47.03,0.11999999999999744,phoneme,0.0,0.0,1.0,0.0,0.0,0.0,1.0,0.0,0.0,0.0,0.0,0.0,0.0,1.0,
295,t,47.15,0.030000000000001137,phoneme,0.0,0.0,0.0,0.0,0.0,0.0,0.0,1.0,0.0,0.0,0.0,0.0,1.0,0.0,
296,v,47.18,0.03999999999999915,phoneme,0.0,0.0,0.0,0.0,0.0,0.0,0.0,0.0,1.0,0.0,0.0,0.0,1.0,1.0,
297,w,47.22,0.12000000000000455,phoneme,0.0,0.0,0.0,1.0,0.0,1.0,0.0,0.0,0.0,0.0,1.0,0.0,0.0,0.0,
298,a,47.34,0.04999999999999716,phoneme,1.0,0.0,0.0,0.0,0.0,0.0,1.0,0.0,0.0,0.0,0.0,0.0,0.0,1.0,
299,s,47.39,0.20000000000000284,phoneme,0.0,0.0,0.0,0.0,0.0,0.0,0.0,0.0,1.0,0.0,0.0,0.0,1.0,0.0,
300,i,47.59,0.10999999999999943,phoneme,0.0,1.0,0.0,0.0,0.0,0.0,1.0,0.0,0.0,0.0,0.0,0.0,0.0,1.0,
301,k,47.7,0.11999999999999744,phoneme,0.0,0.0,0.0,0.0,0.0,1.0,0.0,1.0,0.0,0.0,0.0,0.0,1.0,0.0,
302,i,47.82,0.10999999999999943,phoneme,0.0,1.0,0.0,0.0,0.0,0.0,1.0,0.0,0.0,0.0,0.0,0.0,0.0,1.0,
303,a~,47.93,0.09000000000000341,phoneme,1.0,0.0,0.0,0.0,0.0,0.0,1.0,0.0,0.0,1.0,0.0,0.0,0.0,1.0,
304,n,48.02,0.05999999999999517,phoneme,0.0,0.0,0.0,0.0,0.0,0.0,0.0,0.0,0.0,1.0,0.0,0.0,0.0,0.0,
305,e,48.08,0.0799999999999983,phoneme,0.0,0.0,1.0,0.0,0.0,0.0,1.0,0.0,0.0,0.0,0.0,0.0,0.0,1.0,
306,t,48.16,0.12000000000000455,phoneme,0.0,0.0,0.0,0.0,0.0,0.0,0.0,1.0,0.0,0.0,0.0,0.0,1.0,0.0,
307,E,48.28,0.10999999999999943,phoneme,0.0,0.0,1.0,0.0,0.0,0.0,1.0,0.0,0.0,0.0,0.0,0.0,0.0,1.0,
308,s,48.39,0.18999999999999773,phoneme,0.0,0.0,0.0,0.0,0.0,0.0,0.0,0.0,1.0,0.0,0.0,0.0,1.0,0.0,
309,e~,48.58,0.13000000000000256,phoneme,0.0,0.0,1.0,0.0,0.0,0.0,1.0,0.0,0.0,1.0,0.0,0.0,0.0,1.0,
310,k,48.71,0.03999999999999915,phoneme,0.0,0.0,0.0,0.0,0.0,1.0,0.0,1.0,0.0,0.0,0.0,0.0,1.0,0.0,
311,m,48.75,0.03999999999999915,phoneme,0.0,0.0,0.0,1.0,0.0,0.0,0.0,0.0,0.0,1.0,0.0,0.0,0.0,0.0,
312,i,48.79,0.21999999999999886,phoneme,0.0,1.0,0.0,0.0,0.0,0.0,1.0,0.0,0.0,0.0,0.0,0.0,0.0,1.0,
313,l,49.01,0.060000000000002274,phoneme,0.0,0.0,0.0,0.0,0.0,0.0,0.0,0.0,0.0,0.0,1.0,0.0,0.0,0.0,
314,@,49.07,0.0799999999999983,phoneme,0.0,0.0,1.0,0.0,0.0,0.0,1.0,0.0,0.0,0.0,0.0,0.0,0.0,1.0,
315,t,49.41,0.07000000000000028,phoneme,0.0,0.0,0.0,0.0,0.0,0.0,0.0,1.0,0.0,0.0,0.0,0.0,1.0,0.0,
316,u,49.48,0.11000000000000654,phoneme,0.0,1.0,0.0,0.0,0.0,0.0,1.0,0.0,0.0,0.0,0.0,0.0,0.0,1.0,
317,t,49.59,0.0799999999999983,phoneme,0.0,0.0,0.0,0.0,0.0,0.0,0.0,1.0,0.0,0.0,0.0,0.0,1.0,0.0,
318,s,49.67,0.14999999999999858,phoneme,0.0,0.0,0.0,0.0,0.0,0.0,0.0,0.0,1.0,0.0,0.0,0.0,1.0,0.0,
319,a~,49.82,0.13000000000000256,phoneme,1.0,0.0,0.0,0.0,0.0,0.0,1.0,0.0,0.0,1.0,0.0,0.0,0.0,1.0,
320,b,49.95,0.02999999999999403,phoneme,0.0,0.0,0.0,1.0,0.0,0.0,0.0,1.0,0.0,0.0,0.0,0.0,1.0,1.0,
321,l,49.98,0.07000000000000028,phoneme,0.0,0.0,0.0,0.0,0.0,0.0,0.0,0.0,0.0,0.0,1.0,0.0,0.0,0.0,
322,a,50.05,0.17999999999999972,phoneme,1.0,0.0,0.0,0.0,0.0,0.0,1.0,0.0,0.0,0.0,0.0,0.0,0.0,1.0,
323,b,50.23,0.060000000000002274,phoneme,0.0,0.0,0.0,1.0,0.0,0.0,0.0,1.0,0.0,0.0,0.0,0.0,1.0,1.0,
324,l,50.29,0.060000000000002274,phoneme,0.0,0.0,0.0,0.0,0.0,0.0,0.0,0.0,0.0,0.0,1.0,0.0,0.0,0.0,
325,d,50.66,0.0800000000000054,phoneme,0.0,0.0,0.0,0.0,0.0,0.0,0.0,1.0,0.0,0.0,0.0,0.0,1.0,1.0,
326,a~,50.74,0.17999999999999972,phoneme,1.0,0.0,0.0,0.0,0.0,0.0,1.0,0.0,0.0,1.0,0.0,0.0,0.0,1.0,
327,z,50.92,0.14999999999999858,phoneme,0.0,0.0,0.0,0.0,0.0,0.0,0.0,0.0,1.0,0.0,0.0,0.0,1.0,1.0,
328,e~,51.07,0.17999999999999972,phoneme,0.0,0.0,1.0,0.0,0.0,0.0,1.0,0.0,0.0,1.0,0.0,0.0,0.0,1.0,
329,s,51.25,0.21999999999999886,phoneme,0.0,0.0,0.0,0.0,0.0,0.0,0.0,0.0,1.0,0.0,0.0,0.0,1.0,0.0,
330,9,51.47,0.10000000000000142,phoneme,0.0,0.0,1.0,0.0,0.0,0.0,1.0,0.0,0.0,0.0,0.0,0.0,0.0,1.0,
331,l,51.57,0.13000000000000256,phoneme,0.0,0.0,0.0,0.0,0.0,0.0,0.0,0.0,0.0,0.0,1.0,0.0,0.0,0.0,
332,Z,51.7,0.11999999999999744,phoneme,0.0,0.0,0.0,0.0,0.0,0.0,0.0,0.0,1.0,0.0,0.0,0.0,1.0,1.0,
333,a,51.82,0.0899999999999963,phoneme,1.0,0.0,0.0,0.0,0.0,0.0,1.0,0.0,0.0,0.0,0.0,0.0,0.0,1.0,
334,R,51.91,0.11000000000000654,phoneme,0.0,0.0,0.0,0.0,0.0,0.0,0.0,0.0,0.0,0.0,0.0,1.0,0.0,0.0,
335,d,52.02,0.02999999999999403,phoneme,0.0,0.0,0.0,0.0,0.0,0.0,0.0,1.0,0.0,0.0,0.0,0.0,1.0,1.0,
336,9~,52.05,0.17999999999999972,phoneme,0.0,0.0,1.0,0.0,0.0,0.0,1.0,0.0,0.0,1.0,0.0,0.0,0.0,1.0,
337,E,53.39,0.14999999999999858,phoneme,0.0,0.0,1.0,0.0,0.0,0.0,1.0,0.0,0.0,0.0,0.0,0.0,0.0,1.0,
338,s,53.54,0.1600000000000037,phoneme,0.0,0.0,0.0,0.0,0.0,0.0,0.0,0.0,1.0,0.0,0.0,0.0,1.0,0.0,
339,R,53.7,0.0899999999999963,phoneme,0.0,0.0,0.0,0.0,0.0,0.0,0.0,0.0,0.0,0.0,0.0,1.0,0.0,0.0,
340,E,53.79,0.0799999999999983,phoneme,0.0,0.0,1.0,0.0,0.0,0.0,1.0,0.0,0.0,0.0,0.0,0.0,0.0,1.0,
341,t,53.87,0.0800000000000054,phoneme,0.0,0.0,0.0,0.0,0.0,0.0,0.0,1.0,0.0,0.0,0.0,0.0,1.0,0.0,
342,b,53.95,0.02999999999999403,phoneme,0.0,0.0,0.0,1.0,0.0,0.0,0.0,1.0,0.0,0.0,0.0,0.0,1.0,1.0,
343,j,53.98,0.060000000000002274,phoneme,0.0,0.0,0.0,0.0,0.0,0.0,0.0,0.0,0.0,0.0,1.0,0.0,0.0,0.0,
344,e~,54.04,0.10498900000000333,phoneme,0.0,0.0,1.0,0.0,0.0,0.0,1.0,0.0,0.0,1.0,0.0,0.0,0.0,1.0,
345,v,54.144989,0.034987999999998465,phoneme,0.0,0.0,0.0,0.0,0.0,0.0,0.0,0.0,1.0,0.0,0.0,0.0,1.0,1.0,
346,E,54.179977,0.07002299999999906,phoneme,0.0,0.0,1.0,0.0,0.0,0.0,1.0,0.0,0.0,0.0,0.0,0.0,0.0,1.0,
347,k,54.25,0.07000000000000028,phoneme,0.0,0.0,0.0,0.0,0.0,1.0,0.0,1.0,0.0,0.0,0.0,0.0,1.0,0.0,
348,s,54.32,0.1599999999999966,phoneme,0.0,0.0,0.0,0.0,0.0,0.0,0.0,0.0,1.0,0.0,0.0,0.0,1.0,0.0,
349,e,54.48,0.1700000000000017,phoneme,0.0,0.0,1.0,0.0,0.0,0.0,1.0,0.0,0.0,0.0,0.0,0.0,0.0,1.0,
350,s,54.82,0.14000000000000057,phoneme,0.0,0.0,0.0,0.0,0.0,0.0,0.0,0.0,1.0,0.0,0.0,0.0,1.0,0.0,
351,@,54.96,0.03999999999999915,phoneme,0.0,0.0,1.0,0.0,0.0,0.0,1.0,0.0,0.0,0.0,0.0,0.0,0.0,1.0,
352,d,55.0,0.0799999999999983,phoneme,0.0,0.0,0.0,0.0,0.0,0.0,0.0,1.0,0.0,0.0,0.0,0.0,1.0,1.0,
353,i,55.08,0.13000000000000256,phoneme,0.0,1.0,0.0,0.0,0.0,0.0,1.0,0.0,0.0,0.0,0.0,0.0,0.0,1.0,
354,i,55.21,0.17999999999999972,phoneme,0.0,1.0,0.0,0.0,0.0,0.0,1.0,0.0,0.0,0.0,0.0,0.0,0.0,1.0,
355,l,55.39,0.0799999999999983,phoneme,0.0,0.0,0.0,0.0,0.0,0.0,0.0,0.0,0.0,0.0,1.0,0.0,0.0,0.0,
356,@,55.47,0.07000000000000028,phoneme,0.0,0.0,1.0,0.0,0.0,0.0,1.0,0.0,0.0,0.0,0.0,0.0,0.0,1.0,
357,s,56.05,0.1600000000000037,phoneme,0.0,0.0,0.0,0.0,0.0,0.0,0.0,0.0,1.0,0.0,0.0,0.0,1.0,0.0,
358,i,56.21,0.030000000000001137,phoneme,0.0,1.0,0.0,0.0,0.0,0.0,1.0,0.0,0.0,0.0,0.0,0.0,0.0,1.0,
359,E,56.24,0.07000000000000028,phoneme,0.0,0.0,1.0,0.0,0.0,0.0,1.0,0.0,0.0,0.0,0.0,0.0,0.0,1.0,
360,l,56.31,0.030000000000001137,phoneme,0.0,0.0,0.0,0.0,0.0,0.0,0.0,0.0,0.0,0.0,1.0,0.0,0.0,0.0,
361,@,56.34,0.04999999999999716,phoneme,0.0,0.0,1.0,0.0,0.0,0.0,1.0,0.0,0.0,0.0,0.0,0.0,0.0,1.0,
362,v,56.39,0.03999999999999915,phoneme,0.0,0.0,0.0,0.0,0.0,0.0,0.0,0.0,1.0,0.0,0.0,0.0,1.0,1.0,
363,w,56.43,0.04999999999999716,phoneme,0.0,0.0,0.0,1.0,0.0,1.0,0.0,0.0,0.0,0.0,1.0,0.0,0.0,0.0,
364,a,56.48,0.030000000000001137,phoneme,1.0,0.0,0.0,0.0,0.0,0.0,1.0,0.0,0.0,0.0,0.0,0.0,0.0,1.0,
365,j,56.51,0.14000000000000057,phoneme,0.0,0.0,0.0,0.0,0.0,0.0,0.0,0.0,0.0,0.0,1.0,0.0,0.0,0.0,
366,E,56.65,0.03999999999999915,phoneme,0.0,0.0,1.0,0.0,0.0,0.0,1.0,0.0,0.0,0.0,0.0,0.0,0.0,1.0,
367,s,56.69,0.17999999999999972,phoneme,0.0,0.0,0.0,0.0,0.0,0.0,0.0,0.0,1.0,0.0,0.0,0.0,1.0,0.0,
368,a,56.87,0.10999999999999943,phoneme,1.0,0.0,0.0,0.0,0.0,0.0,1.0,0.0,0.0,0.0,0.0,0.0,0.0,1.0,
369,E,57.63,0.14000000000000057,phoneme,0.0,0.0,1.0,0.0,0.0,0.0,1.0,0.0,0.0,0.0,0.0,0.0,0.0,1.0,
370,t,57.77,0.10999999999999943,phoneme,0.0,0.0,0.0,0.0,0.0,0.0,0.0,1.0,0.0,0.0,0.0,0.0,1.0,0.0,
371,u,57.88,0.0899999999999963,phoneme,0.0,1.0,0.0,0.0,0.0,0.0,1.0,0.0,0.0,0.0,0.0,0.0,0.0,1.0,
372,s,57.97,0.14000000000000057,phoneme,0.0,0.0,0.0,0.0,0.0,0.0,0.0,0.0,1.0,0.0,0.0,0.0,1.0,0.0,
373,R,58.11,0.04999999999999716,phoneme,0.0,0.0,0.0,0.0,0.0,0.0,0.0,0.0,0.0,0.0,0.0,1.0,0.0,0.0,
374,E,58.16,0.1600000000000037,phoneme,0.0,0.0,1.0,0.0,0.0,0.0,1.0,0.0,0.0,0.0,0.0,0.0,0.0,1.0,
375,t,58.32,0.07000000000000028,phoneme,0.0,0.0,0.0,0.0,0.0,0.0,0.0,1.0,0.0,0.0,0.0,0.0,1.0,0.0,
376,e,58.39,0.14999999999999858,phoneme,0.0,0.0,1.0,0.0,0.0,0.0,1.0,0.0,0.0,0.0,0.0,0.0,0.0,1.0,
377,n,58.54,0.10000000000000142,phoneme,0.0,0.0,0.0,0.0,0.0,0.0,0.0,0.0,0.0,1.0,0.0,0.0,0.0,0.0,
378,O,58.64,0.04999999999999716,phoneme,0.0,0.0,1.0,0.0,0.0,0.0,1.0,0.0,0.0,0.0,0.0,0.0,0.0,1.0,
379,R,58.69,0.060000000000002274,phoneme,0.0,0.0,0.0,0.0,0.0,0.0,0.0,0.0,0.0,0.0,0.0,1.0,0.0,0.0,
380,m,58.75,0.07000000000000028,phoneme,0.0,0.0,0.0,1.0,0.0,0.0,0.0,0.0,0.0,1.0,0.0,0.0,0.0,0.0,
381,e,58.82,0.0799999999999983,phoneme,0.0,0.0,1.0,0.0,0.0,0.0,1.0,0.0,0.0,0.0,0.0,0.0,0.0,1.0,
382,m,58.9,0.09000000000000341,phoneme,0.0,0.0,0.0,1.0,0.0,0.0,0.0,0.0,0.0,1.0,0.0,0.0,0.0,0.0,
383,a~,58.99,0.10999999999999943,phoneme,1.0,0.0,0.0,0.0,0.0,0.0,1.0,0.0,0.0,1.0,0.0,0.0,0.0,1.0,
384,e,59.1,0.05999999999999517,phoneme,0.0,0.0,1.0,0.0,0.0,0.0,1.0,0.0,0.0,0.0,0.0,0.0,0.0,1.0,
385,f,59.16,0.13000000000000256,phoneme,0.0,0.0,0.0,0.0,0.0,0.0,0.0,0.0,1.0,0.0,0.0,0.0,1.0,0.0,
386,@,59.29,0.060000000000002274,phoneme,0.0,0.0,1.0,0.0,0.0,0.0,1.0,0.0,0.0,0.0,0.0,0.0,0.0,1.0,
387,R,59.35,0.07000000000000028,phoneme,0.0,0.0,0.0,0.0,0.0,0.0,0.0,0.0,0.0,0.0,0.0,1.0,0.0,0.0,
388,E,59.42,0.05999999999999517,phoneme,0.0,0.0,1.0,0.0,0.0,0.0,1.0,0.0,0.0,0.0,0.0,0.0,0.0,1.0,
389,s,59.48,0.13000000000000256,phoneme,0.0,0.0,0.0,0.0,0.0,0.0,0.0,0.0,1.0,0.0,0.0,0.0,1.0,0.0,
390,a~,59.61,0.060000000000002274,phoneme,1.0,0.0,0.0,0.0,0.0,0.0,1.0,0.0,0.0,1.0,0.0,0.0,0.0,1.0,
391,b,59.67,0.0899999999999963,phoneme,0.0,0.0,0.0,1.0,0.0,0.0,0.0,1.0,0.0,0.0,0.0,0.0,1.0,1.0,
392,l,59.76,0.060000000000002274,phoneme,0.0,0.0,0.0,0.0,0.0,0.0,0.0,0.0,0.0,0.0,1.0,0.0,0.0,0.0,
393,a~,59.82,0.10000000000000142,phoneme,1.0,0.0,0.0,0.0,0.0,0.0,1.0,0.0,0.0,1.0,0.0,0.0,0.0,1.0,
394,d,59.92,0.05999999999999517,phoneme,0.0,0.0,0.0,0.0,0.0,0.0,0.0,1.0,0.0,0.0,0.0,0.0,1.0,1.0,
395,@,59.98,0.0849890000000002,phoneme,0.0,0.0,1.0,0.0,0.0,0.0,1.0,0.0,0.0,0.0,0.0,0.0,0.0,1.0,
396,m,60.064989,0.144988000000005,phoneme,0.0,0.0,0.0,1.0,0.0,0.0,0.0,0.0,0.0,1.0,0.0,0.0,0.0,0.0,
397,u,60.209977,0.2000229999999945,phoneme,0.0,1.0,0.0,0.0,0.0,0.0,1.0,0.0,0.0,0.0,0.0,0.0,0.0,1.0,
398,R,60.41,0.04000000000000625,phoneme,0.0,0.0,0.0,0.0,0.0,0.0,0.0,0.0,0.0,0.0,0.0,1.0,0.0,0.0,
399,i,60.45,0.18999999999999773,phoneme,0.0,1.0,0.0,0.0,0.0,0.0,1.0,0.0,0.0,0.0,0.0,0.0,0.0,1.0,
400,R,60.64,0.07000000000000028,phoneme,0.0,0.0,0.0,0.0,0.0,0.0,0.0,0.0,0.0,0.0,0.0,1.0,0.0,0.0,
401,p,60.71,0.0899999999999963,phoneme,0.0,0.0,0.0,1.0,0.0,0.0,0.0,1.0,0.0,0.0,0.0,0.0,1.0,0.0,
402,u,60.8,0.12000000000000455,phoneme,0.0,1.0,0.0,0.0,0.0,0.0,1.0,0.0,0.0,0.0,0.0,0.0,0.0,1.0,
403,R,60.92,0.030000000000001137,phoneme,0.0,0.0,0.0,0.0,0.0,0.0,0.0,0.0,0.0,0.0,0.0,1.0,0.0,0.0,
404,e,60.95,0.03999999999999915,phoneme,0.0,0.0,1.0,0.0,0.0,0.0,1.0,0.0,0.0,0.0,0.0,0.0,0.0,1.0,
405,S,60.99,0.12999999999999545,phoneme,0.0,0.0,0.0,0.0,0.0,0.0,0.0,0.0,1.0,0.0,0.0,0.0,1.0,0.0,
406,a,61.12,0.09000000000000341,phoneme,1.0,0.0,0.0,0.0,0.0,0.0,1.0,0.0,0.0,0.0,0.0,0.0,0.0,1.0,
407,p,61.21,0.0899999999999963,phoneme,0.0,0.0,0.0,1.0,0.0,0.0,0.0,1.0,0.0,0.0,0.0,0.0,1.0,0.0,
408,e,61.3,0.0800000000000054,phoneme,0.0,0.0,1.0,0.0,0.0,0.0,1.0,0.0,0.0,0.0,0.0,0.0,0.0,1.0,
409,o,61.38,0.12999999999999545,phoneme,0.0,0.0,1.0,0.0,0.0,0.0,1.0,0.0,0.0,0.0,0.0,0.0,0.0,1.0,
410,R,61.51,0.0800000000000054,phoneme,0.0,0.0,0.0,0.0,0.0,0.0,0.0,0.0,0.0,0.0,0.0,1.0,0.0,0.0,
411,i,61.59,0.05999999999999517,phoneme,0.0,1.0,0.0,0.0,0.0,0.0,1.0,0.0,0.0,0.0,0.0,0.0,0.0,1.0,
412,d,61.65,0.07000000000000028,phoneme,0.0,0.0,0.0,0.0,0.0,0.0,0.0,1.0,0.0,0.0,0.0,0.0,1.0,1.0,
413,i,61.72,0.09000000000000341,phoneme,0.0,1.0,0.0,0.0,0.0,0.0,1.0,0.0,0.0,0.0,0.0,0.0,0.0,1.0,
414,k,61.81,0.0899999999999963,phoneme,0.0,0.0,0.0,0.0,0.0,1.0,0.0,1.0,0.0,0.0,0.0,0.0,1.0,0.0,
415,y,61.9,0.2700000000000031,phoneme,0.0,1.0,0.0,0.0,0.0,0.0,1.0,0.0,0.0,0.0,0.0,0.0,0.0,1.0,
416,l,62.17,0.04999999999999716,phoneme,0.0,0.0,0.0,0.0,0.0,0.0,0.0,0.0,0.0,0.0,1.0,0.0,0.0,0.0,
417,e,62.71,0.07000000000000028,phoneme,0.0,0.0,1.0,0.0,0.0,0.0,1.0,0.0,0.0,0.0,0.0,0.0,0.0,1.0,
418,S,62.78,0.14000000000000057,phoneme,0.0,0.0,0.0,0.0,0.0,0.0,0.0,0.0,1.0,0.0,0.0,0.0,1.0,0.0,
419,s,62.92,0.1700000000000017,phoneme,0.0,0.0,0.0,0.0,0.0,0.0,0.0,0.0,1.0,0.0,0.0,0.0,1.0,0.0,
420,R,63.09,0.09999999999999432,phoneme,0.0,0.0,0.0,0.0,0.0,0.0,0.0,0.0,0.0,0.0,0.0,1.0,0.0,0.0,
421,E,63.19,0.060000000000002274,phoneme,0.0,0.0,1.0,0.0,0.0,0.0,1.0,0.0,0.0,0.0,0.0,0.0,0.0,1.0,
422,b,63.25,0.03999999999999915,phoneme,0.0,0.0,0.0,1.0,0.0,0.0,0.0,1.0,0.0,0.0,0.0,0.0,1.0,1.0,
423,j,63.29,0.0799999999999983,phoneme,0.0,0.0,0.0,0.0,0.0,0.0,0.0,0.0,0.0,0.0,1.0,0.0,0.0,0.0,
424,e~,63.37,0.09000000000000341,phoneme,0.0,0.0,1.0,0.0,0.0,0.0,1.0,0.0,0.0,1.0,0.0,0.0,0.0,1.0,
425,O,63.51,0.030000000000001137,phoneme,0.0,0.0,1.0,0.0,0.0,0.0,1.0,0.0,0.0,0.0,0.0,0.0,0.0,1.0,
426,b,63.54,0.0799999999999983,phoneme,0.0,0.0,0.0,1.0,0.0,0.0,0.0,1.0,0.0,0.0,0.0,0.0,1.0,1.0,
427,l,63.62,0.030000000000001137,phoneme,0.0,0.0,0.0,0.0,0.0,0.0,0.0,0.0,0.0,0.0,1.0,0.0,0.0,0.0,
428,i,63.65,0.03999999999999915,phoneme,0.0,1.0,0.0,0.0,0.0,0.0,1.0,0.0,0.0,0.0,0.0,0.0,0.0,1.0,
429,Z,63.69,0.10000000000000142,phoneme,0.0,0.0,0.0,0.0,0.0,0.0,0.0,0.0,1.0,0.0,0.0,0.0,1.0,1.0,
430,e,63.79,0.05000000000000426,phoneme,0.0,0.0,1.0,0.0,0.0,0.0,1.0,0.0,0.0,0.0,0.0,0.0,0.0,1.0,
431,d,63.84,0.03999999999999915,phoneme,0.0,0.0,0.0,0.0,0.0,0.0,0.0,1.0,0.0,0.0,0.0,0.0,1.0,1.0,
432,@,63.88,0.06498899999999708,phoneme,0.0,0.0,1.0,0.0,0.0,0.0,1.0,0.0,0.0,0.0,0.0,0.0,0.0,1.0,
433,f,63.944989,0.09498799999999363,phoneme,0.0,0.0,0.0,0.0,0.0,0.0,0.0,0.0,1.0,0.0,0.0,0.0,1.0,0.0,
434,E,64.039977,0.06002300000000105,phoneme,0.0,0.0,1.0,0.0,0.0,0.0,1.0,0.0,0.0,0.0,0.0,0.0,0.0,1.0,
435,R,64.1,0.05000000000001137,phoneme,0.0,0.0,0.0,0.0,0.0,0.0,0.0,0.0,0.0,0.0,0.0,1.0,0.0,0.0,
436,s,64.15,0.14000000000000057,phoneme,0.0,0.0,0.0,0.0,0.0,0.0,0.0,0.0,1.0,0.0,0.0,0.0,1.0,0.0,
437,a~,64.29,0.10999999999999943,phoneme,1.0,0.0,0.0,0.0,0.0,0.0,1.0,0.0,0.0,1.0,0.0,0.0,0.0,1.0,
438,b,64.4,0.03999999999999204,phoneme,0.0,0.0,0.0,1.0,0.0,0.0,0.0,1.0,0.0,0.0,0.0,0.0,1.0,1.0,
439,l,64.44,0.07000000000000739,phoneme,0.0,0.0,0.0,0.0,0.0,0.0,0.0,0.0,0.0,0.0,1.0,0.0,0.0,0.0,
440,a~,64.51,0.11999999999999034,phoneme,1.0,0.0,0.0,0.0,0.0,0.0,1.0,0.0,0.0,1.0,0.0,0.0,0.0,1.0,
441,d,64.63,0.060000000000002274,phoneme,0.0,0.0,0.0,0.0,0.0,0.0,0.0,1.0,0.0,0.0,0.0,0.0,1.0,1.0,
442,@,64.69,0.030000000000001137,phoneme,0.0,0.0,1.0,0.0,0.0,0.0,1.0,0.0,0.0,0.0,0.0,0.0,0.0,1.0,
443,l,64.72,0.060000000000002274,phoneme,0.0,0.0,0.0,0.0,0.0,0.0,0.0,0.0,0.0,0.0,1.0,0.0,0.0,0.0,
444,a,64.78,0.0799999999999983,phoneme,1.0,0.0,0.0,0.0,0.0,0.0,1.0,0.0,0.0,0.0,0.0,0.0,0.0,1.0,
445,s,64.86,0.14000000000000057,phoneme,0.0,0.0,0.0,0.0,0.0,0.0,0.0,0.0,1.0,0.0,0.0,0.0,1.0,0.0,
446,w,65.0,0.06999999999999318,phoneme,0.0,0.0,0.0,1.0,0.0,1.0,0.0,0.0,0.0,0.0,1.0,0.0,0.0,0.0,
447,a,65.07,0.030000000000001137,phoneme,1.0,0.0,0.0,0.0,0.0,0.0,1.0,0.0,0.0,0.0,0.0,0.0,0.0,1.0,
448,J,65.1,0.1600000000000108,phoneme,0.0,0.0,0.0,0.0,0.0,0.0,0.0,0.0,0.0,1.0,0.0,0.0,0.0,0.0,
449,e,65.26,0.1700000000000017,phoneme,0.0,0.0,1.0,0.0,0.0,0.0,1.0,0.0,0.0,0.0,0.0,0.0,0.0,1.0,
450,k,65.73,0.0799999999999983,phoneme,0.0,0.0,0.0,0.0,0.0,1.0,0.0,1.0,0.0,0.0,0.0,0.0,1.0,0.0,
451,a,65.81,0.14999999999999147,phoneme,1.0,0.0,0.0,0.0,0.0,0.0,1.0,0.0,0.0,0.0,0.0,0.0,0.0,1.0,
452,R,65.96,0.15000000000000568,phoneme,0.0,0.0,0.0,0.0,0.0,0.0,0.0,0.0,0.0,0.0,0.0,1.0,0.0,0.0,
453,s,66.26,0.1599999999999966,phoneme,0.0,0.0,0.0,0.0,0.0,0.0,0.0,0.0,1.0,0.0,0.0,0.0,1.0,0.0,
454,i,66.42,0.06999999999999318,phoneme,0.0,1.0,0.0,0.0,0.0,0.0,1.0,0.0,0.0,0.0,0.0,0.0,0.0,1.0,
455,n,66.49,0.10999999999999943,phoneme,0.0,0.0,0.0,0.0,0.0,0.0,0.0,0.0,0.0,1.0,0.0,0.0,0.0,0.0,
456,o~,66.6,0.1600000000000108,phoneme,0.0,0.0,1.0,0.0,0.0,0.0,1.0,0.0,0.0,1.0,0.0,0.0,0.0,1.0,
457,p,67.11,0.04999999999999716,phoneme,0.0,0.0,0.0,1.0,0.0,0.0,0.0,1.0,0.0,0.0,0.0,0.0,1.0,0.0,
458,u,67.16,0.15000000000000568,phoneme,0.0,1.0,0.0,0.0,0.0,0.0,1.0,0.0,0.0,0.0,0.0,0.0,0.0,1.0,
459,m,67.31,0.060000000000002274,phoneme,0.0,0.0,0.0,1.0,0.0,0.0,0.0,0.0,0.0,1.0,0.0,0.0,0.0,0.0,
460,y,67.37,0.0799999999999983,phoneme,0.0,1.0,0.0,0.0,0.0,0.0,1.0,0.0,0.0,0.0,0.0,0.0,0.0,1.0,
461,m,67.45,0.060000000000002274,phoneme,0.0,0.0,0.0,1.0,0.0,0.0,0.0,0.0,0.0,1.0,0.0,0.0,0.0,0.0,
462,i,67.51,0.09999999999999432,phoneme,0.0,1.0,0.0,0.0,0.0,0.0,1.0,0.0,0.0,0.0,0.0,0.0,0.0,1.0,
463,l,67.61,0.030000000000001137,phoneme,0.0,0.0,0.0,0.0,0.0,0.0,0.0,0.0,0.0,0.0,1.0,0.0,0.0,0.0,
464,i,67.64,0.1799999999999926,phoneme,0.0,1.0,0.0,0.0,0.0,0.0,1.0,0.0,0.0,0.0,0.0,0.0,0.0,1.0,
465,e,67.82,0.04000000000000625,phoneme,0.0,0.0,1.0,0.0,0.0,0.0,1.0,0.0,0.0,0.0,0.0,0.0,0.0,1.0,
466,m,67.93,0.05999999999998806,phoneme,0.0,0.0,0.0,1.0,0.0,0.0,0.0,0.0,0.0,1.0,0.0,0.0,0.0,0.0,
467,w,67.99,0.0799999999999983,phoneme,0.0,0.0,0.0,1.0,0.0,1.0,0.0,0.0,0.0,0.0,1.0,0.0,0.0,0.0,
468,a,68.07,0.07000000000000739,phoneme,1.0,0.0,0.0,0.0,0.0,0.0,1.0,0.0,0.0,0.0,0.0,0.0,0.0,1.0,
469,o,68.14,0.0799999999999983,phoneme,0.0,0.0,1.0,0.0,0.0,0.0,1.0,0.0,0.0,0.0,0.0,0.0,0.0,1.0,
470,s,68.22,0.23000000000000398,phoneme,0.0,0.0,0.0,0.0,0.0,0.0,0.0,0.0,1.0,0.0,0.0,0.0,1.0,0.0,
471,i,68.45,0.03999999999999204,phoneme,0.0,1.0,0.0,0.0,0.0,0.0,1.0,0.0,0.0,0.0,0.0,0.0,0.0,1.0,
472,l,68.49,0.05498900000000617,phoneme,0.0,0.0,0.0,0.0,0.0,0.0,0.0,0.0,0.0,0.0,1.0,0.0,0.0,0.0,
473,s,68.544989,0.08498799999999562,phoneme,0.0,0.0,0.0,0.0,0.0,0.0,0.0,0.0,1.0,0.0,0.0,0.0,1.0,0.0,
474,l,69.0,0.030000000000001137,phoneme,0.0,0.0,0.0,0.0,0.0,0.0,0.0,0.0,0.0,0.0,1.0,0.0,0.0,0.0,
475,E,69.03,0.12999999999999545,phoneme,0.0,0.0,1.0,0.0,0.0,0.0,1.0,0.0,0.0,0.0,0.0,0.0,0.0,1.0,
476,s,69.16,0.10999999999999943,phoneme,0.0,0.0,0.0,0.0,0.0,0.0,0.0,0.0,1.0,0.0,0.0,0.0,1.0,0.0,
477,R,69.27,0.04999999999999716,phoneme,0.0,0.0,0.0,0.0,0.0,0.0,0.0,0.0,0.0,0.0,0.0,1.0,0.0,0.0,
478,E,69.32,0.09000000000000341,phoneme,0.0,0.0,1.0,0.0,0.0,0.0,1.0,0.0,0.0,0.0,0.0,0.0,0.0,1.0,
479,t,69.41,0.04999999999999716,phoneme,0.0,0.0,0.0,0.0,0.0,0.0,0.0,1.0,0.0,0.0,0.0,0.0,1.0,0.0,
480,v,69.46,0.030000000000001137,phoneme,0.0,0.0,0.0,0.0,0.0,0.0,0.0,0.0,1.0,0.0,0.0,0.0,1.0,1.0,
481,R,69.49,0.09000000000000341,phoneme,0.0,0.0,0.0,0.0,0.0,0.0,0.0,0.0,0.0,0.0,0.0,1.0,0.0,0.0,
482,E,69.58,0.04000000000000625,phoneme,0.0,0.0,1.0,0.0,0.0,0.0,1.0,0.0,0.0,0.0,0.0,0.0,0.0,1.0,
483,m,69.62,0.030000000000001137,phoneme,0.0,0.0,0.0,1.0,0.0,0.0,0.0,0.0,0.0,1.0,0.0,0.0,0.0,0.0,
484,a~,69.65,0.03999999999999204,phoneme,1.0,0.0,0.0,0.0,0.0,0.0,1.0,0.0,0.0,1.0,0.0,0.0,0.0,1.0,
485,m,69.69,0.060000000000002274,phoneme,0.0,0.0,0.0,1.0,0.0,0.0,0.0,0.0,0.0,1.0,0.0,0.0,0.0,0.0,
486,u,69.75,0.0799999999999983,phoneme,0.0,1.0,0.0,0.0,0.0,0.0,1.0,0.0,0.0,0.0,0.0,0.0,0.0,1.0,
487,R,69.83,0.030000000000001137,phoneme,0.0,0.0,0.0,0.0,0.0,0.0,0.0,0.0,0.0,0.0,0.0,1.0,0.0,0.0,
488,i,69.86,0.030000000000001137,phoneme,0.0,1.0,0.0,0.0,0.0,0.0,1.0,0.0,0.0,0.0,0.0,0.0,0.0,1.0,
489,R,69.89,0.030000000000001137,phoneme,0.0,0.0,0.0,0.0,0.0,0.0,0.0,0.0,0.0,0.0,0.0,1.0,0.0,0.0,
490,s,69.92,0.030000000000001137,phoneme,0.0,0.0,0.0,0.0,0.0,0.0,0.0,0.0,1.0,0.0,0.0,0.0,1.0,0.0,
491,E,69.95,0.030000000000001137,phoneme,0.0,0.0,1.0,0.0,0.0,0.0,1.0,0.0,0.0,0.0,0.0,0.0,0.0,1.0,
492,t,69.98,0.030000000000001137,phoneme,0.0,0.0,0.0,0.0,0.0,0.0,0.0,1.0,0.0,0.0,0.0,0.0,1.0,0.0,
493,p,70.01,0.030000000000001137,phoneme,0.0,0.0,0.0,1.0,0.0,0.0,0.0,1.0,0.0,0.0,0.0,0.0,1.0,0.0,
494,l,70.04,0.03999999999999204,phoneme,0.0,0.0,0.0,0.0,0.0,0.0,0.0,0.0,0.0,0.0,1.0,0.0,0.0,0.0,
495,a,70.08,0.04999999999999716,phoneme,1.0,0.0,0.0,0.0,0.0,0.0,1.0,0.0,0.0,0.0,0.0,0.0,0.0,1.0,
496,n,70.13,0.030000000000001137,phoneme,0.0,0.0,0.0,0.0,0.0,0.0,0.0,0.0,0.0,1.0,0.0,0.0,0.0,0.0,
497,E,70.16,0.04999999999999716,phoneme,0.0,0.0,1.0,0.0,0.0,0.0,1.0,0.0,0.0,0.0,0.0,0.0,0.0,1.0,
498,t,70.21,0.04000000000000625,phoneme,0.0,0.0,0.0,0.0,0.0,0.0,0.0,1.0,0.0,0.0,0.0,0.0,1.0,0.0,
499,E,70.25,0.030000000000001137,phoneme,0.0,0.0,1.0,0.0,0.0,0.0,1.0,0.0,0.0,0.0,0.0,0.0,0.0,1.0,
500,t,70.28,0.030000000000001137,phoneme,0.0,0.0,0.0,0.0,0.0,0.0,0.0,1.0,0.0,0.0,0.0,0.0,1.0,0.0,
501,u,70.31,0.12000000000000455,phoneme,0.0,1.0,0.0,0.0,0.0,0.0,1.0,0.0,0.0,0.0,0.0,0.0,0.0,1.0,
502,t,70.43,0.029999999999986926,phoneme,0.0,0.0,0.0,0.0,0.0,0.0,0.0,1.0,0.0,0.0,0.0,0.0,1.0,0.0,
503,s,70.46,0.030000000000001137,phoneme,0.0,0.0,0.0,0.0,0.0,0.0,0.0,0.0,1.0,0.0,0.0,0.0,1.0,0.0,
504,E,70.49,0.030000000000001137,phoneme,0.0,0.0,1.0,0.0,0.0,0.0,1.0,0.0,0.0,0.0,0.0,0.0,0.0,1.0,
505,S,70.52,0.030000000000001137,phoneme,0.0,0.0,0.0,0.0,0.0,0.0,0.0,0.0,1.0,0.0,0.0,0.0,1.0,0.0,
506,e,70.55,0.12000000000000455,phoneme,0.0,0.0,1.0,0.0,0.0,0.0,1.0,0.0,0.0,0.0,0.0,0.0,0.0,1.0,
507,t,70.67,0.09999999999999432,phoneme,0.0,0.0,0.0,0.0,0.0,0.0,0.0,1.0,0.0,0.0,0.0,0.0,1.0,0.0,
508,u,70.77,0.030000000000001137,phoneme,0.0,1.0,0.0,0.0,0.0,0.0,1.0,0.0,0.0,0.0,0.0,0.0,0.0,1.0,
509,t,70.8,0.030000000000001137,phoneme,0.0,0.0,0.0,0.0,0.0,0.0,0.0,1.0,0.0,0.0,0.0,0.0,1.0,0.0,
510,p,71.71,0.07000000000000739,phoneme,0.0,0.0,0.0,1.0,0.0,0.0,0.0,1.0,0.0,0.0,0.0,0.0,1.0,0.0,
511,w,71.78,0.03999999999999204,phoneme,0.0,0.0,0.0,1.0,0.0,1.0,0.0,0.0,0.0,0.0,1.0,0.0,0.0,0.0,
512,e~,71.82,0.0800000000000125,phoneme,0.0,0.0,1.0,0.0,0.0,0.0,1.0,0.0,0.0,1.0,0.0,0.0,0.0,1.0,
513,t,71.9,0.04999999999999716,phoneme,0.0,0.0,0.0,0.0,0.0,0.0,0.0,1.0,0.0,0.0,0.0,0.0,1.0,0.0,
514,e,71.95,0.06999999999999318,phoneme,0.0,0.0,1.0,0.0,0.0,0.0,1.0,0.0,0.0,0.0,0.0,0.0,0.0,1.0,
515,t,72.02,0.030000000000001137,phoneme,0.0,0.0,0.0,0.0,0.0,0.0,0.0,1.0,0.0,0.0,0.0,0.0,1.0,0.0,
516,u,72.05,0.030000000000001137,phoneme,0.0,1.0,0.0,0.0,0.0,0.0,1.0,0.0,0.0,0.0,0.0,0.0,0.0,1.0,
517,t,72.08,0.030000000000001137,phoneme,0.0,0.0,0.0,0.0,0.0,0.0,0.0,1.0,0.0,0.0,0.0,0.0,1.0,0.0,
518,s,72.11,0.0799999999999983,phoneme,0.0,0.0,0.0,0.0,0.0,0.0,0.0,0.0,1.0,0.0,0.0,0.0,1.0,0.0,
519,a,72.19,0.030000000000001137,phoneme,1.0,0.0,0.0,0.0,0.0,0.0,1.0,0.0,0.0,0.0,0.0,0.0,0.0,1.0,
520,l,72.22,0.030000000000001137,phoneme,0.0,0.0,0.0,0.0,0.0,0.0,0.0,0.0,0.0,0.0,1.0,0.0,0.0,0.0,
521,e,72.25,0.030000000000001137,phoneme,0.0,0.0,1.0,0.0,0.0,0.0,1.0,0.0,0.0,0.0,0.0,0.0,0.0,1.0,
522,p,72.28,0.030000000000001137,phoneme,0.0,0.0,0.0,1.0,0.0,0.0,0.0,1.0,0.0,0.0,0.0,0.0,1.0,0.0,
523,H,72.31,0.030000000000001137,phoneme,0.0,0.0,0.0,1.0,0.0,0.0,0.0,0.0,0.0,0.0,1.0,0.0,0.0,0.0,
524,i,72.34,0.030000000000001137,phoneme,0.0,1.0,0.0,0.0,0.0,0.0,1.0,0.0,0.0,0.0,0.0,0.0,0.0,1.0,
525,i,72.37,0.030000000000001137,phoneme,0.0,1.0,0.0,0.0,0.0,0.0,1.0,0.0,0.0,0.0,0.0,0.0,0.0,1.0,
526,s,72.4,0.030000000000001137,phoneme,0.0,0.0,0.0,0.0,0.0,0.0,0.0,0.0,1.0,0.0,0.0,0.0,1.0,0.0,
527,d,72.43,0.029999999999986926,phoneme,0.0,0.0,0.0,0.0,0.0,0.0,0.0,1.0,0.0,0.0,0.0,0.0,1.0,1.0,
528,i,72.46,0.030000000000001137,phoneme,0.0,1.0,0.0,0.0,0.0,0.0,1.0,0.0,0.0,0.0,0.0,0.0,0.0,1.0,
529,a~,72.49,0.10000000000000853,phoneme,1.0,0.0,0.0,0.0,0.0,0.0,1.0,0.0,0.0,1.0,0.0,0.0,0.0,1.0,
530,k,72.59,0.0799999999999983,phoneme,0.0,0.0,0.0,0.0,0.0,1.0,0.0,1.0,0.0,0.0,0.0,0.0,1.0,0.0,
531,O,72.67,0.20999999999999375,phoneme,0.0,0.0,1.0,0.0,0.0,0.0,1.0,0.0,0.0,0.0,0.0,0.0,0.0,1.0,
532,R,72.88,0.18000000000000682,phoneme,0.0,0.0,0.0,0.0,0.0,0.0,0.0,0.0,0.0,0.0,0.0,1.0,0.0,0.0,
533,Z,73.68,0.12999999999999545,phoneme,0.0,0.0,0.0,0.0,0.0,0.0,0.0,0.0,1.0,0.0,0.0,0.0,1.0,1.0,
534,@,73.81,0.09000000000000341,phoneme,0.0,0.0,1.0,0.0,0.0,0.0,1.0,0.0,0.0,0.0,0.0,0.0,0.0,1.0,
535,m,73.9,0.05999999999998806,phoneme,0.0,0.0,0.0,1.0,0.0,0.0,0.0,0.0,0.0,1.0,0.0,0.0,0.0,0.0,
536,@,73.96,0.060000000000002274,phoneme,0.0,0.0,1.0,0.0,0.0,0.0,1.0,0.0,0.0,0.0,0.0,0.0,0.0,1.0,
537,k,74.02,0.09000000000000341,phoneme,0.0,0.0,0.0,0.0,0.0,1.0,0.0,1.0,0.0,0.0,0.0,0.0,1.0,0.0,
538,R,74.11,0.07000000000000739,phoneme,0.0,0.0,0.0,0.0,0.0,0.0,0.0,0.0,0.0,0.0,0.0,1.0,0.0,0.0,
539,w,74.18,0.03999999999999204,phoneme,0.0,0.0,0.0,1.0,0.0,1.0,0.0,0.0,0.0,0.0,1.0,0.0,0.0,0.0,
540,a,74.22,0.07000000000000739,phoneme,1.0,0.0,0.0,0.0,0.0,0.0,1.0,0.0,0.0,0.0,0.0,0.0,0.0,1.0,
541,j,74.29,0.0799999999999983,phoneme,0.0,0.0,0.0,0.0,0.0,0.0,0.0,0.0,0.0,0.0,1.0,0.0,0.0,0.0,
542,E,74.37,0.11999999999999034,phoneme,0.0,0.0,1.0,0.0,0.0,0.0,1.0,0.0,0.0,0.0,0.0,0.0,0.0,1.0,
543,t,74.49,0.04000000000000625,phoneme,0.0,0.0,0.0,0.0,0.0,0.0,0.0,1.0,0.0,0.0,0.0,0.0,1.0,0.0,
544,R,74.53,0.03999999999999204,phoneme,0.0,0.0,0.0,0.0,0.0,0.0,0.0,0.0,0.0,0.0,0.0,1.0,0.0,0.0,
545,i,74.57,0.13000000000000966,phoneme,0.0,1.0,0.0,0.0,0.0,0.0,1.0,0.0,0.0,0.0,0.0,0.0,0.0,1.0,
546,S,74.7,0.14000000000000057,phoneme,0.0,0.0,0.0,0.0,0.0,0.0,0.0,0.0,1.0,0.0,0.0,0.0,1.0,0.0,
547,d,74.84,0.030000000000001137,phoneme,0.0,0.0,0.0,0.0,0.0,0.0,0.0,1.0,0.0,0.0,0.0,0.0,1.0,1.0,
548,y,74.87,0.060000000000002274,phoneme,0.0,1.0,0.0,0.0,0.0,0.0,1.0,0.0,0.0,0.0,0.0,0.0,0.0,1.0,
549,n,74.93,0.03999999999999204,phoneme,0.0,0.0,0.0,0.0,0.0,0.0,0.0,0.0,0.0,1.0,0.0,0.0,0.0,0.0,
550,@,74.97,0.07000000000000739,phoneme,0.0,0.0,1.0,0.0,0.0,0.0,1.0,0.0,0.0,0.0,0.0,0.0,0.0,1.0,
551,f,75.04,0.11999999999999034,phoneme,0.0,0.0,0.0,0.0,0.0,0.0,0.0,0.0,1.0,0.0,0.0,0.0,1.0,0.0,
552,l,75.16,0.10000000000000853,phoneme,0.0,0.0,0.0,0.0,0.0,0.0,0.0,0.0,0.0,0.0,1.0,0.0,0.0,0.0,
553,9,75.26,0.0899999999999892,phoneme,0.0,0.0,1.0,0.0,0.0,0.0,1.0,0.0,0.0,0.0,0.0,0.0,0.0,1.0,
554,R,75.35,0.04000000000000625,phoneme,0.0,0.0,0.0,0.0,0.0,0.0,0.0,0.0,0.0,0.0,0.0,1.0,0.0,0.0,
555,y,75.51,0.10999999999999943,phoneme,0.0,1.0,0.0,0.0,0.0,0.0,1.0,0.0,0.0,0.0,0.0,0.0,0.0,1.0,
556,n,75.62,0.09999999999999432,phoneme,0.0,0.0,0.0,0.0,0.0,0.0,0.0,0.0,0.0,1.0,0.0,0.0,0.0,0.0,
557,i,75.72,0.14000000000000057,phoneme,0.0,1.0,0.0,0.0,0.0,0.0,1.0,0.0,0.0,0.0,0.0,0.0,0.0,1.0,
558,k,75.86,0.23000000000000398,phoneme,0.0,0.0,0.0,0.0,0.0,1.0,0.0,1.0,0.0,0.0,0.0,0.0,1.0,0.0,
559,e,76.25,0.09999999999999432,phoneme,0.0,0.0,1.0,0.0,0.0,0.0,1.0,0.0,0.0,0.0,0.0,0.0,0.0,1.0,
560,Z,76.35,0.09000000000000341,phoneme,0.0,0.0,0.0,0.0,0.0,0.0,0.0,0.0,1.0,0.0,0.0,0.0,1.0,1.0,
561,n,76.44,0.10000000000000853,phoneme,0.0,0.0,0.0,0.0,0.0,0.0,0.0,0.0,0.0,1.0,0.0,0.0,0.0,0.0,
562,@,76.54,0.06999999999999318,phoneme,0.0,0.0,1.0,0.0,0.0,0.0,1.0,0.0,0.0,0.0,0.0,0.0,0.0,1.0,
563,p,76.61,0.07000000000000739,phoneme,0.0,0.0,0.0,1.0,0.0,0.0,0.0,1.0,0.0,0.0,0.0,0.0,1.0,0.0,
564,o,76.68,0.0799999999999983,phoneme,0.0,0.0,1.0,0.0,0.0,0.0,1.0,0.0,0.0,0.0,0.0,0.0,0.0,1.0,
565,s,76.76,0.12999999999999545,phoneme,0.0,0.0,0.0,0.0,0.0,0.0,0.0,0.0,1.0,0.0,0.0,0.0,1.0,0.0,
566,E,76.89,0.09999999999999432,phoneme,0.0,0.0,1.0,0.0,0.0,0.0,1.0,0.0,0.0,0.0,0.0,0.0,0.0,1.0,
567,d,76.99,0.04000000000000625,phoneme,0.0,0.0,0.0,0.0,0.0,0.0,0.0,1.0,0.0,0.0,0.0,0.0,1.0,1.0,
568,k,77.03,0.1599999999999966,phoneme,0.0,0.0,0.0,0.0,0.0,1.0,0.0,1.0,0.0,0.0,0.0,0.0,1.0,0.0,
569,y,77.19,0.04000000000000625,phoneme,0.0,1.0,0.0,0.0,0.0,0.0,1.0,0.0,0.0,0.0,0.0,0.0,0.0,1.0,
570,n,77.23,0.06999999999999318,phoneme,0.0,0.0,0.0,0.0,0.0,0.0,0.0,0.0,0.0,1.0,0.0,0.0,0.0,0.0,
571,@,77.3,0.0799999999999983,phoneme,0.0,0.0,1.0,0.0,0.0,0.0,1.0,0.0,0.0,0.0,0.0,0.0,0.0,1.0,
572,R,77.38,0.0799999999999983,phoneme,0.0,0.0,0.0,0.0,0.0,0.0,0.0,0.0,0.0,0.0,0.0,1.0,0.0,0.0,
573,o,77.46,0.1600000000000108,phoneme,0.0,0.0,1.0,0.0,0.0,0.0,1.0,0.0,0.0,0.0,0.0,0.0,0.0,1.0,
574,z,77.62,0.060000000000002274,phoneme,0.0,0.0,0.0,0.0,0.0,0.0,0.0,0.0,1.0,0.0,0.0,0.0,1.0,1.0,
575,O,77.68,0.09999999999999432,phoneme,0.0,0.0,1.0,0.0,0.0,0.0,1.0,0.0,0.0,0.0,0.0,0.0,0.0,1.0,
576,R,77.78,0.060000000000002274,phoneme,0.0,0.0,0.0,0.0,0.0,0.0,0.0,0.0,0.0,0.0,0.0,1.0,0.0,0.0,
577,d,77.84,0.030000000000001137,phoneme,0.0,0.0,0.0,0.0,0.0,0.0,0.0,1.0,0.0,0.0,0.0,0.0,1.0,1.0,
578,i,77.87,0.0899999999999892,phoneme,0.0,1.0,0.0,0.0,0.0,0.0,1.0,0.0,0.0,0.0,0.0,0.0,0.0,1.0,
579,n,77.96,0.0800000000000125,phoneme,0.0,0.0,0.0,0.0,0.0,0.0,0.0,0.0,0.0,1.0,0.0,0.0,0.0,0.0,
580,E,78.04,0.20999999999999375,phoneme,0.0,0.0,1.0,0.0,0.0,0.0,1.0,0.0,0.0,0.0,0.0,0.0,0.0,1.0,
581,R,78.25,0.1599999999999966,phoneme,0.0,0.0,0.0,0.0,0.0,0.0,0.0,0.0,0.0,0.0,0.0,1.0,0.0,0.0,
582,s,79.05,0.20000000000000284,phoneme,0.0,0.0,0.0,0.0,0.0,0.0,0.0,0.0,1.0,0.0,0.0,0.0,1.0,0.0,
583,a,79.25,0.15000000000000568,phoneme,1.0,0.0,0.0,0.0,0.0,0.0,1.0,0.0,0.0,0.0,0.0,0.0,0.0,1.0,
584,e,79.5,0.09000000000000341,phoneme,0.0,0.0,1.0,0.0,0.0,0.0,1.0,0.0,0.0,0.0,0.0,0.0,0.0,1.0,
585,m,79.59,0.09000000000000341,phoneme,0.0,0.0,0.0,1.0,0.0,0.0,0.0,0.0,0.0,1.0,0.0,0.0,0.0,0.0,
586,e,79.68,0.06999999999999318,phoneme,0.0,0.0,1.0,0.0,0.0,0.0,1.0,0.0,0.0,0.0,0.0,0.0,0.0,1.0,
587,t,79.75,0.0799999999999983,phoneme,0.0,0.0,0.0,0.0,0.0,0.0,0.0,1.0,0.0,0.0,0.0,0.0,1.0,0.0,
588,R,79.83,0.0799999999999983,phoneme,0.0,0.0,0.0,0.0,0.0,0.0,0.0,0.0,0.0,0.0,0.0,1.0,0.0,0.0,
589,w,79.91,0.04000000000000625,phoneme,0.0,0.0,0.0,1.0,0.0,1.0,0.0,0.0,0.0,0.0,1.0,0.0,0.0,0.0,
590,a,79.95,0.09999999999999432,phoneme,1.0,0.0,0.0,0.0,0.0,0.0,1.0,0.0,0.0,0.0,0.0,0.0,0.0,1.0,
591,v,80.05,0.030000000000001137,phoneme,0.0,0.0,0.0,0.0,0.0,0.0,0.0,0.0,1.0,0.0,0.0,0.0,1.0,1.0,
592,o,80.08,0.09000000000000341,phoneme,0.0,0.0,1.0,0.0,0.0,0.0,1.0,0.0,0.0,0.0,0.0,0.0,0.0,1.0,
593,l,80.17,0.0799999999999983,phoneme,0.0,0.0,0.0,0.0,0.0,0.0,0.0,0.0,0.0,0.0,1.0,0.0,0.0,0.0,
594,k,80.25,0.10999999999999943,phoneme,0.0,0.0,0.0,0.0,0.0,1.0,0.0,1.0,0.0,0.0,0.0,0.0,1.0,0.0,
595,a~,80.36,0.0799999999999983,phoneme,1.0,0.0,0.0,0.0,0.0,0.0,1.0,0.0,0.0,1.0,0.0,0.0,0.0,1.0,
596,k,80.44,0.12000000000000455,phoneme,0.0,0.0,0.0,0.0,0.0,1.0,0.0,1.0,0.0,0.0,0.0,0.0,1.0,0.0,
597,j,80.56,0.09999999999999432,phoneme,0.0,0.0,0.0,0.0,0.0,0.0,0.0,0.0,0.0,0.0,1.0,0.0,0.0,0.0,
598,m,80.66,0.030000000000001137,phoneme,0.0,0.0,0.0,1.0,0.0,0.0,0.0,0.0,0.0,1.0,0.0,0.0,0.0,0.0,
599,a,80.69,0.030000000000001137,phoneme,1.0,0.0,0.0,0.0,0.0,0.0,1.0,0.0,0.0,0.0,0.0,0.0,0.0,1.0,
600,R,80.72,0.030000000000001137,phoneme,0.0,0.0,0.0,0.0,0.0,0.0,0.0,0.0,0.0,0.0,0.0,1.0,0.0,0.0,
601,i,80.75,0.12999999999999545,phoneme,0.0,1.0,0.0,0.0,0.0,0.0,1.0,0.0,0.0,0.0,0.0,0.0,0.0,1.0,
602,v,80.88,0.030000000000001137,phoneme,0.0,0.0,0.0,0.0,0.0,0.0,0.0,0.0,1.0,0.0,0.0,0.0,1.0,1.0,
603,o,81.0,0.09999999999999432,phoneme,0.0,0.0,1.0,0.0,0.0,0.0,1.0,0.0,0.0,0.0,0.0,0.0,0.0,1.0,
604,Z,81.1,0.0800000000000125,phoneme,0.0,0.0,0.0,0.0,0.0,0.0,0.0,0.0,1.0,0.0,0.0,0.0,1.0,1.0,
605,@,81.18,0.06999999999999318,phoneme,0.0,0.0,1.0,0.0,0.0,0.0,1.0,0.0,0.0,0.0,0.0,0.0,0.0,1.0,
606,n,81.25,0.09999999999999432,phoneme,0.0,0.0,0.0,0.0,0.0,0.0,0.0,0.0,0.0,1.0,0.0,0.0,0.0,0.0,
607,u,81.35,0.13000000000000966,phoneme,0.0,1.0,0.0,0.0,0.0,0.0,1.0,0.0,0.0,0.0,0.0,0.0,0.0,1.0,
608,t,81.48,0.03999999999999204,phoneme,0.0,0.0,0.0,0.0,0.0,0.0,0.0,1.0,0.0,0.0,0.0,0.0,1.0,0.0,
609,e,81.65,0.10999999999999943,phoneme,0.0,0.0,1.0,0.0,0.0,0.0,1.0,0.0,0.0,0.0,0.0,0.0,0.0,1.0,
610,d,81.76,0.03999999999999204,phoneme,0.0,0.0,0.0,0.0,0.0,0.0,0.0,1.0,0.0,0.0,0.0,0.0,1.0,1.0,
611,o~,81.8,0.1599999999999966,phoneme,0.0,0.0,1.0,0.0,0.0,0.0,1.0,0.0,0.0,1.0,0.0,0.0,0.0,1.0,
612,l,81.96,0.10999999999999943,phoneme,0.0,0.0,0.0,0.0,0.0,0.0,0.0,0.0,0.0,0.0,1.0,0.0,0.0,0.0,
613,e~,82.07,0.13000000000000966,phoneme,0.0,0.0,1.0,0.0,0.0,0.0,1.0,0.0,0.0,1.0,0.0,0.0,0.0,1.0,
614,p,82.2,0.10999999999999943,phoneme,0.0,0.0,0.0,1.0,0.0,0.0,0.0,1.0,0.0,0.0,0.0,0.0,1.0,0.0,
615,2,82.31,0.0799999999999983,phoneme,0.0,0.0,1.0,0.0,0.0,0.0,1.0,0.0,0.0,0.0,0.0,0.0,0.0,1.0,
616,E,82.39,0.030000000000001137,phoneme,0.0,0.0,1.0,0.0,0.0,0.0,1.0,0.0,0.0,0.0,0.0,0.0,0.0,1.0,
617,t,82.42,0.10999999999999943,phoneme,0.0,0.0,0.0,0.0,0.0,0.0,0.0,1.0,0.0,0.0,0.0,0.0,1.0,0.0,
618,E,82.53,0.10999999999999943,phoneme,0.0,0.0,1.0,0.0,0.0,0.0,1.0,0.0,0.0,0.0,0.0,0.0,0.0,1.0,
619,t,82.64,0.1599999999999966,phoneme,0.0,0.0,0.0,0.0,0.0,0.0,0.0,1.0,0.0,0.0,0.0,0.0,1.0,0.0,
620,e,83.15,0.0899999999999892,phoneme,0.0,0.0,1.0,0.0,0.0,0.0,1.0,0.0,0.0,0.0,0.0,0.0,0.0,1.0,
621,t,83.24,0.10000000000000853,phoneme,0.0,0.0,0.0,0.0,0.0,0.0,0.0,1.0,0.0,0.0,0.0,0.0,1.0,0.0,
622,e~,83.34,0.09000000000000341,phoneme,0.0,0.0,1.0,0.0,0.0,0.0,1.0,0.0,0.0,1.0,0.0,0.0,0.0,1.0,
623,p,83.43,0.06999999999999318,phoneme,0.0,0.0,0.0,1.0,0.0,0.0,0.0,1.0,0.0,0.0,0.0,0.0,1.0,0.0,
624,u,83.5,0.06999999999999318,phoneme,0.0,1.0,0.0,0.0,0.0,0.0,1.0,0.0,0.0,0.0,0.0,0.0,0.0,1.0,
625,R,83.57,0.060000000000002274,phoneme,0.0,0.0,0.0,0.0,0.0,0.0,0.0,0.0,0.0,0.0,0.0,1.0,0.0,0.0,
626,t,83.63,0.0799999999999983,phoneme,0.0,0.0,0.0,0.0,0.0,0.0,0.0,1.0,0.0,0.0,0.0,0.0,1.0,0.0,
627,u,83.71,0.07000000000000739,phoneme,0.0,1.0,0.0,0.0,0.0,0.0,1.0,0.0,0.0,0.0,0.0,0.0,0.0,1.0,
628,Z,83.78,0.12000000000000455,phoneme,0.0,0.0,0.0,0.0,0.0,0.0,0.0,0.0,1.0,0.0,0.0,0.0,1.0,1.0,
629,u,83.9,0.14999999999999147,phoneme,0.0,1.0,0.0,0.0,0.0,0.0,1.0,0.0,0.0,0.0,0.0,0.0,0.0,1.0,
630,R,84.05,0.13000000000000966,phoneme,0.0,0.0,0.0,0.0,0.0,0.0,0.0,0.0,0.0,0.0,0.0,1.0,0.0,0.0,
631,s,84.61,0.060000000000002274,phoneme,0.0,0.0,0.0,0.0,0.0,0.0,0.0,0.0,1.0,0.0,0.0,0.0,1.0,0.0,
632,a,84.67,0.04999999999999716,phoneme,1.0,0.0,0.0,0.0,0.0,0.0,1.0,0.0,0.0,0.0,0.0,0.0,0.0,1.0,
633,n,84.72,0.0799999999999983,phoneme,0.0,0.0,0.0,0.0,0.0,0.0,0.0,0.0,0.0,1.0,0.0,0.0,0.0,0.0,
634,@,84.8,0.04999999999999716,phoneme,0.0,0.0,1.0,0.0,0.0,0.0,1.0,0.0,0.0,0.0,0.0,0.0,0.0,1.0,
635,f,84.85,0.0800000000000125,phoneme,0.0,0.0,0.0,0.0,0.0,0.0,0.0,0.0,1.0,0.0,0.0,0.0,1.0,0.0,
636,E,84.93,0.0799999999999983,phoneme,0.0,0.0,1.0,0.0,0.0,0.0,1.0,0.0,0.0,0.0,0.0,0.0,0.0,1.0,
637,p,85.01,0.06999999999999318,phoneme,0.0,0.0,0.0,1.0,0.0,0.0,0.0,1.0,0.0,0.0,0.0,0.0,1.0,0.0,
638,a,85.08,0.060000000000002274,phoneme,1.0,0.0,0.0,0.0,0.0,0.0,1.0,0.0,0.0,0.0,0.0,0.0,0.0,1.0,
639,d,85.14,0.09000000000000341,phoneme,0.0,0.0,0.0,0.0,0.0,0.0,0.0,1.0,0.0,0.0,0.0,0.0,1.0,1.0,
640,@,85.23,0.06999999999999318,phoneme,0.0,0.0,1.0,0.0,0.0,0.0,1.0,0.0,0.0,0.0,0.0,0.0,0.0,1.0,
641,m,85.3,0.07000000000000739,phoneme,0.0,0.0,0.0,1.0,0.0,0.0,0.0,0.0,0.0,1.0,0.0,0.0,0.0,0.0,
642,w,85.37,0.04999999999999716,phoneme,0.0,0.0,0.0,1.0,0.0,1.0,0.0,0.0,0.0,0.0,1.0,0.0,0.0,0.0,
643,a,85.42,0.03999999999999204,phoneme,1.0,0.0,0.0,0.0,0.0,0.0,1.0,0.0,0.0,0.0,0.0,0.0,0.0,1.0,
644,9~,85.46,0.10999999999999943,phoneme,0.0,0.0,1.0,0.0,0.0,0.0,1.0,0.0,0.0,1.0,0.0,0.0,0.0,1.0,
645,b,85.62,0.030000000000001137,phoneme,0.0,0.0,0.0,1.0,0.0,0.0,0.0,1.0,0.0,0.0,0.0,0.0,1.0,1.0,
646,j,85.65,0.10999999999999943,phoneme,0.0,0.0,0.0,0.0,0.0,0.0,0.0,0.0,0.0,0.0,1.0,0.0,0.0,0.0,
647,e~,85.76,0.06999999999999318,phoneme,0.0,0.0,1.0,0.0,0.0,0.0,1.0,0.0,0.0,1.0,0.0,0.0,0.0,1.0,
648,g,85.83,0.04000000000000625,phoneme,0.0,0.0,0.0,0.0,0.0,1.0,0.0,1.0,0.0,0.0,0.0,0.0,1.0,1.0,
649,R,85.87,0.04999999999999716,phoneme,0.0,0.0,0.0,0.0,0.0,0.0,0.0,0.0,0.0,0.0,0.0,1.0,0.0,0.0,
650,a~,85.92,0.12000000000000455,phoneme,1.0,0.0,0.0,0.0,0.0,0.0,1.0,0.0,0.0,1.0,0.0,0.0,0.0,1.0,
651,p,86.04,0.05999999999998806,phoneme,0.0,0.0,0.0,1.0,0.0,0.0,0.0,1.0,0.0,0.0,0.0,0.0,1.0,0.0,
652,R,86.1,0.10000000000000853,phoneme,0.0,0.0,0.0,0.0,0.0,0.0,0.0,0.0,0.0,0.0,0.0,1.0,0.0,0.0,
653,e~,86.2,0.14000000000000057,phoneme,0.0,0.0,1.0,0.0,0.0,0.0,1.0,0.0,0.0,1.0,0.0,0.0,0.0,1.0,
654,s,86.34,0.3100000000000023,phoneme,0.0,0.0,0.0,0.0,0.0,0.0,0.0,0.0,1.0,0.0,0.0,0.0,1.0,0.0,
655,e,87.48,0.1700000000000017,phoneme,0.0,0.0,1.0,0.0,0.0,0.0,1.0,0.0,0.0,0.0,0.0,0.0,0.0,1.0,
656,k,87.95,0.11999999999999034,phoneme,0.0,0.0,0.0,0.0,0.0,1.0,0.0,1.0,0.0,0.0,0.0,0.0,1.0,0.0,
657,u,88.07,0.04000000000000625,phoneme,0.0,1.0,0.0,0.0,0.0,0.0,1.0,0.0,0.0,0.0,0.0,0.0,0.0,1.0,
658,S,88.11,0.14000000000000057,phoneme,0.0,0.0,0.0,0.0,0.0,0.0,0.0,0.0,1.0,0.0,0.0,0.0,1.0,0.0,
659,e,88.25,0.04999999999999716,phoneme,0.0,0.0,1.0,0.0,0.0,0.0,1.0,0.0,0.0,0.0,0.0,0.0,0.0,1.0,
660,d,88.3,0.060000000000002274,phoneme,0.0,0.0,0.0,0.0,0.0,0.0,0.0,1.0,0.0,0.0,0.0,0.0,1.0,1.0,
661,a~,88.36,0.09999999999999432,phoneme,1.0,0.0,0.0,0.0,0.0,0.0,1.0,0.0,0.0,1.0,0.0,0.0,0.0,1.0,
662,l,88.46,0.07000000000000739,phoneme,0.0,0.0,0.0,0.0,0.0,0.0,0.0,0.0,0.0,0.0,1.0,0.0,0.0,0.0,
663,E,88.53,0.1700000000000017,phoneme,0.0,0.0,1.0,0.0,0.0,0.0,1.0,0.0,0.0,0.0,0.0,0.0,0.0,1.0,
664,R,88.7,0.0799999999999983,phoneme,0.0,0.0,0.0,0.0,0.0,0.0,0.0,0.0,0.0,0.0,0.0,1.0,0.0,0.0,
665,b,88.78,0.09999999999999432,phoneme,0.0,0.0,0.0,1.0,0.0,0.0,0.0,1.0,0.0,0.0,0.0,0.0,1.0,1.0,
666,i,89.24,0.0799999999999983,phoneme,0.0,1.0,0.0,0.0,0.0,0.0,1.0,0.0,0.0,0.0,0.0,0.0,0.0,1.0,
667,l,89.32,0.030000000000001137,phoneme,0.0,0.0,0.0,0.0,0.0,0.0,0.0,0.0,0.0,0.0,1.0,0.0,0.0,0.0,
668,@,89.35,0.07000000000000739,phoneme,0.0,0.0,1.0,0.0,0.0,0.0,1.0,0.0,0.0,0.0,0.0,0.0,0.0,1.0,
669,p,89.42,0.12999999999999545,phoneme,0.0,0.0,0.0,1.0,0.0,0.0,0.0,1.0,0.0,0.0,0.0,0.0,1.0,0.0,
670,l,89.55,0.04000000000000625,phoneme,0.0,0.0,0.0,0.0,0.0,0.0,0.0,0.0,0.0,0.0,1.0,0.0,0.0,0.0,
671,2,89.59,0.060000000000002274,phoneme,0.0,0.0,1.0,0.0,0.0,0.0,1.0,0.0,0.0,0.0,0.0,0.0,0.0,1.0,
672,R,89.65,0.09999999999999432,phoneme,0.0,0.0,0.0,0.0,0.0,0.0,0.0,0.0,0.0,0.0,0.0,1.0,0.0,0.0,
673,a,89.75,0.0799999999999983,phoneme,1.0,0.0,0.0,0.0,0.0,0.0,1.0,0.0,0.0,0.0,0.0,0.0,0.0,1.0,
674,s,93.38,0.07000000000000739,phoneme,0.0,0.0,0.0,0.0,0.0,0.0,0.0,0.0,1.0,0.0,0.0,0.0,1.0,0.0,
675,e,93.45,0.0799999999999983,phoneme,0.0,0.0,1.0,0.0,0.0,0.0,1.0,0.0,0.0,0.0,0.0,0.0,0.0,1.0,
676,t,93.53,0.10999999999999943,phoneme,0.0,0.0,0.0,0.0,0.0,0.0,0.0,1.0,0.0,0.0,0.0,0.0,1.0,0.0,
677,a,93.64,0.12000000000000455,phoneme,1.0,0.0,0.0,0.0,0.0,0.0,1.0,0.0,0.0,0.0,0.0,0.0,0.0,1.0,
678,l,93.76,0.0899999999999892,phoneme,0.0,0.0,0.0,0.0,0.0,0.0,0.0,0.0,0.0,0.0,1.0,0.0,0.0,0.0,
679,O,93.85,0.13000000000000966,phoneme,0.0,0.0,1.0,0.0,0.0,0.0,1.0,0.0,0.0,0.0,0.0,0.0,0.0,1.0,
680,R,93.98,0.0899999999999892,phoneme,0.0,0.0,0.0,0.0,0.0,0.0,0.0,0.0,0.0,0.0,0.0,1.0,0.0,0.0,
681,k,94.07,0.09000000000000341,phoneme,0.0,0.0,0.0,0.0,0.0,1.0,0.0,1.0,0.0,0.0,0.0,0.0,1.0,0.0,
682,a,94.16,0.10000000000000853,phoneme,1.0,0.0,0.0,0.0,0.0,0.0,1.0,0.0,0.0,0.0,0.0,0.0,0.0,1.0,
683,p,94.26,0.05999999999998806,phoneme,0.0,0.0,0.0,1.0,0.0,0.0,0.0,1.0,0.0,0.0,0.0,0.0,1.0,0.0,
684,a,94.32,0.0800000000000125,phoneme,1.0,0.0,0.0,0.0,0.0,0.0,1.0,0.0,0.0,0.0,0.0,0.0,0.0,1.0,
685,R,94.4,0.09999999999999432,phoneme,0.0,0.0,0.0,0.0,0.0,0.0,0.0,0.0,0.0,0.0,0.0,1.0,0.0,0.0,
686,y,94.5,0.12000000000000455,phoneme,0.0,1.0,0.0,0.0,0.0,0.0,1.0,0.0,0.0,0.0,0.0,0.0,0.0,1.0,
687,l,94.62,0.09999999999999432,phoneme,0.0,0.0,0.0,0.0,0.0,0.0,0.0,0.0,0.0,0.0,1.0,0.0,0.0,0.0,
688,R,94.72,0.1599999999999966,phoneme,0.0,0.0,0.0,0.0,0.0,0.0,0.0,0.0,0.0,0.0,0.0,1.0,0.0,0.0,
689,@,94.88,0.030000000000001137,phoneme,0.0,0.0,1.0,0.0,0.0,0.0,1.0,0.0,0.0,0.0,0.0,0.0,0.0,1.0,
690,n,94.91,0.09000000000000341,phoneme,0.0,0.0,0.0,0.0,0.0,0.0,0.0,0.0,0.0,1.0,0.0,0.0,0.0,0.0,
691,a,95.0,0.2600000000000051,phoneme,1.0,0.0,0.0,0.0,0.0,0.0,1.0,0.0,0.0,0.0,0.0,0.0,0.0,1.0,
692,R,95.26,0.23999999999999488,phoneme,0.0,0.0,0.0,0.0,0.0,0.0,0.0,0.0,0.0,0.0,0.0,1.0,0.0,0.0,
693,b,96.55,0.07000000000000739,phoneme,0.0,0.0,0.0,1.0,0.0,0.0,0.0,1.0,0.0,0.0,0.0,0.0,1.0,1.0,
694,o~,96.62,0.19999999999998863,phoneme,0.0,0.0,1.0,0.0,0.0,0.0,1.0,0.0,0.0,1.0,0.0,0.0,0.0,1.0,
695,Z,96.82,0.18000000000000682,phoneme,0.0,0.0,0.0,0.0,0.0,0.0,0.0,0.0,1.0,0.0,0.0,0.0,1.0,1.0,
696,u,97.0,0.4399999999999977,phoneme,0.0,1.0,0.0,0.0,0.0,0.0,1.0,0.0,0.0,0.0,0.0,0.0,0.0,1.0,
697,R,97.44,0.15000000000000568,phoneme,0.0,0.0,0.0,0.0,0.0,0.0,0.0,0.0,0.0,0.0,0.0,1.0,0.0,0.0,
698,d,97.88,0.060000000000002274,phoneme,0.0,0.0,0.0,0.0,0.0,0.0,0.0,1.0,0.0,0.0,0.0,0.0,1.0,1.0,
699,i,97.94,0.07000000000000739,phoneme,0.0,1.0,0.0,0.0,0.0,0.0,1.0,0.0,0.0,0.0,0.0,0.0,0.0,1.0,
700,l,98.01,0.03999999999999204,phoneme,0.0,0.0,0.0,0.0,0.0,0.0,0.0,0.0,0.0,0.0,1.0,0.0,0.0,0.0,
701,@,98.05,0.10000000000000853,phoneme,0.0,0.0,1.0,0.0,0.0,0.0,1.0,0.0,0.0,0.0,0.0,0.0,0.0,1.0,
702,R,98.15,0.05999999999998806,phoneme,0.0,0.0,0.0,0.0,0.0,0.0,0.0,0.0,0.0,0.0,0.0,1.0,0.0,0.0,
703,@,98.21,0.030000000000001137,phoneme,0.0,0.0,1.0,0.0,0.0,0.0,1.0,0.0,0.0,0.0,0.0,0.0,0.0,1.0,
704,n,98.24,0.10000000000000853,phoneme,0.0,0.0,0.0,0.0,0.0,0.0,0.0,0.0,0.0,1.0,0.0,0.0,0.0,0.0,
705,a,98.34,0.18999999999999773,phoneme,1.0,0.0,0.0,0.0,0.0,0.0,1.0,0.0,0.0,0.0,0.0,0.0,0.0,1.0,
706,R,98.53,0.23999999999999488,phoneme,0.0,0.0,0.0,0.0,0.0,0.0,0.0,0.0,0.0,0.0,0.0,1.0,0.0,0.0,
707,b,99.4,0.04999999999999716,phoneme,0.0,0.0,0.0,1.0,0.0,0.0,0.0,1.0,0.0,0.0,0.0,0.0,1.0,1.0,
708,o~,99.45,0.14999999999999147,phoneme,0.0,0.0,1.0,0.0,0.0,0.0,1.0,0.0,0.0,1.0,0.0,0.0,0.0,1.0,
709,Z,99.6,0.10000000000000853,phoneme,0.0,0.0,0.0,0.0,0.0,0.0,0.0,0.0,1.0,0.0,0.0,0.0,1.0,1.0,
710,u,99.7,0.25,phoneme,0.0,1.0,0.0,0.0,0.0,0.0,1.0,0.0,0.0,0.0,0.0,0.0,0.0,1.0,
711,R,99.95,0.12999999999999545,phoneme,0.0,0.0,0.0,0.0,0.0,0.0,0.0,0.0,0.0,0.0,0.0,1.0,0.0,0.0,
712,R,100.41,0.09000000000000341,phoneme,0.0,0.0,0.0,0.0,0.0,0.0,0.0,0.0,0.0,0.0,0.0,1.0,0.0,0.0,
713,e,100.5,0.10999999999999943,phoneme,0.0,0.0,1.0,0.0,0.0,0.0,1.0,0.0,0.0,0.0,0.0,0.0,0.0,1.0,
714,p,100.61,0.04999999999999716,phoneme,0.0,0.0,0.0,1.0,0.0,0.0,0.0,1.0,0.0,0.0,0.0,0.0,1.0,0.0,
715,o~,100.66,0.0799999999999983,phoneme,0.0,0.0,1.0,0.0,0.0,0.0,1.0,0.0,0.0,1.0,0.0,0.0,0.0,1.0,
716,d,100.74,0.14000000000000057,phoneme,0.0,0.0,0.0,0.0,0.0,0.0,0.0,1.0,0.0,0.0,0.0,0.0,1.0,1.0,
717,i,100.88,0.07000000000000739,phoneme,0.0,1.0,0.0,0.0,0.0,0.0,1.0,0.0,0.0,0.0,0.0,0.0,0.0,1.0,
718,p,100.95,0.04999999999999716,phoneme,0.0,0.0,0.0,1.0,0.0,0.0,0.0,1.0,0.0,0.0,0.0,0.0,1.0,0.0,
719,o,101.0,0.06999999999999318,phoneme,0.0,0.0,1.0,0.0,0.0,0.0,1.0,0.0,0.0,0.0,0.0,0.0,0.0,1.0,
720,l,101.07,0.030000000000001137,phoneme,0.0,0.0,0.0,0.0,0.0,0.0,0.0,0.0,0.0,0.0,1.0,0.0,0.0,0.0,
721,i,101.1,0.0800000000000125,phoneme,0.0,1.0,0.0,0.0,0.0,0.0,1.0,0.0,0.0,0.0,0.0,0.0,0.0,1.0,
722,m,101.18,0.0799999999999983,phoneme,0.0,0.0,0.0,1.0,0.0,0.0,0.0,0.0,0.0,1.0,0.0,0.0,0.0,0.0,
723,a~,101.26,0.0899999999999892,phoneme,1.0,0.0,0.0,0.0,0.0,0.0,1.0,0.0,0.0,1.0,0.0,0.0,0.0,1.0,
724,l,101.35,0.04000000000000625,phoneme,0.0,0.0,0.0,0.0,0.0,0.0,0.0,0.0,0.0,0.0,1.0,0.0,0.0,0.0,
725,@,101.39,0.04000000000000625,phoneme,0.0,0.0,1.0,0.0,0.0,0.0,1.0,0.0,0.0,0.0,0.0,0.0,0.0,1.0,
726,p,101.43,0.0899999999999892,phoneme,0.0,0.0,0.0,1.0,0.0,0.0,0.0,1.0,0.0,0.0,0.0,0.0,1.0,0.0,
727,@,101.52,0.060000000000002274,phoneme,0.0,0.0,1.0,0.0,0.0,0.0,1.0,0.0,0.0,0.0,0.0,0.0,0.0,1.0,
728,t,101.58,0.10000000000000853,phoneme,0.0,0.0,0.0,0.0,0.0,0.0,0.0,1.0,0.0,0.0,0.0,0.0,1.0,0.0,
729,i,101.68,0.03999999999999204,phoneme,0.0,1.0,0.0,0.0,0.0,0.0,1.0,0.0,0.0,0.0,0.0,0.0,0.0,1.0,
730,p,101.72,0.04999999999999716,phoneme,0.0,0.0,0.0,1.0,0.0,0.0,0.0,1.0,0.0,0.0,0.0,0.0,1.0,0.0,
731,R,101.77,0.12000000000000455,phoneme,0.0,0.0,0.0,0.0,0.0,0.0,0.0,0.0,0.0,0.0,0.0,1.0,0.0,0.0,
732,e~,101.89,0.15000000000000568,phoneme,0.0,0.0,1.0,0.0,0.0,0.0,1.0,0.0,0.0,1.0,0.0,0.0,0.0,1.0,
733,s,102.04,0.23999999999999488,phoneme,0.0,0.0,0.0,0.0,0.0,0.0,0.0,0.0,1.0,0.0,0.0,0.0,1.0,0.0,
734,k,102.46,0.0800000000000125,phoneme,0.0,0.0,0.0,0.0,0.0,1.0,0.0,1.0,0.0,0.0,0.0,0.0,1.0,0.0,
735,i,102.54,0.06999999999999318,phoneme,0.0,1.0,0.0,0.0,0.0,0.0,1.0,0.0,0.0,0.0,0.0,0.0,0.0,1.0,
736,s,102.61,0.12999999999999545,phoneme,0.0,0.0,0.0,0.0,0.0,0.0,0.0,0.0,1.0,0.0,0.0,0.0,1.0,0.0,
737,R,102.74,0.09000000000000341,phoneme,0.0,0.0,0.0,0.0,0.0,0.0,0.0,0.0,0.0,0.0,0.0,1.0,0.0,0.0,
738,@,102.83,0.10000000000000853,phoneme,0.0,0.0,1.0,0.0,0.0,0.0,1.0,0.0,0.0,0.0,0.0,0.0,0.0,1.0,
739,t,102.93,0.0799999999999983,phoneme,0.0,0.0,0.0,0.0,0.0,0.0,0.0,1.0,0.0,0.0,0.0,0.0,1.0,0.0,
740,u,103.01,0.0799999999999983,phoneme,0.0,1.0,0.0,0.0,0.0,0.0,1.0,0.0,0.0,0.0,0.0,0.0,0.0,1.0,
741,R,103.09,0.030000000000001137,phoneme,0.0,0.0,0.0,0.0,0.0,0.0,0.0,0.0,0.0,0.0,0.0,1.0,0.0,0.0,
742,n,103.12,0.10999999999999943,phoneme,0.0,0.0,0.0,0.0,0.0,0.0,0.0,0.0,0.0,1.0,0.0,0.0,0.0,0.0,
743,a,103.23,0.11999999999999034,phoneme,1.0,0.0,0.0,0.0,0.0,0.0,1.0,0.0,0.0,0.0,0.0,0.0,0.0,1.0,
744,m,103.53,0.060000000000002274,phoneme,0.0,0.0,0.0,1.0,0.0,0.0,0.0,0.0,0.0,1.0,0.0,0.0,0.0,0.0,
745,E,103.59,0.060000000000002274,phoneme,0.0,0.0,1.0,0.0,0.0,0.0,1.0,0.0,0.0,0.0,0.0,0.0,0.0,1.0,
746,t,103.65,0.030000000000001137,phoneme,0.0,0.0,0.0,0.0,0.0,0.0,0.0,1.0,0.0,0.0,0.0,0.0,1.0,0.0,
747,n,103.68,0.04999999999999716,phoneme,0.0,0.0,0.0,0.0,0.0,0.0,0.0,0.0,0.0,1.0,0.0,0.0,0.0,0.0,
748,@,103.73,0.0899999999999892,phoneme,0.0,0.0,1.0,0.0,0.0,0.0,1.0,0.0,0.0,0.0,0.0,0.0,0.0,1.0,
749,v,103.82,0.05000000000001137,phoneme,0.0,0.0,0.0,0.0,0.0,0.0,0.0,0.0,1.0,0.0,0.0,0.0,1.0,1.0,
750,i,103.87,0.11999999999999034,phoneme,0.0,1.0,0.0,0.0,0.0,0.0,1.0,0.0,0.0,0.0,0.0,0.0,0.0,1.0,
751,R,103.99,0.07000000000000739,phoneme,0.0,0.0,0.0,0.0,0.0,0.0,0.0,0.0,0.0,0.0,0.0,1.0,0.0,0.0,
752,j,104.06,0.10999999999999943,phoneme,0.0,0.0,0.0,0.0,0.0,0.0,0.0,0.0,0.0,0.0,1.0,0.0,0.0,0.0,
753,e~,104.17,0.12999999999999545,phoneme,0.0,0.0,1.0,0.0,0.0,0.0,1.0,0.0,0.0,1.0,0.0,0.0,0.0,1.0,
754,S,105.41,0.14000000000000057,phoneme,0.0,0.0,0.0,0.0,0.0,0.0,0.0,0.0,1.0,0.0,0.0,0.0,1.0,0.0,
755,s,105.6,0.19000000000001194,phoneme,0.0,0.0,0.0,0.0,0.0,0.0,0.0,0.0,1.0,0.0,0.0,0.0,1.0,0.0,
756,H,105.79,0.11999999999999034,phoneme,0.0,0.0,0.0,1.0,0.0,0.0,0.0,0.0,0.0,0.0,1.0,0.0,0.0,0.0,
757,i,105.91,0.09000000000000341,phoneme,0.0,1.0,0.0,0.0,0.0,0.0,1.0,0.0,0.0,0.0,0.0,0.0,0.0,1.0,
758,l,106.0,0.06999999999999318,phoneme,0.0,0.0,0.0,0.0,0.0,0.0,0.0,0.0,0.0,0.0,1.0,0.0,0.0,0.0,
759,a,106.07,0.3400000000000034,phoneme,1.0,0.0,0.0,0.0,0.0,0.0,1.0,0.0,0.0,0.0,0.0,0.0,0.0,1.0,
760,d,106.95,0.04999999999999716,phoneme,0.0,0.0,0.0,0.0,0.0,0.0,0.0,1.0,0.0,0.0,0.0,0.0,1.0,1.0,
761,i,107.0,0.09999999999999432,phoneme,0.0,1.0,0.0,0.0,0.0,0.0,1.0,0.0,0.0,0.0,0.0,0.0,0.0,1.0,
762,l,107.1,0.030000000000001137,phoneme,0.0,0.0,0.0,0.0,0.0,0.0,0.0,0.0,0.0,0.0,1.0,0.0,0.0,0.0,
763,a,107.13,0.12000000000000455,phoneme,1.0,0.0,0.0,0.0,0.0,0.0,1.0,0.0,0.0,0.0,0.0,0.0,0.0,1.0,
764,v,107.25,0.060000000000002274,phoneme,0.0,0.0,0.0,0.0,0.0,0.0,0.0,0.0,1.0,0.0,0.0,0.0,1.0,1.0,
765,w,107.31,0.14999999999999147,phoneme,0.0,0.0,0.0,1.0,0.0,1.0,0.0,0.0,0.0,0.0,1.0,0.0,0.0,0.0,
766,a,107.46,0.05000000000001137,phoneme,1.0,0.0,0.0,0.0,0.0,0.0,1.0,0.0,0.0,0.0,0.0,0.0,0.0,1.0,
767,s,107.8,0.18000000000000682,phoneme,0.0,0.0,0.0,0.0,0.0,0.0,0.0,0.0,1.0,0.0,0.0,0.0,1.0,0.0,
768,u,107.98,0.060000000000002274,phoneme,0.0,1.0,0.0,0.0,0.0,0.0,1.0,0.0,0.0,0.0,0.0,0.0,0.0,1.0,
769,t,108.04,0.029999999999986926,phoneme,0.0,0.0,0.0,0.0,0.0,0.0,0.0,1.0,0.0,0.0,0.0,0.0,1.0,0.0,
770,l,108.07,0.060000000000002274,phoneme,0.0,0.0,0.0,0.0,0.0,0.0,0.0,0.0,0.0,0.0,1.0,0.0,0.0,0.0,
771,@,108.13,0.07000000000000739,phoneme,0.0,0.0,1.0,0.0,0.0,0.0,1.0,0.0,0.0,0.0,0.0,0.0,0.0,1.0,
772,p,108.2,0.09999999999999432,phoneme,0.0,0.0,0.0,1.0,0.0,0.0,0.0,1.0,0.0,0.0,0.0,0.0,1.0,0.0,
773,o,108.3,0.0799999999999983,phoneme,0.0,0.0,1.0,0.0,0.0,0.0,1.0,0.0,0.0,0.0,0.0,0.0,0.0,1.0,
774,m,108.38,0.0799999999999983,phoneme,0.0,0.0,0.0,1.0,0.0,0.0,0.0,0.0,0.0,1.0,0.0,0.0,0.0,0.0,
775,i,108.46,0.22000000000001307,phoneme,0.0,1.0,0.0,0.0,0.0,0.0,1.0,0.0,0.0,0.0,0.0,0.0,0.0,1.0,
776,e,108.68,0.03999999999999204,phoneme,0.0,0.0,1.0,0.0,0.0,0.0,1.0,0.0,0.0,0.0,0.0,0.0,0.0,1.0,
777,k,109.52,0.0799999999999983,phoneme,0.0,0.0,0.0,0.0,0.0,1.0,0.0,1.0,0.0,0.0,0.0,0.0,1.0,0.0,
778,i,109.6,0.1549890000000005,phoneme,0.0,1.0,0.0,0.0,0.0,0.0,1.0,0.0,0.0,0.0,0.0,0.0,0.0,1.0,
779,E,109.754989,0.0549880000000087,phoneme,0.0,0.0,1.0,0.0,0.0,0.0,1.0,0.0,0.0,0.0,0.0,0.0,0.0,1.0,
780,t,109.809977,0.16002299999999536,phoneme,0.0,0.0,0.0,0.0,0.0,0.0,0.0,1.0,0.0,0.0,0.0,0.0,1.0,0.0,
781,y,109.97,0.23999999999999488,phoneme,0.0,1.0,0.0,0.0,0.0,0.0,1.0,0.0,0.0,0.0,0.0,0.0,0.0,1.0,
782,d,110.53,0.09000000000000341,phoneme,0.0,0.0,0.0,0.0,0.0,0.0,0.0,1.0,0.0,0.0,0.0,0.0,1.0,1.0,
783,i,110.62,0.0899999999999892,phoneme,0.0,1.0,0.0,0.0,0.0,0.0,1.0,0.0,0.0,0.0,0.0,0.0,0.0,1.0,
784,l,110.71,0.030000000000001137,phoneme,0.0,0.0,0.0,0.0,0.0,0.0,0.0,0.0,0.0,0.0,1.0,0.0,0.0,0.0,
785,@,110.74,0.05000000000001137,phoneme,0.0,0.0,1.0,0.0,0.0,0.0,1.0,0.0,0.0,0.0,0.0,0.0,0.0,1.0,
786,p,110.79,0.0799999999999983,phoneme,0.0,0.0,0.0,1.0,0.0,0.0,0.0,1.0,0.0,0.0,0.0,0.0,1.0,0.0,
787,@,110.87,0.060000000000002274,phoneme,0.0,0.0,1.0,0.0,0.0,0.0,1.0,0.0,0.0,0.0,0.0,0.0,0.0,1.0,
788,t,110.93,0.0799999999999983,phoneme,0.0,0.0,0.0,0.0,0.0,0.0,0.0,1.0,0.0,0.0,0.0,0.0,1.0,0.0,
789,i,111.01,0.03999999999999204,phoneme,0.0,1.0,0.0,0.0,0.0,0.0,1.0,0.0,0.0,0.0,0.0,0.0,0.0,1.0,
790,p,111.05,0.07000000000000739,phoneme,0.0,0.0,0.0,1.0,0.0,0.0,0.0,1.0,0.0,0.0,0.0,0.0,1.0,0.0,
791,R,111.12,0.09999999999999432,phoneme,0.0,0.0,0.0,0.0,0.0,0.0,0.0,0.0,0.0,0.0,0.0,1.0,0.0,0.0,
792,e~,111.22,0.14000000000000057,phoneme,0.0,0.0,1.0,0.0,0.0,0.0,1.0,0.0,0.0,1.0,0.0,0.0,0.0,1.0,
793,s,111.36,0.2600000000000051,phoneme,0.0,0.0,0.0,0.0,0.0,0.0,0.0,0.0,1.0,0.0,0.0,0.0,1.0,0.0,
794,t,111.95,0.09000000000000341,phoneme,0.0,0.0,0.0,0.0,0.0,0.0,0.0,1.0,0.0,0.0,0.0,0.0,1.0,0.0,
795,y,112.04,0.05999999999998806,phoneme,0.0,1.0,0.0,0.0,0.0,0.0,1.0,0.0,0.0,0.0,0.0,0.0,0.0,1.0,
796,e,112.1,0.09000000000000341,phoneme,0.0,0.0,1.0,0.0,0.0,0.0,1.0,0.0,0.0,0.0,0.0,0.0,0.0,1.0,
797,t,112.19,0.09000000000000341,phoneme,0.0,0.0,0.0,0.0,0.0,0.0,0.0,1.0,0.0,0.0,0.0,0.0,1.0,0.0,
798,b,112.28,0.030000000000001137,phoneme,0.0,0.0,0.0,1.0,0.0,0.0,0.0,1.0,0.0,0.0,0.0,0.0,1.0,1.0,
799,j,112.31,0.03999999999999204,phoneme,0.0,0.0,0.0,0.0,0.0,0.0,0.0,0.0,0.0,0.0,1.0,0.0,0.0,0.0,
800,e~,112.35,0.0800000000000125,phoneme,0.0,0.0,1.0,0.0,0.0,0.0,1.0,0.0,0.0,1.0,0.0,0.0,0.0,1.0,
801,Z,112.43,0.0799999999999983,phoneme,0.0,0.0,0.0,0.0,0.0,0.0,0.0,0.0,1.0,0.0,0.0,0.0,1.0,1.0,
802,o,112.51,0.05999999999998806,phoneme,0.0,0.0,1.0,0.0,0.0,0.0,1.0,0.0,0.0,0.0,0.0,0.0,0.0,1.0,
803,l,112.57,0.05000000000001137,phoneme,0.0,0.0,0.0,0.0,0.0,0.0,0.0,0.0,0.0,0.0,1.0,0.0,0.0,0.0,
804,i,112.62,0.23999999999999488,phoneme,0.0,1.0,0.0,0.0,0.0,0.0,1.0,0.0,0.0,0.0,0.0,0.0,0.0,1.0,
805,Z,113.87,0.14999999999999147,phoneme,0.0,0.0,0.0,0.0,0.0,0.0,0.0,0.0,1.0,0.0,0.0,0.0,1.0,1.0,
806,@,114.02,0.060000000000002274,phoneme,0.0,0.0,1.0,0.0,0.0,0.0,1.0,0.0,0.0,0.0,0.0,0.0,0.0,1.0,
807,s,114.08,0.12000000000000455,phoneme,0.0,0.0,0.0,0.0,0.0,0.0,0.0,0.0,1.0,0.0,0.0,0.0,1.0,0.0,
808,H,114.2,0.06999999999999318,phoneme,0.0,0.0,0.0,1.0,0.0,0.0,0.0,0.0,0.0,0.0,1.0,0.0,0.0,0.0,
809,i,114.27,0.10999999999999943,phoneme,0.0,1.0,0.0,0.0,0.0,0.0,1.0,0.0,0.0,0.0,0.0,0.0,0.0,1.0,
810,9~,114.38,0.15000000000000568,phoneme,0.0,0.0,1.0,0.0,0.0,0.0,1.0,0.0,0.0,1.0,0.0,0.0,0.0,1.0,
811,R,114.53,0.0799999999999983,phoneme,0.0,0.0,0.0,0.0,0.0,0.0,0.0,0.0,0.0,0.0,0.0,1.0,0.0,0.0,
812,@,114.61,0.060000000000002274,phoneme,0.0,0.0,1.0,0.0,0.0,0.0,1.0,0.0,0.0,0.0,0.0,0.0,0.0,1.0,
813,n,114.67,0.10999999999999943,phoneme,0.0,0.0,0.0,0.0,0.0,0.0,0.0,0.0,0.0,1.0,0.0,0.0,0.0,0.0,
814,a,114.78,0.28999999999999204,phoneme,1.0,0.0,0.0,0.0,0.0,0.0,1.0,0.0,0.0,0.0,0.0,0.0,0.0,1.0,
815,R,115.07,0.20000000000000284,phoneme,0.0,0.0,0.0,0.0,0.0,0.0,0.0,0.0,0.0,0.0,0.0,1.0,0.0,0.0,
816,d,115.63,0.13000000000000966,phoneme,0.0,0.0,0.0,0.0,0.0,0.0,0.0,1.0,0.0,0.0,0.0,0.0,1.0,1.0,
817,i,115.76,0.04999999999999716,phoneme,0.0,1.0,0.0,0.0,0.0,0.0,1.0,0.0,0.0,0.0,0.0,0.0,0.0,1.0,
818,l,115.81,0.030000000000001137,phoneme,0.0,0.0,0.0,0.0,0.0,0.0,0.0,0.0,0.0,0.0,1.0,0.0,0.0,0.0,
819,@,115.84,0.0799999999999983,phoneme,0.0,0.0,1.0,0.0,0.0,0.0,1.0,0.0,0.0,0.0,0.0,0.0,0.0,1.0,
820,R,115.92,0.0799999999999983,phoneme,0.0,0.0,0.0,0.0,0.0,0.0,0.0,0.0,0.0,0.0,0.0,1.0,0.0,0.0,
821,@,116.0,0.04999999999999716,phoneme,0.0,0.0,1.0,0.0,0.0,0.0,1.0,0.0,0.0,0.0,0.0,0.0,0.0,1.0,
822,n,116.05,0.07000000000000739,phoneme,0.0,0.0,0.0,0.0,0.0,0.0,0.0,0.0,0.0,1.0,0.0,0.0,0.0,0.0,
823,a,116.12,0.10999999999999943,phoneme,1.0,0.0,0.0,0.0,0.0,0.0,1.0,0.0,0.0,0.0,0.0,0.0,0.0,1.0,
824,R,116.23,0.269999999999996,phoneme,0.0,0.0,0.0,0.0,0.0,0.0,0.0,0.0,0.0,0.0,0.0,1.0,0.0,0.0,
825,v,117.43,0.029999999999986926,phoneme,0.0,0.0,0.0,0.0,0.0,0.0,0.0,0.0,1.0,0.0,0.0,0.0,1.0,1.0,
826,j,117.46,0.05000000000001137,phoneme,0.0,0.0,0.0,0.0,0.0,0.0,0.0,0.0,0.0,0.0,1.0,0.0,0.0,0.0,
827,e~,117.51,0.0899999999999892,phoneme,0.0,0.0,1.0,0.0,0.0,0.0,1.0,0.0,0.0,1.0,0.0,0.0,0.0,1.0,
828,Z,117.6,0.05000000000001137,phoneme,0.0,0.0,0.0,0.0,0.0,0.0,0.0,0.0,1.0,0.0,0.0,0.0,1.0,1.0,
829,u,117.65,0.09999999999999432,phoneme,0.0,1.0,0.0,0.0,0.0,0.0,1.0,0.0,0.0,0.0,0.0,0.0,0.0,1.0,
830,e,117.75,0.04000000000000625,phoneme,0.0,0.0,1.0,0.0,0.0,0.0,1.0,0.0,0.0,0.0,0.0,0.0,0.0,1.0,
831,t,117.79,0.0899999999999892,phoneme,0.0,0.0,0.0,0.0,0.0,0.0,0.0,1.0,0.0,0.0,0.0,0.0,1.0,0.0,
832,a,117.88,0.030000000000001137,phoneme,1.0,0.0,0.0,0.0,0.0,0.0,1.0,0.0,0.0,0.0,0.0,0.0,0.0,1.0,
833,v,117.91,0.030000000000001137,phoneme,0.0,0.0,0.0,0.0,0.0,0.0,0.0,0.0,1.0,0.0,0.0,0.0,1.0,1.0,
834,E,117.94,0.060000000000002274,phoneme,0.0,0.0,1.0,0.0,0.0,0.0,1.0,0.0,0.0,0.0,0.0,0.0,0.0,1.0,
835,k,118.0,0.12999999999999545,phoneme,0.0,0.0,0.0,0.0,0.0,1.0,0.0,1.0,0.0,0.0,0.0,0.0,1.0,0.0,
836,m,118.13,0.030000000000001137,phoneme,0.0,0.0,0.0,1.0,0.0,0.0,0.0,0.0,0.0,1.0,0.0,0.0,0.0,0.0,
837,w,118.16,0.030000000000001137,phoneme,0.0,0.0,0.0,1.0,0.0,1.0,0.0,0.0,0.0,0.0,1.0,0.0,0.0,0.0,
838,a,118.19,0.14000000000000057,phoneme,1.0,0.0,0.0,0.0,0.0,0.0,1.0,0.0,0.0,0.0,0.0,0.0,0.0,1.0,
839,l,118.68,0.05999999999998806,phoneme,0.0,0.0,0.0,0.0,0.0,0.0,0.0,0.0,0.0,0.0,1.0,0.0,0.0,0.0,
840,H,118.74,0.030000000000001137,phoneme,0.0,0.0,0.0,1.0,0.0,0.0,0.0,0.0,0.0,0.0,1.0,0.0,0.0,0.0,
841,i,118.77,0.10000000000000853,phoneme,0.0,1.0,0.0,0.0,0.0,0.0,1.0,0.0,0.0,0.0,0.0,0.0,0.0,1.0,
842,p,118.87,0.04999999999999716,phoneme,0.0,0.0,0.0,1.0,0.0,0.0,0.0,1.0,0.0,0.0,0.0,0.0,1.0,0.0,
843,R,118.92,0.030000000000001137,phoneme,0.0,0.0,0.0,0.0,0.0,0.0,0.0,0.0,0.0,0.0,0.0,1.0,0.0,0.0,
844,o,118.95,0.0799999999999983,phoneme,0.0,0.0,1.0,0.0,0.0,0.0,1.0,0.0,0.0,0.0,0.0,0.0,0.0,1.0,
845,p,119.03,0.060000000000002274,phoneme,0.0,0.0,0.0,1.0,0.0,0.0,0.0,1.0,0.0,0.0,0.0,0.0,1.0,0.0,
846,O,119.09,0.06999999999999318,phoneme,0.0,0.0,1.0,0.0,0.0,0.0,1.0,0.0,0.0,0.0,0.0,0.0,0.0,1.0,
847,z,119.16,0.10000000000000853,phoneme,0.0,0.0,0.0,0.0,0.0,0.0,0.0,0.0,1.0,0.0,0.0,0.0,1.0,1.0,
848,a,119.26,0.0849889999999931,phoneme,1.0,0.0,0.0,0.0,0.0,0.0,1.0,0.0,0.0,0.0,0.0,0.0,0.0,1.0,
849,l,119.344989,0.04498800000000358,phoneme,0.0,0.0,0.0,0.0,0.0,0.0,0.0,0.0,0.0,0.0,1.0,0.0,0.0,0.0,
850,@,119.389977,0.04002300000000503,phoneme,0.0,0.0,1.0,0.0,0.0,0.0,1.0,0.0,0.0,0.0,0.0,0.0,0.0,1.0,
851,p,119.43,0.09999999999999432,phoneme,0.0,0.0,0.0,1.0,0.0,0.0,0.0,1.0,0.0,0.0,0.0,0.0,1.0,0.0,
852,@,119.53,0.04999999999999716,phoneme,0.0,0.0,1.0,0.0,0.0,0.0,1.0,0.0,0.0,0.0,0.0,0.0,0.0,1.0,
853,t,119.58,0.0799999999999983,phoneme,0.0,0.0,0.0,0.0,0.0,0.0,0.0,1.0,0.0,0.0,0.0,0.0,1.0,0.0,
854,i,119.66,0.07000000000000739,phoneme,0.0,1.0,0.0,0.0,0.0,0.0,1.0,0.0,0.0,0.0,0.0,0.0,0.0,1.0,
855,p,119.73,0.060000000000002274,phoneme,0.0,0.0,0.0,1.0,0.0,0.0,0.0,1.0,0.0,0.0,0.0,0.0,1.0,0.0,
856,R,119.79,0.0799999999999983,phoneme,0.0,0.0,0.0,0.0,0.0,0.0,0.0,0.0,0.0,0.0,0.0,1.0,0.0,0.0,
857,e~,119.87,0.14999999999999147,phoneme,0.0,0.0,1.0,0.0,0.0,0.0,1.0,0.0,0.0,1.0,0.0,0.0,0.0,1.0,
858,s,120.02,0.2600000000000051,phoneme,0.0,0.0,0.0,0.0,0.0,0.0,0.0,0.0,1.0,0.0,0.0,0.0,1.0,0.0,
859,S,120.64,0.10999999999999943,phoneme,0.0,0.0,0.0,0.0,0.0,0.0,0.0,0.0,1.0,0.0,0.0,0.0,1.0,0.0,
860,s,120.8,0.07000000000000739,phoneme,0.0,0.0,0.0,0.0,0.0,0.0,0.0,0.0,1.0,0.0,0.0,0.0,1.0,0.0,
861,H,120.87,0.04999999999999716,phoneme,0.0,0.0,0.0,1.0,0.0,0.0,0.0,0.0,0.0,0.0,1.0,0.0,0.0,0.0,
862,i,120.92,0.06999999999999318,phoneme,0.0,1.0,0.0,0.0,0.0,0.0,1.0,0.0,0.0,0.0,0.0,0.0,0.0,1.0,
863,t,120.99,0.14000000000000057,phoneme,0.0,0.0,0.0,0.0,0.0,0.0,0.0,1.0,0.0,0.0,0.0,0.0,1.0,0.0,
864,E,121.13,0.10999999999999943,phoneme,0.0,0.0,1.0,0.0,0.0,0.0,1.0,0.0,0.0,0.0,0.0,0.0,0.0,1.0,
865,l,121.24,0.07000000000000739,phoneme,0.0,0.0,0.0,0.0,0.0,0.0,0.0,0.0,0.0,0.0,1.0,0.0,0.0,0.0,
866,m,121.31,0.09000000000000341,phoneme,0.0,0.0,0.0,1.0,0.0,0.0,0.0,0.0,0.0,1.0,0.0,0.0,0.0,0.0,
867,a~,121.4,0.10999999999999943,phoneme,1.0,0.0,0.0,0.0,0.0,0.0,1.0,0.0,0.0,1.0,0.0,0.0,0.0,1.0,
868,t,121.51,0.09999999999999432,phoneme,0.0,0.0,0.0,0.0,0.0,0.0,0.0,1.0,0.0,0.0,0.0,0.0,1.0,0.0,
869,R,121.61,0.0799999999999983,phoneme,0.0,0.0,0.0,0.0,0.0,0.0,0.0,0.0,0.0,0.0,0.0,1.0,0.0,0.0,
870,i,121.69,0.12999999999999545,phoneme,0.0,1.0,0.0,0.0,0.0,0.0,1.0,0.0,0.0,0.0,0.0,0.0,0.0,1.0,
871,s,121.82,0.2400000000000091,phoneme,0.0,0.0,0.0,0.0,0.0,0.0,0.0,0.0,1.0,0.0,0.0,0.0,1.0,0.0,
872,t,122.06,0.09999999999999432,phoneme,0.0,0.0,0.0,0.0,0.0,0.0,0.0,1.0,0.0,0.0,0.0,0.0,1.0,0.0,
873,S,123.2,0.14000000000000057,phoneme,0.0,0.0,0.0,0.0,0.0,0.0,0.0,0.0,1.0,0.0,0.0,0.0,1.0,0.0,
874,n,123.34,0.0799999999999983,phoneme,0.0,0.0,0.0,0.0,0.0,0.0,0.0,0.0,0.0,1.0,0.0,0.0,0.0,0.0,
875,@,123.42,0.09999999999999432,phoneme,0.0,0.0,1.0,0.0,0.0,0.0,1.0,0.0,0.0,0.0,0.0,0.0,0.0,1.0,
876,p,123.52,0.060000000000002274,phoneme,0.0,0.0,0.0,1.0,0.0,0.0,0.0,1.0,0.0,0.0,0.0,0.0,1.0,0.0,
877,H,123.58,0.04000000000000625,phoneme,0.0,0.0,0.0,1.0,0.0,0.0,0.0,0.0,0.0,0.0,1.0,0.0,0.0,0.0,
878,i,123.62,0.03999999999999204,phoneme,0.0,1.0,0.0,0.0,0.0,0.0,1.0,0.0,0.0,0.0,0.0,0.0,0.0,1.0,
879,p,123.66,0.13000000000000966,phoneme,0.0,0.0,0.0,1.0,0.0,0.0,0.0,1.0,0.0,0.0,0.0,0.0,1.0,0.0,
880,a,123.79,0.12999999999999545,phoneme,1.0,0.0,0.0,0.0,0.0,0.0,1.0,0.0,0.0,0.0,0.0,0.0,0.0,1.0,
881,Z,123.92,0.09999999999999432,phoneme,0.0,0.0,0.0,0.0,0.0,0.0,0.0,0.0,1.0,0.0,0.0,0.0,1.0,1.0,
882,u,124.02,0.060000000000002274,phoneme,0.0,1.0,0.0,0.0,0.0,0.0,1.0,0.0,0.0,0.0,0.0,0.0,0.0,1.0,
883,e,124.08,0.09000000000000341,phoneme,0.0,0.0,1.0,0.0,0.0,0.0,1.0,0.0,0.0,0.0,0.0,0.0,0.0,1.0,
884,a,124.24,0.04000000000000625,phoneme,1.0,0.0,0.0,0.0,0.0,0.0,1.0,0.0,0.0,0.0,0.0,0.0,0.0,1.0,
885,v,124.28,0.04999999999999716,phoneme,0.0,0.0,0.0,0.0,0.0,0.0,0.0,0.0,1.0,0.0,0.0,0.0,1.0,1.0,
886,E,124.33,0.04000000000000625,phoneme,0.0,0.0,1.0,0.0,0.0,0.0,1.0,0.0,0.0,0.0,0.0,0.0,0.0,1.0,
887,k,124.37,0.0799999999999983,phoneme,0.0,0.0,0.0,0.0,0.0,1.0,0.0,1.0,0.0,0.0,0.0,0.0,1.0,0.0,
888,t,124.45,0.10999999999999943,phoneme,0.0,0.0,0.0,0.0,0.0,0.0,0.0,1.0,0.0,0.0,0.0,0.0,1.0,0.0,
889,w,124.56,0.060000000000002274,phoneme,0.0,0.0,0.0,1.0,0.0,1.0,0.0,0.0,0.0,0.0,1.0,0.0,0.0,0.0,
890,a,124.62,0.10999999999999943,phoneme,1.0,0.0,0.0,0.0,0.0,0.0,1.0,0.0,0.0,0.0,0.0,0.0,0.0,1.0,
891,d,125.15,0.0799999999999983,phoneme,0.0,0.0,0.0,0.0,0.0,0.0,0.0,1.0,0.0,0.0,0.0,0.0,1.0,1.0,
892,i,125.23,0.04999999999999716,phoneme,0.0,1.0,0.0,0.0,0.0,0.0,1.0,0.0,0.0,0.0,0.0,0.0,0.0,1.0,
893,l,125.28,0.030000000000001137,phoneme,0.0,0.0,0.0,0.0,0.0,0.0,0.0,0.0,0.0,0.0,1.0,0.0,0.0,0.0,
894,@,125.31,0.0799999999999983,phoneme,0.0,0.0,1.0,0.0,0.0,0.0,1.0,0.0,0.0,0.0,0.0,0.0,0.0,1.0,
895,R,125.39,0.09999999999999432,phoneme,0.0,0.0,0.0,0.0,0.0,0.0,0.0,0.0,0.0,0.0,0.0,1.0,0.0,0.0,
896,@,125.49,0.030000000000001137,phoneme,0.0,0.0,1.0,0.0,0.0,0.0,1.0,0.0,0.0,0.0,0.0,0.0,0.0,1.0,
897,n,125.52,0.0799999999999983,phoneme,0.0,0.0,0.0,0.0,0.0,0.0,0.0,0.0,0.0,1.0,0.0,0.0,0.0,0.0,
898,a,125.6,0.1600000000000108,phoneme,1.0,0.0,0.0,0.0,0.0,0.0,1.0,0.0,0.0,0.0,0.0,0.0,0.0,1.0,
899,R,125.76,0.1700000000000017,phoneme,0.0,0.0,0.0,0.0,0.0,0.0,0.0,0.0,0.0,0.0,0.0,1.0,0.0,0.0,
900,Z,126.3,0.12000000000000455,phoneme,0.0,0.0,0.0,0.0,0.0,0.0,0.0,0.0,1.0,0.0,0.0,0.0,1.0,1.0,
901,@,126.42,0.04999999999999716,phoneme,0.0,0.0,1.0,0.0,0.0,0.0,1.0,0.0,0.0,0.0,0.0,0.0,0.0,1.0,
902,n,126.47,0.04999999999999716,phoneme,0.0,0.0,0.0,0.0,0.0,0.0,0.0,0.0,0.0,1.0,0.0,0.0,0.0,0.0,
903,@,126.52,0.09000000000000341,phoneme,0.0,0.0,1.0,0.0,0.0,0.0,1.0,0.0,0.0,0.0,0.0,0.0,0.0,1.0,
904,s,126.61,0.09000000000000341,phoneme,0.0,0.0,0.0,0.0,0.0,0.0,0.0,0.0,1.0,0.0,0.0,0.0,1.0,0.0,
905,H,126.7,0.03999999999999204,phoneme,0.0,0.0,0.0,1.0,0.0,0.0,0.0,0.0,0.0,0.0,1.0,0.0,0.0,0.0,
906,i,126.74,0.030000000000001137,phoneme,0.0,1.0,0.0,0.0,0.0,0.0,1.0,0.0,0.0,0.0,0.0,0.0,0.0,1.0,
907,p,126.77,0.07000000000000739,phoneme,0.0,0.0,0.0,1.0,0.0,0.0,0.0,1.0,0.0,0.0,0.0,0.0,1.0,0.0,
908,a,126.84,0.11498899999999423,phoneme,1.0,0.0,0.0,0.0,0.0,0.0,1.0,0.0,0.0,0.0,0.0,0.0,0.0,1.0,
909,a,126.954989,0.08498799999999562,phoneme,1.0,0.0,0.0,0.0,0.0,0.0,1.0,0.0,0.0,0.0,0.0,0.0,0.0,1.0,
910,p,127.039977,0.08002300000001128,phoneme,0.0,0.0,0.0,1.0,0.0,0.0,0.0,1.0,0.0,0.0,0.0,0.0,1.0,0.0,
911,R,127.12,0.04999999999999716,phoneme,0.0,0.0,0.0,0.0,0.0,0.0,0.0,0.0,0.0,0.0,0.0,1.0,0.0,0.0,
912,i,127.17,0.0799999999999983,phoneme,0.0,1.0,0.0,0.0,0.0,0.0,1.0,0.0,0.0,0.0,0.0,0.0,0.0,1.0,
913,v,127.25,0.04000000000000625,phoneme,0.0,0.0,0.0,0.0,0.0,0.0,0.0,0.0,1.0,0.0,0.0,0.0,1.0,1.0,
914,w,127.29,0.0799999999999983,phoneme,0.0,0.0,0.0,1.0,0.0,1.0,0.0,0.0,0.0,0.0,1.0,0.0,0.0,0.0,
915,a,127.37,0.030000000000001137,phoneme,1.0,0.0,0.0,0.0,0.0,0.0,1.0,0.0,0.0,0.0,0.0,0.0,0.0,1.0,
916,z,127.4,0.11999999999999034,phoneme,0.0,0.0,0.0,0.0,0.0,0.0,0.0,0.0,1.0,0.0,0.0,0.0,1.0,1.0,
917,e,127.52,0.18000000000000682,phoneme,0.0,0.0,1.0,0.0,0.0,0.0,1.0,0.0,0.0,0.0,0.0,0.0,0.0,1.0,
918,a,128.89,0.2300000000000182,phoneme,1.0,0.0,0.0,0.0,0.0,0.0,1.0,0.0,0.0,0.0,0.0,0.0,0.0,1.0,
919,p,129.33,0.06999999999999318,phoneme,0.0,0.0,0.0,1.0,0.0,0.0,0.0,1.0,0.0,0.0,0.0,0.0,1.0,0.0,
920,a,129.4,0.06999999999999318,phoneme,1.0,0.0,0.0,0.0,0.0,0.0,1.0,0.0,0.0,0.0,0.0,0.0,0.0,1.0,
921,R,129.47,0.0800000000000125,phoneme,0.0,0.0,0.0,0.0,0.0,0.0,0.0,0.0,0.0,0.0,0.0,1.0,0.0,0.0,
922,d,129.55,0.06999999999999318,phoneme,0.0,0.0,0.0,0.0,0.0,0.0,0.0,1.0,0.0,0.0,0.0,0.0,1.0,1.0,
923,o~,129.62,0.12000000000000455,phoneme,0.0,0.0,1.0,0.0,0.0,0.0,1.0,0.0,0.0,1.0,0.0,0.0,0.0,1.0,
924,t,129.74,0.07999999999998408,phoneme,0.0,0.0,0.0,0.0,0.0,0.0,0.0,1.0,0.0,0.0,0.0,0.0,1.0,0.0,
925,f,130.3,0.04999999999998295,phoneme,0.0,0.0,0.0,0.0,0.0,0.0,0.0,0.0,1.0,0.0,0.0,0.0,1.0,0.0,
926,i,130.35,0.06999999999999318,phoneme,0.0,1.0,0.0,0.0,0.0,0.0,1.0,0.0,0.0,0.0,0.0,0.0,0.0,1.0,
927,l,130.42,0.030000000000001137,phoneme,0.0,0.0,0.0,0.0,0.0,0.0,0.0,0.0,0.0,0.0,1.0,0.0,0.0,0.0,
928,@,130.45,0.09000000000000341,phoneme,0.0,0.0,1.0,0.0,0.0,0.0,1.0,0.0,0.0,0.0,0.0,0.0,0.0,1.0,
929,p,130.54,0.0800000000000125,phoneme,0.0,0.0,0.0,1.0,0.0,0.0,0.0,1.0,0.0,0.0,0.0,0.0,1.0,0.0,
930,@,130.62,0.03999999999999204,phoneme,0.0,0.0,1.0,0.0,0.0,0.0,1.0,0.0,0.0,0.0,0.0,0.0,0.0,1.0,
931,t,130.66,0.09999999999999432,phoneme,0.0,0.0,0.0,0.0,0.0,0.0,0.0,1.0,0.0,0.0,0.0,0.0,1.0,0.0,
932,i,130.76,0.0800000000000125,phoneme,0.0,1.0,0.0,0.0,0.0,0.0,1.0,0.0,0.0,0.0,0.0,0.0,0.0,1.0,
933,p,130.84,0.03999999999999204,phoneme,0.0,0.0,0.0,1.0,0.0,0.0,0.0,1.0,0.0,0.0,0.0,0.0,1.0,0.0,
934,R,130.88,0.09000000000000341,phoneme,0.0,0.0,0.0,0.0,0.0,0.0,0.0,0.0,0.0,0.0,0.0,1.0,0.0,0.0,
935,e~,130.97,0.12999999999999545,phoneme,0.0,0.0,1.0,0.0,0.0,0.0,1.0,0.0,0.0,1.0,0.0,0.0,0.0,1.0,
936,s,131.1,0.25,phoneme,0.0,0.0,0.0,0.0,0.0,0.0,0.0,0.0,1.0,0.0,0.0,0.0,1.0,0.0,
937,m,132.04,0.12000000000000455,phoneme,0.0,0.0,0.0,1.0,0.0,0.0,0.0,0.0,0.0,1.0,0.0,0.0,0.0,0.0,
938,E,132.16,0.09999999999999432,phoneme,0.0,0.0,1.0,0.0,0.0,0.0,1.0,0.0,0.0,0.0,0.0,0.0,0.0,1.0,
939,t,132.26,0.09000000000000341,phoneme,0.0,0.0,0.0,0.0,0.0,0.0,0.0,1.0,0.0,0.0,0.0,0.0,1.0,0.0,
940,a,132.54,0.12999999999999545,phoneme,1.0,0.0,0.0,0.0,0.0,0.0,1.0,0.0,0.0,0.0,0.0,0.0,0.0,1.0,
941,p,132.67,0.0700000000000216,phoneme,0.0,0.0,0.0,1.0,0.0,0.0,0.0,1.0,0.0,0.0,0.0,0.0,1.0,0.0,
942,R,132.74,0.07999999999998408,phoneme,0.0,0.0,0.0,0.0,0.0,0.0,0.0,0.0,0.0,0.0,0.0,1.0,0.0,0.0,
943,E,132.82,0.0800000000000125,phoneme,0.0,0.0,1.0,0.0,0.0,0.0,1.0,0.0,0.0,0.0,0.0,0.0,0.0,1.0,
944,R,132.9,0.06999999999999318,phoneme,0.0,0.0,0.0,0.0,0.0,0.0,0.0,0.0,0.0,0.0,0.0,1.0,0.0,0.0,
945,e,132.97,0.060000000000002274,phoneme,0.0,0.0,1.0,0.0,0.0,0.0,1.0,0.0,0.0,0.0,0.0,0.0,0.0,1.0,
946,f,133.03,0.09000000000000341,phoneme,0.0,0.0,0.0,0.0,0.0,0.0,0.0,0.0,1.0,0.0,0.0,0.0,1.0,0.0,
947,l,133.12,0.030000000000001137,phoneme,0.0,0.0,0.0,0.0,0.0,0.0,0.0,0.0,0.0,0.0,1.0,0.0,0.0,0.0,
948,E,133.15,0.04999999999998295,phoneme,0.0,0.0,1.0,0.0,0.0,0.0,1.0,0.0,0.0,0.0,0.0,0.0,0.0,1.0,
949,k,133.2,0.09000000000000341,phoneme,0.0,0.0,0.0,0.0,0.0,1.0,0.0,1.0,0.0,0.0,0.0,0.0,1.0,0.0,
950,s,133.29,0.12000000000000455,phoneme,0.0,0.0,0.0,0.0,0.0,0.0,0.0,0.0,1.0,0.0,0.0,0.0,1.0,0.0,
951,j,133.41,0.03999999999999204,phoneme,0.0,0.0,0.0,0.0,0.0,0.0,0.0,0.0,0.0,0.0,1.0,0.0,0.0,0.0,
952,o~,133.45,0.09000000000000341,phoneme,0.0,0.0,1.0,0.0,0.0,0.0,1.0,0.0,0.0,1.0,0.0,0.0,0.0,1.0,
953,t,133.54,0.0700000000000216,phoneme,0.0,0.0,0.0,0.0,0.0,0.0,0.0,1.0,0.0,0.0,0.0,0.0,1.0,0.0,
954,i,133.83,0.10999999999998522,phoneme,0.0,1.0,0.0,0.0,0.0,0.0,1.0,0.0,0.0,0.0,0.0,0.0,0.0,1.0,
955,l,133.94,0.06999999999999318,phoneme,0.0,0.0,0.0,0.0,0.0,0.0,0.0,0.0,0.0,0.0,1.0,0.0,0.0,0.0,
956,a,134.01,0.0700000000000216,phoneme,1.0,0.0,0.0,0.0,0.0,0.0,1.0,0.0,0.0,0.0,0.0,0.0,0.0,1.0,
957,Z,134.08,0.09999999999999432,phoneme,0.0,0.0,0.0,0.0,0.0,0.0,0.0,0.0,1.0,0.0,0.0,0.0,1.0,1.0,
958,u,134.18,0.07999999999998408,phoneme,0.0,1.0,0.0,0.0,0.0,0.0,1.0,0.0,0.0,0.0,0.0,0.0,0.0,1.0,
959,t,134.26,0.11000000000001364,phoneme,0.0,0.0,0.0,0.0,0.0,0.0,0.0,1.0,0.0,0.0,0.0,0.0,1.0,0.0,
960,a,134.37,0.12999999999999545,phoneme,1.0,0.0,0.0,0.0,0.0,0.0,1.0,0.0,0.0,0.0,0.0,0.0,0.0,1.0,
961,k,135.17,0.0800000000000125,phoneme,0.0,0.0,0.0,0.0,0.0,1.0,0.0,1.0,0.0,0.0,0.0,0.0,1.0,0.0,
962,t,135.25,0.060000000000002274,phoneme,0.0,0.0,0.0,0.0,0.0,0.0,0.0,1.0,0.0,0.0,0.0,0.0,1.0,0.0,
963,s,135.31,0.09999999999999432,phoneme,0.0,0.0,0.0,0.0,0.0,0.0,0.0,0.0,1.0,0.0,0.0,0.0,1.0,0.0,
964,k,135.41,0.05000000000001137,phoneme,0.0,0.0,0.0,0.0,0.0,1.0,0.0,1.0,0.0,0.0,0.0,0.0,1.0,0.0,
965,@,135.46,0.06498899999999708,phoneme,0.0,0.0,1.0,0.0,0.0,0.0,1.0,0.0,0.0,0.0,0.0,0.0,0.0,1.0,
966,s,135.524989,0.12498800000000188,phoneme,0.0,0.0,0.0,0.0,0.0,0.0,0.0,0.0,1.0,0.0,0.0,0.0,1.0,0.0,
967,i,135.649977,0.06002300000000105,phoneme,0.0,1.0,0.0,0.0,0.0,0.0,1.0,0.0,0.0,0.0,0.0,0.0,0.0,1.0,
968,J,135.71,0.030000000000001137,phoneme,0.0,0.0,0.0,0.0,0.0,0.0,0.0,0.0,0.0,1.0,0.0,0.0,0.0,0.0,
969,i,135.74,0.13999999999998636,phoneme,0.0,1.0,0.0,0.0,0.0,0.0,1.0,0.0,0.0,0.0,0.0,0.0,0.0,1.0,
970,f,135.88,0.14000000000001478,phoneme,0.0,0.0,0.0,0.0,0.0,0.0,0.0,0.0,1.0,0.0,0.0,0.0,1.0,0.0,
971,i,136.02,0.1599999999999966,phoneme,0.0,1.0,0.0,0.0,0.0,0.0,1.0,0.0,0.0,0.0,0.0,0.0,0.0,1.0,
972,a,136.18,0.03999999999999204,phoneme,1.0,0.0,0.0,0.0,0.0,0.0,1.0,0.0,0.0,0.0,0.0,0.0,0.0,1.0,
973,p,136.22,0.060000000000002274,phoneme,0.0,0.0,0.0,1.0,0.0,0.0,0.0,1.0,0.0,0.0,0.0,0.0,1.0,0.0,
974,R,136.28,0.060000000000002274,phoneme,0.0,0.0,0.0,0.0,0.0,0.0,0.0,0.0,0.0,0.0,0.0,1.0,0.0,0.0,
975,i,136.34,0.09999999999999432,phoneme,0.0,1.0,0.0,0.0,0.0,0.0,1.0,0.0,0.0,0.0,0.0,0.0,0.0,1.0,
976,v,136.44,0.030000000000001137,phoneme,0.0,0.0,0.0,0.0,0.0,0.0,0.0,0.0,1.0,0.0,0.0,0.0,1.0,1.0,
977,w,136.47,0.09999999999999432,phoneme,0.0,0.0,0.0,1.0,0.0,1.0,0.0,0.0,0.0,0.0,1.0,0.0,0.0,0.0,
978,a,136.57,0.030000000000001137,phoneme,1.0,0.0,0.0,0.0,0.0,0.0,1.0,0.0,0.0,0.0,0.0,0.0,0.0,1.0,
979,z,136.6,0.11000000000001364,phoneme,0.0,0.0,0.0,0.0,0.0,0.0,0.0,0.0,1.0,0.0,0.0,0.0,1.0,1.0,
980,e,136.71,0.18999999999999773,phoneme,0.0,0.0,1.0,0.0,0.0,0.0,1.0,0.0,0.0,0.0,0.0,0.0,0.0,1.0,
981,t,138.04,0.12000000000000455,phoneme,0.0,0.0,0.0,0.0,0.0,0.0,0.0,1.0,0.0,0.0,0.0,0.0,1.0,0.0,
982,y,138.16,0.04498900000001527,phoneme,0.0,1.0,0.0,0.0,0.0,0.0,1.0,0.0,0.0,0.0,0.0,0.0,0.0,1.0,
983,n,138.204989,0.0649879999999996,phoneme,0.0,0.0,0.0,0.0,0.0,0.0,0.0,0.0,0.0,1.0,0.0,0.0,0.0,0.0,
984,E,138.269977,0.06002300000000105,phoneme,0.0,0.0,1.0,0.0,0.0,0.0,1.0,0.0,0.0,0.0,0.0,0.0,0.0,1.0,
985,s,138.33,0.030000000000001137,phoneme,0.0,0.0,0.0,0.0,0.0,0.0,0.0,0.0,1.0,0.0,0.0,0.0,1.0,0.0,
986,p,138.36,0.03999999999999204,phoneme,0.0,0.0,0.0,1.0,0.0,0.0,0.0,1.0,0.0,0.0,0.0,0.0,1.0,0.0,
987,a,138.4,0.060000000000002274,phoneme,1.0,0.0,0.0,0.0,0.0,0.0,1.0,0.0,0.0,0.0,0.0,0.0,0.0,1.0,
988,d,138.46,0.060000000000002274,phoneme,0.0,0.0,0.0,0.0,0.0,0.0,0.0,1.0,0.0,0.0,0.0,0.0,1.0,1.0,
989,i,138.52,0.09000000000000341,phoneme,0.0,1.0,0.0,0.0,0.0,0.0,1.0,0.0,0.0,0.0,0.0,0.0,0.0,1.0,
990,s,138.61,0.18999999999999773,phoneme,0.0,0.0,0.0,0.0,0.0,0.0,0.0,0.0,1.0,0.0,0.0,0.0,1.0,0.0,
991,i,138.8,0.1699999999999875,phoneme,0.0,1.0,0.0,0.0,0.0,0.0,1.0,0.0,0.0,0.0,0.0,0.0,0.0,1.0,
992,d,139.28,0.12000000000000455,phoneme,0.0,0.0,0.0,0.0,0.0,0.0,0.0,1.0,0.0,0.0,0.0,0.0,1.0,1.0,
993,i,139.4,0.060000000000002274,phoneme,0.0,1.0,0.0,0.0,0.0,0.0,1.0,0.0,0.0,0.0,0.0,0.0,0.0,1.0,
994,l,139.46,0.03999999999999204,phoneme,0.0,0.0,0.0,0.0,0.0,0.0,0.0,0.0,0.0,0.0,1.0,0.0,0.0,0.0,
995,@,139.5,0.06999999999999318,phoneme,0.0,0.0,1.0,0.0,0.0,0.0,1.0,0.0,0.0,0.0,0.0,0.0,0.0,1.0,
996,R,139.57,0.060000000000002274,phoneme,0.0,0.0,0.0,0.0,0.0,0.0,0.0,0.0,0.0,0.0,0.0,1.0,0.0,0.0,
997,@,139.63,0.05000000000001137,phoneme,0.0,0.0,1.0,0.0,0.0,0.0,1.0,0.0,0.0,0.0,0.0,0.0,0.0,1.0,
998,n,139.68,0.09999999999999432,phoneme,0.0,0.0,0.0,0.0,0.0,0.0,0.0,0.0,0.0,1.0,0.0,0.0,0.0,0.0,
999,a,139.78,0.19999999999998863,phoneme,1.0,0.0,0.0,0.0,0.0,0.0,1.0,0.0,0.0,0.0,0.0,0.0,0.0,1.0,
1000,R,139.98,0.1599999999999966,phoneme,0.0,0.0,0.0,0.0,0.0,0.0,0.0,0.0,0.0,0.0,0.0,1.0,0.0,0.0,
1001,k,140.47,0.11000000000001364,phoneme,0.0,0.0,0.0,0.0,0.0,1.0,0.0,1.0,0.0,0.0,0.0,0.0,1.0,0.0,
1002,S,140.58,0.1599999999999966,phoneme,0.0,0.0,0.0,0.0,0.0,0.0,0.0,0.0,1.0,0.0,0.0,0.0,1.0,0.0,
1003,E,140.74,0.04999999999998295,phoneme,0.0,0.0,1.0,0.0,0.0,0.0,1.0,0.0,0.0,0.0,0.0,0.0,0.0,1.0,
1004,R,140.79,0.030000000000001137,phoneme,0.0,0.0,0.0,0.0,0.0,0.0,0.0,0.0,0.0,0.0,0.0,1.0,0.0,0.0,
1005,S,140.82,0.14000000000001478,phoneme,0.0,0.0,0.0,0.0,0.0,0.0,0.0,0.0,1.0,0.0,0.0,0.0,1.0,0.0,
1006,t,141.01,0.1599999999999966,phoneme,0.0,0.0,0.0,0.0,0.0,0.0,0.0,1.0,0.0,0.0,0.0,0.0,1.0,0.0,
1007,y,141.17,0.160000000000025,phoneme,0.0,1.0,0.0,0.0,0.0,0.0,1.0,0.0,0.0,0.0,0.0,0.0,0.0,1.0,
1008,S,142.22,0.14000000000001478,phoneme,0.0,0.0,0.0,0.0,0.0,0.0,0.0,0.0,1.0,0.0,0.0,0.0,1.0,0.0,
1009,S,142.36,0.1799999999999784,phoneme,0.0,0.0,0.0,0.0,0.0,0.0,0.0,0.0,1.0,0.0,0.0,0.0,1.0,0.0,
1010,E,142.54,0.060000000000002274,phoneme,0.0,0.0,1.0,0.0,0.0,0.0,1.0,0.0,0.0,0.0,0.0,0.0,0.0,1.0,
1011,R,142.6,0.030000000000001137,phoneme,0.0,0.0,0.0,0.0,0.0,0.0,0.0,0.0,0.0,0.0,0.0,1.0,0.0,0.0,
1012,S,142.63,0.14000000000001478,phoneme,0.0,0.0,0.0,0.0,0.0,0.0,0.0,0.0,1.0,0.0,0.0,0.0,1.0,0.0,
1013,l,142.77,0.07999999999998408,phoneme,0.0,0.0,0.0,0.0,0.0,0.0,0.0,0.0,0.0,0.0,1.0,0.0,0.0,0.0,
1014,e,142.85,0.09000000000000341,phoneme,0.0,0.0,1.0,0.0,0.0,0.0,1.0,0.0,0.0,0.0,0.0,0.0,0.0,1.0,
1015,t,142.94,0.12999999999999545,phoneme,0.0,0.0,0.0,0.0,0.0,0.0,0.0,1.0,0.0,0.0,0.0,0.0,1.0,0.0,
1016,O,143.07,0.14000000000001478,phoneme,0.0,0.0,1.0,0.0,0.0,0.0,1.0,0.0,0.0,0.0,0.0,0.0,0.0,1.0,
1017,m,143.21,0.10999999999998522,phoneme,0.0,0.0,0.0,1.0,0.0,0.0,0.0,0.0,0.0,1.0,0.0,0.0,0.0,0.0,
1018,@,143.32,0.060000000000002274,phoneme,0.0,0.0,1.0,0.0,0.0,0.0,1.0,0.0,0.0,0.0,0.0,0.0,0.0,1.0,
1019,d,143.77,0.09999999999999432,phoneme,0.0,0.0,0.0,0.0,0.0,0.0,0.0,1.0,0.0,0.0,0.0,0.0,1.0,1.0,
1020,i,143.87,0.03999999999999204,phoneme,0.0,1.0,0.0,0.0,0.0,0.0,1.0,0.0,0.0,0.0,0.0,0.0,0.0,1.0,
1021,l,143.91,0.03999999999999204,phoneme,0.0,0.0,0.0,0.0,0.0,0.0,0.0,0.0,0.0,0.0,1.0,0.0,0.0,0.0,
1022,@,143.95,0.0700000000000216,phoneme,0.0,0.0,1.0,0.0,0.0,0.0,1.0,0.0,0.0,0.0,0.0,0.0,0.0,1.0,
1023,p,144.02,0.07999999999998408,phoneme,0.0,0.0,0.0,1.0,0.0,0.0,0.0,1.0,0.0,0.0,0.0,0.0,1.0,0.0,
1024,@,144.1,0.05000000000001137,phoneme,0.0,0.0,1.0,0.0,0.0,0.0,1.0,0.0,0.0,0.0,0.0,0.0,0.0,1.0,
1025,t,144.15,0.07999999999998408,phoneme,0.0,0.0,0.0,0.0,0.0,0.0,0.0,1.0,0.0,0.0,0.0,0.0,1.0,0.0,
1026,i,144.23,0.0800000000000125,phoneme,0.0,1.0,0.0,0.0,0.0,0.0,1.0,0.0,0.0,0.0,0.0,0.0,0.0,1.0,
1027,p,144.31,0.03999999999999204,phoneme,0.0,0.0,0.0,1.0,0.0,0.0,0.0,1.0,0.0,0.0,0.0,0.0,1.0,0.0,
1028,R,144.35,0.0800000000000125,phoneme,0.0,0.0,0.0,0.0,0.0,0.0,0.0,0.0,0.0,0.0,0.0,1.0,0.0,0.0,
1029,e~,144.43,0.13999999999998636,phoneme,0.0,0.0,1.0,0.0,0.0,0.0,1.0,0.0,0.0,1.0,0.0,0.0,0.0,1.0,
1030,s,144.57,0.28000000000000114,phoneme,0.0,0.0,0.0,0.0,0.0,0.0,0.0,0.0,1.0,0.0,0.0,0.0,1.0,0.0,
1031,k,145.44,0.060000000000002274,phoneme,0.0,0.0,0.0,0.0,0.0,1.0,0.0,1.0,0.0,0.0,0.0,0.0,1.0,0.0,
1032,t,145.5,0.060000000000002274,phoneme,0.0,0.0,0.0,0.0,0.0,0.0,0.0,1.0,0.0,0.0,0.0,0.0,1.0,0.0,
1033,s,145.56,0.09999999999999432,phoneme,0.0,0.0,0.0,0.0,0.0,0.0,0.0,0.0,1.0,0.0,0.0,0.0,1.0,0.0,
1034,k,145.66,0.060000000000002274,phoneme,0.0,0.0,0.0,0.0,0.0,1.0,0.0,1.0,0.0,0.0,0.0,0.0,1.0,0.0,
1035,@,145.72,0.030000000000001137,phoneme,0.0,0.0,1.0,0.0,0.0,0.0,1.0,0.0,0.0,0.0,0.0,0.0,0.0,1.0,
1036,s,145.75,0.13999999999998636,phoneme,0.0,0.0,0.0,0.0,0.0,0.0,0.0,0.0,1.0,0.0,0.0,0.0,1.0,0.0,
1037,i,145.89,0.11000000000001364,phoneme,0.0,1.0,0.0,0.0,0.0,0.0,1.0,0.0,0.0,0.0,0.0,0.0,0.0,1.0,
1038,J,146.0,0.05000000000001137,phoneme,0.0,0.0,0.0,0.0,0.0,0.0,0.0,0.0,0.0,1.0,0.0,0.0,0.0,0.0,
1039,i,146.05,0.10999999999998522,phoneme,0.0,1.0,0.0,0.0,0.0,0.0,1.0,0.0,0.0,0.0,0.0,0.0,0.0,1.0,
1040,f,146.16,0.12999999999999545,phoneme,0.0,0.0,0.0,0.0,0.0,0.0,0.0,0.0,1.0,0.0,0.0,0.0,1.0,0.0,
1041,i,146.29,0.21999999999999886,phoneme,0.0,1.0,0.0,0.0,0.0,0.0,1.0,0.0,0.0,0.0,0.0,0.0,0.0,1.0,
1042,a,146.57,0.12000000000000455,phoneme,1.0,0.0,0.0,0.0,0.0,0.0,1.0,0.0,0.0,0.0,0.0,0.0,0.0,1.0,
1043,p,146.69,0.060000000000002274,phoneme,0.0,0.0,0.0,1.0,0.0,0.0,0.0,1.0,0.0,0.0,0.0,0.0,1.0,0.0,
1044,R,146.75,0.060000000000002274,phoneme,0.0,0.0,0.0,0.0,0.0,0.0,0.0,0.0,0.0,0.0,0.0,1.0,0.0,0.0,
1045,i,146.81,0.09999999999999432,phoneme,0.0,1.0,0.0,0.0,0.0,0.0,1.0,0.0,0.0,0.0,0.0,0.0,0.0,1.0,
1046,v,146.91,0.03999999999999204,phoneme,0.0,0.0,0.0,0.0,0.0,0.0,0.0,0.0,1.0,0.0,0.0,0.0,1.0,1.0,
1047,w,146.95,0.11000000000001364,phoneme,0.0,0.0,0.0,1.0,0.0,1.0,0.0,0.0,0.0,0.0,1.0,0.0,0.0,0.0,
1048,a,147.06,0.030000000000001137,phoneme,1.0,0.0,0.0,0.0,0.0,0.0,1.0,0.0,0.0,0.0,0.0,0.0,0.0,1.0,
1049,z,147.09,0.09999999999999432,phoneme,0.0,0.0,0.0,0.0,0.0,0.0,0.0,0.0,1.0,0.0,0.0,0.0,1.0,1.0,
1050,e,147.19,0.22999999999998977,phoneme,0.0,0.0,1.0,0.0,0.0,0.0,1.0,0.0,0.0,0.0,0.0,0.0,0.0,1.0,
1051,l,148.67,0.030000000000001137,phoneme,0.0,0.0,0.0,0.0,0.0,0.0,0.0,0.0,0.0,0.0,1.0,0.0,0.0,0.0,
1052,e,148.7,0.12000000000000455,phoneme,0.0,0.0,1.0,0.0,0.0,0.0,1.0,0.0,0.0,0.0,0.0,0.0,0.0,1.0,
1053,z,148.82,0.11000000000001364,phoneme,0.0,0.0,0.0,0.0,0.0,0.0,0.0,0.0,1.0,0.0,0.0,0.0,1.0,1.0,
1054,O,148.93,0.15000000000000568,phoneme,0.0,0.0,1.0,0.0,0.0,0.0,1.0,0.0,0.0,0.0,0.0,0.0,0.0,1.0,
1055,m,149.08,0.09999999999999432,phoneme,0.0,0.0,0.0,1.0,0.0,0.0,0.0,0.0,0.0,1.0,0.0,0.0,0.0,0.0,
1056,@,149.18,0.04999999999998295,phoneme,0.0,0.0,1.0,0.0,0.0,0.0,1.0,0.0,0.0,0.0,0.0,0.0,0.0,1.0,
1057,d,149.53,0.12000000000000455,phoneme,0.0,0.0,0.0,0.0,0.0,0.0,0.0,1.0,0.0,0.0,0.0,0.0,1.0,1.0,
1058,i,149.65,0.04999999999998295,phoneme,0.0,1.0,0.0,0.0,0.0,0.0,1.0,0.0,0.0,0.0,0.0,0.0,0.0,1.0,
1059,l,149.7,0.030000000000001137,phoneme,0.0,0.0,0.0,0.0,0.0,0.0,0.0,0.0,0.0,0.0,1.0,0.0,0.0,0.0,
1060,@,149.73,0.0800000000000125,phoneme,0.0,0.0,1.0,0.0,0.0,0.0,1.0,0.0,0.0,0.0,0.0,0.0,0.0,1.0,
1061,R,149.81,0.060000000000002274,phoneme,0.0,0.0,0.0,0.0,0.0,0.0,0.0,0.0,0.0,0.0,0.0,1.0,0.0,0.0,
1062,@,149.87,0.03999999999999204,phoneme,0.0,0.0,1.0,0.0,0.0,0.0,1.0,0.0,0.0,0.0,0.0,0.0,0.0,1.0,
1063,n,149.91,0.09999999999999432,phoneme,0.0,0.0,0.0,0.0,0.0,0.0,0.0,0.0,0.0,1.0,0.0,0.0,0.0,0.0,
1064,a,150.01,0.18999999999999773,phoneme,1.0,0.0,0.0,0.0,0.0,0.0,1.0,0.0,0.0,0.0,0.0,0.0,0.0,1.0,
1065,R,150.2,0.13000000000002387,phoneme,0.0,0.0,0.0,0.0,0.0,0.0,0.0,0.0,0.0,0.0,0.0,1.0,0.0,0.0,
1066,i,150.7,0.14000000000001478,phoneme,0.0,1.0,0.0,0.0,0.0,0.0,1.0,0.0,0.0,0.0,0.0,0.0,0.0,1.0,
1067,l,150.84,0.030000000000001137,phoneme,0.0,0.0,0.0,0.0,0.0,0.0,0.0,0.0,0.0,0.0,1.0,0.0,0.0,0.0,
1068,z,150.87,0.06999999999999318,phoneme,0.0,0.0,0.0,0.0,0.0,0.0,0.0,0.0,1.0,0.0,0.0,0.0,1.0,1.0,
1069,o~,150.94,0.09999999999999432,phoneme,0.0,0.0,1.0,0.0,0.0,0.0,1.0,0.0,0.0,1.0,0.0,0.0,0.0,1.0,
1070,d,151.04,0.05000000000001137,phoneme,0.0,0.0,0.0,0.0,0.0,0.0,0.0,1.0,0.0,0.0,0.0,0.0,1.0,1.0,
1071,e,151.09,0.09000000000000341,phoneme,0.0,0.0,1.0,0.0,0.0,0.0,1.0,0.0,0.0,0.0,0.0,0.0,0.0,1.0,
1072,f,151.18,0.1599999999999966,phoneme,0.0,0.0,0.0,0.0,0.0,0.0,0.0,0.0,1.0,0.0,0.0,0.0,1.0,0.0,
1073,y,151.34,0.03999999999999204,phoneme,0.0,1.0,0.0,0.0,0.0,0.0,1.0,0.0,0.0,0.0,0.0,0.0,0.0,1.0,
1074,z,151.38,0.09999999999999432,phoneme,0.0,0.0,0.0,0.0,0.0,0.0,0.0,0.0,1.0,0.0,0.0,0.0,1.0,1.0,
1075,i,151.48,0.14498900000000958,phoneme,0.0,1.0,0.0,0.0,0.0,0.0,1.0,0.0,0.0,0.0,0.0,0.0,0.0,1.0,
1076,e,151.624989,0.20498800000001438,phoneme,0.0,0.0,1.0,0.0,0.0,0.0,1.0,0.0,0.0,0.0,0.0,0.0,0.0,1.0,
1077,i,151.829977,0.040022999999990816,phoneme,0.0,1.0,0.0,0.0,0.0,0.0,1.0,0.0,0.0,0.0,0.0,0.0,0.0,1.0,
1078,S,151.87,0.19999999999998863,phoneme,0.0,0.0,0.0,0.0,0.0,0.0,0.0,0.0,1.0,0.0,0.0,0.0,1.0,0.0,
1079,a,152.07,0.12000000000000455,phoneme,1.0,0.0,0.0,0.0,0.0,0.0,1.0,0.0,0.0,0.0,0.0,0.0,0.0,1.0,
1080,s,152.19,0.2599999999999909,phoneme,0.0,0.0,0.0,0.0,0.0,0.0,0.0,0.0,1.0,0.0,0.0,0.0,1.0,0.0,
1081,s,152.73,0.1599999999999966,phoneme,0.0,0.0,0.0,0.0,0.0,0.0,0.0,0.0,1.0,0.0,0.0,0.0,1.0,0.0,
1082,e,152.89,0.10000000000002274,phoneme,0.0,0.0,1.0,0.0,0.0,0.0,1.0,0.0,0.0,0.0,0.0,0.0,0.0,1.0,
1083,b,152.99,0.04999999999998295,phoneme,0.0,0.0,0.0,1.0,0.0,0.0,0.0,1.0,0.0,0.0,0.0,0.0,1.0,1.0,
1084,j,153.04,0.14000000000001478,phoneme,0.0,0.0,0.0,0.0,0.0,0.0,0.0,0.0,0.0,0.0,1.0,0.0,0.0,0.0,
1085,9~,153.18,0.060000000000002274,phoneme,0.0,0.0,1.0,0.0,0.0,0.0,1.0,0.0,0.0,1.0,0.0,0.0,0.0,1.0,
1086,Z,153.24,0.1799999999999784,phoneme,0.0,0.0,0.0,0.0,0.0,0.0,0.0,0.0,1.0,0.0,0.0,0.0,1.0,1.0,
1087,E,153.42,0.05000000000001137,phoneme,0.0,0.0,1.0,0.0,0.0,0.0,1.0,0.0,0.0,0.0,0.0,0.0,0.0,1.0,
1088,n,153.47,0.12000000000000455,phoneme,0.0,0.0,0.0,0.0,0.0,0.0,0.0,0.0,0.0,1.0,0.0,0.0,0.0,0.0,
1089,a~,153.59,0.12000000000000455,phoneme,1.0,0.0,0.0,0.0,0.0,0.0,1.0,0.0,0.0,1.0,0.0,0.0,0.0,1.0,
1090,t,153.71,0.09999999999999432,phoneme,0.0,0.0,0.0,0.0,0.0,0.0,0.0,1.0,0.0,0.0,0.0,0.0,1.0,0.0,
1091,i,154.36,0.08999999999997499,phoneme,0.0,1.0,0.0,0.0,0.0,0.0,1.0,0.0,0.0,0.0,0.0,0.0,0.0,1.0,
1092,l,154.45,0.040000000000020464,phoneme,0.0,0.0,0.0,0.0,0.0,0.0,0.0,0.0,0.0,0.0,1.0,0.0,0.0,0.0,
1093,z,154.49,0.10999999999998522,phoneme,0.0,0.0,0.0,0.0,0.0,0.0,0.0,0.0,1.0,0.0,0.0,0.0,1.0,1.0,
1094,e,154.6,0.06999999999999318,phoneme,0.0,0.0,1.0,0.0,0.0,0.0,1.0,0.0,0.0,0.0,0.0,0.0,0.0,1.0,
1095,l,154.67,0.040000000000020464,phoneme,0.0,0.0,0.0,0.0,0.0,0.0,0.0,0.0,0.0,0.0,1.0,0.0,0.0,0.0,
1096,E,154.71,0.09000000000000341,phoneme,0.0,0.0,1.0,0.0,0.0,0.0,1.0,0.0,0.0,0.0,0.0,0.0,0.0,1.0,
1097,v,154.8,0.07999999999998408,phoneme,0.0,0.0,0.0,0.0,0.0,0.0,0.0,0.0,1.0,0.0,0.0,0.0,1.0,1.0,
1098,o,154.88,0.060000000000002274,phoneme,0.0,0.0,1.0,0.0,0.0,0.0,1.0,0.0,0.0,0.0,0.0,0.0,0.0,1.0,
1099,s,154.94,0.12000000000000455,phoneme,0.0,0.0,0.0,0.0,0.0,0.0,0.0,0.0,1.0,0.0,0.0,0.0,1.0,0.0,
1100,i,155.06,0.06999999999999318,phoneme,0.0,1.0,0.0,0.0,0.0,0.0,1.0,0.0,0.0,0.0,0.0,0.0,0.0,1.0,
1101,d,155.13,0.05000000000001137,phoneme,0.0,0.0,0.0,0.0,0.0,0.0,0.0,1.0,0.0,0.0,0.0,0.0,1.0,1.0,
1102,e,155.18,0.060000000000002274,phoneme,0.0,0.0,1.0,0.0,0.0,0.0,1.0,0.0,0.0,0.0,0.0,0.0,0.0,1.0,
1103,t,155.24,0.060000000000002274,phoneme,0.0,0.0,0.0,0.0,0.0,0.0,0.0,1.0,0.0,0.0,0.0,0.0,1.0,0.0,
1104,p,155.3,0.13999999999998636,phoneme,0.0,0.0,0.0,1.0,0.0,0.0,0.0,1.0,0.0,0.0,0.0,0.0,1.0,0.0,
1105,u,155.44,0.060000000000002274,phoneme,0.0,1.0,0.0,0.0,0.0,0.0,1.0,0.0,0.0,0.0,0.0,0.0,0.0,1.0,
1106,l,155.5,0.19999999999998863,phoneme,0.0,0.0,0.0,0.0,0.0,0.0,0.0,0.0,0.0,0.0,1.0,0.0,0.0,0.0,
1107,s,156.05,0.11999999999997613,phoneme,0.0,0.0,0.0,0.0,0.0,0.0,0.0,0.0,1.0,0.0,0.0,0.0,1.0,0.0,
1108,E,156.17,0.05000000000001137,phoneme,0.0,0.0,1.0,0.0,0.0,0.0,1.0,0.0,0.0,0.0,0.0,0.0,0.0,1.0,
1109,l,156.22,0.05000000000001137,phoneme,0.0,0.0,0.0,0.0,0.0,0.0,0.0,0.0,0.0,0.0,1.0,0.0,0.0,0.0,
1110,9,156.27,0.04999999999998295,phoneme,0.0,0.0,1.0,0.0,0.0,0.0,1.0,0.0,0.0,0.0,0.0,0.0,0.0,1.0,
1111,R,156.32,0.09999999999999432,phoneme,0.0,0.0,0.0,0.0,0.0,0.0,0.0,0.0,0.0,0.0,0.0,1.0,0.0,0.0,
1112,s,156.42,0.11000000000001364,phoneme,0.0,0.0,0.0,0.0,0.0,0.0,0.0,0.0,1.0,0.0,0.0,0.0,1.0,0.0,
1113,9,156.53,0.03999999999999204,phoneme,0.0,0.0,1.0,0.0,0.0,0.0,1.0,0.0,0.0,0.0,0.0,0.0,0.0,1.0,
1114,l,156.57,0.06999999999999318,phoneme,0.0,0.0,0.0,0.0,0.0,0.0,0.0,0.0,0.0,0.0,1.0,0.0,0.0,0.0,
1115,e~,156.64,0.09000000000000341,phoneme,0.0,0.0,1.0,0.0,0.0,0.0,1.0,0.0,0.0,1.0,0.0,0.0,0.0,1.0,
1116,t,156.73,0.09000000000000341,phoneme,0.0,0.0,0.0,0.0,0.0,0.0,0.0,1.0,0.0,0.0,0.0,0.0,1.0,0.0,
1117,e,156.82,0.0800000000000125,phoneme,0.0,0.0,1.0,0.0,0.0,0.0,1.0,0.0,0.0,0.0,0.0,0.0,0.0,1.0,
1118,R,156.9,0.060000000000002274,phoneme,0.0,0.0,0.0,0.0,0.0,0.0,0.0,0.0,0.0,0.0,0.0,1.0,0.0,0.0,
1119,E,156.96,0.10999999999998522,phoneme,0.0,0.0,1.0,0.0,0.0,0.0,1.0,0.0,0.0,0.0,0.0,0.0,0.0,1.0,
1120,t,157.74,0.060000000000002274,phoneme,0.0,0.0,0.0,0.0,0.0,0.0,0.0,1.0,0.0,0.0,0.0,0.0,1.0,0.0,
1121,y,157.8,0.03999999999999204,phoneme,0.0,1.0,0.0,0.0,0.0,0.0,1.0,0.0,0.0,0.0,0.0,0.0,0.0,1.0,
1122,S,157.84,0.15000000000000568,phoneme,0.0,0.0,0.0,0.0,0.0,0.0,0.0,0.0,1.0,0.0,0.0,0.0,1.0,0.0,
1123,E,157.99,0.04999999999998295,phoneme,0.0,0.0,1.0,0.0,0.0,0.0,1.0,0.0,0.0,0.0,0.0,0.0,0.0,1.0,
1124,R,158.04,0.040000000000020464,phoneme,0.0,0.0,0.0,0.0,0.0,0.0,0.0,0.0,0.0,0.0,0.0,1.0,0.0,0.0,
1125,S,158.08,0.11999999999997613,phoneme,0.0,0.0,0.0,0.0,0.0,0.0,0.0,0.0,1.0,0.0,0.0,0.0,1.0,0.0,
1126,d,158.2,0.030000000000001137,phoneme,0.0,0.0,0.0,0.0,0.0,0.0,0.0,1.0,0.0,0.0,0.0,0.0,1.0,1.0,
1127,e,158.23,0.13000000000002387,phoneme,0.0,0.0,1.0,0.0,0.0,0.0,1.0,0.0,0.0,0.0,0.0,0.0,0.0,1.0,
1128,p,158.36,0.05999999999997385,phoneme,0.0,0.0,0.0,1.0,0.0,0.0,0.0,1.0,0.0,0.0,0.0,0.0,1.0,0.0,
1129,u,158.42,0.13000000000002387,phoneme,0.0,1.0,0.0,0.0,0.0,0.0,1.0,0.0,0.0,0.0,0.0,0.0,0.0,1.0,
1130,l,158.55,0.11999999999997613,phoneme,0.0,0.0,0.0,0.0,0.0,0.0,0.0,0.0,0.0,0.0,1.0,0.0,0.0,0.0,
1131,n,159.67,0.13000000000002387,phoneme,0.0,0.0,0.0,0.0,0.0,0.0,0.0,0.0,0.0,1.0,0.0,0.0,0.0,0.0,
1132,o~,159.8,0.11999999999997613,phoneme,0.0,0.0,1.0,0.0,0.0,0.0,1.0,0.0,0.0,1.0,0.0,0.0,0.0,1.0,
1133,d,160.31,0.09000000000000341,phoneme,0.0,0.0,0.0,0.0,0.0,0.0,0.0,1.0,0.0,0.0,0.0,0.0,1.0,1.0,
1134,i,160.4,0.060000000000002274,phoneme,0.0,1.0,0.0,0.0,0.0,0.0,1.0,0.0,0.0,0.0,0.0,0.0,0.0,1.0,
1135,l,160.46,0.030000000000001137,phoneme,0.0,0.0,0.0,0.0,0.0,0.0,0.0,0.0,0.0,0.0,1.0,0.0,0.0,0.0,
1136,@,160.49,0.09000000000000341,phoneme,0.0,0.0,1.0,0.0,0.0,0.0,1.0,0.0,0.0,0.0,0.0,0.0,0.0,1.0,
1137,p,160.58,0.06999999999999318,phoneme,0.0,0.0,0.0,1.0,0.0,0.0,0.0,1.0,0.0,0.0,0.0,0.0,1.0,0.0,
1138,@,160.65,0.060000000000002274,phoneme,0.0,0.0,1.0,0.0,0.0,0.0,1.0,0.0,0.0,0.0,0.0,0.0,0.0,1.0,
1139,t,160.71,0.06999999999999318,phoneme,0.0,0.0,0.0,0.0,0.0,0.0,0.0,1.0,0.0,0.0,0.0,0.0,1.0,0.0,
1140,i,160.78,0.06999999999999318,phoneme,0.0,1.0,0.0,0.0,0.0,0.0,1.0,0.0,0.0,0.0,0.0,0.0,0.0,1.0,
1141,p,160.85,0.03999999999999204,phoneme,0.0,0.0,0.0,1.0,0.0,0.0,0.0,1.0,0.0,0.0,0.0,0.0,1.0,0.0,
1142,R,160.89,0.09000000000000341,phoneme,0.0,0.0,0.0,0.0,0.0,0.0,0.0,0.0,0.0,0.0,0.0,1.0,0.0,0.0,
1143,e~,160.98,0.15000000000000568,phoneme,0.0,0.0,1.0,0.0,0.0,0.0,1.0,0.0,0.0,1.0,0.0,0.0,0.0,1.0,
1144,s,161.13,0.27000000000001023,phoneme,0.0,0.0,0.0,0.0,0.0,0.0,0.0,0.0,1.0,0.0,0.0,0.0,1.0,0.0,
1145,S,161.72,0.11000000000001364,phoneme,0.0,0.0,0.0,0.0,0.0,0.0,0.0,0.0,1.0,0.0,0.0,0.0,1.0,0.0,
1146,S,161.83,0.1599999999999966,phoneme,0.0,0.0,0.0,0.0,0.0,0.0,0.0,0.0,1.0,0.0,0.0,0.0,1.0,0.0,
1147,E,161.99,0.04999999999998295,phoneme,0.0,0.0,1.0,0.0,0.0,0.0,1.0,0.0,0.0,0.0,0.0,0.0,0.0,1.0,
1148,R,162.04,0.030000000000001137,phoneme,0.0,0.0,0.0,0.0,0.0,0.0,0.0,0.0,0.0,0.0,0.0,1.0,0.0,0.0,
1149,S,162.07,0.12999999999999545,phoneme,0.0,0.0,0.0,0.0,0.0,0.0,0.0,0.0,1.0,0.0,0.0,0.0,1.0,0.0,
1150,d,162.2,0.10000000000002274,phoneme,0.0,0.0,0.0,0.0,0.0,0.0,0.0,1.0,0.0,0.0,0.0,0.0,1.0,1.0,
1151,e,162.3,0.07999999999998408,phoneme,0.0,0.0,1.0,0.0,0.0,0.0,1.0,0.0,0.0,0.0,0.0,0.0,0.0,1.0,
1152,t,162.38,0.06999999999999318,phoneme,0.0,0.0,0.0,0.0,0.0,0.0,0.0,1.0,0.0,0.0,0.0,0.0,1.0,0.0,
1153,a,162.45,0.11000000000001364,phoneme,1.0,0.0,0.0,0.0,0.0,0.0,1.0,0.0,0.0,0.0,0.0,0.0,0.0,1.0,
1154,m,162.56,0.07999999999998408,phoneme,0.0,0.0,0.0,1.0,0.0,0.0,0.0,0.0,0.0,1.0,0.0,0.0,0.0,0.0,
1155,i,162.64,0.160000000000025,phoneme,0.0,1.0,0.0,0.0,0.0,0.0,1.0,0.0,0.0,0.0,0.0,0.0,0.0,1.0,
1156,k,163.32,0.05000000000001137,phoneme,0.0,0.0,0.0,0.0,0.0,1.0,0.0,1.0,0.0,0.0,0.0,0.0,1.0,0.0,
1157,t,163.37,0.060000000000002274,phoneme,0.0,0.0,0.0,0.0,0.0,0.0,0.0,1.0,0.0,0.0,0.0,0.0,1.0,0.0,
1158,s,163.43,0.10999999999998522,phoneme,0.0,0.0,0.0,0.0,0.0,0.0,0.0,0.0,1.0,0.0,0.0,0.0,1.0,0.0,
1159,k,163.54,0.0700000000000216,phoneme,0.0,0.0,0.0,0.0,0.0,1.0,0.0,1.0,0.0,0.0,0.0,0.0,1.0,0.0,
1160,@,163.61,0.044988999999986845,phoneme,0.0,0.0,1.0,0.0,0.0,0.0,1.0,0.0,0.0,0.0,0.0,0.0,0.0,1.0,
1161,s,163.654989,0.11498800000001097,phoneme,0.0,0.0,0.0,0.0,0.0,0.0,0.0,0.0,1.0,0.0,0.0,0.0,1.0,0.0,
1162,i,163.769977,0.06002300000000105,phoneme,0.0,1.0,0.0,0.0,0.0,0.0,1.0,0.0,0.0,0.0,0.0,0.0,0.0,1.0,
1163,J,163.83,0.05999999999997385,phoneme,0.0,0.0,0.0,0.0,0.0,0.0,0.0,0.0,0.0,1.0,0.0,0.0,0.0,0.0,
1164,i,163.89,0.10000000000002274,phoneme,0.0,1.0,0.0,0.0,0.0,0.0,1.0,0.0,0.0,0.0,0.0,0.0,0.0,1.0,
1165,f,163.99,0.12000000000000455,phoneme,0.0,0.0,0.0,0.0,0.0,0.0,0.0,0.0,1.0,0.0,0.0,0.0,1.0,0.0,
1166,i,164.11,0.22999999999998977,phoneme,0.0,1.0,0.0,0.0,0.0,0.0,1.0,0.0,0.0,0.0,0.0,0.0,0.0,1.0,
1167,a,164.4,0.09999999999999432,phoneme,1.0,0.0,0.0,0.0,0.0,0.0,1.0,0.0,0.0,0.0,0.0,0.0,0.0,1.0,
1168,p,164.5,0.06999999999999318,phoneme,0.0,0.0,0.0,1.0,0.0,0.0,0.0,1.0,0.0,0.0,0.0,0.0,1.0,0.0,
1169,R,164.57,0.060000000000002274,phoneme,0.0,0.0,0.0,0.0,0.0,0.0,0.0,0.0,0.0,0.0,0.0,1.0,0.0,0.0,
1170,i,164.63,0.09000000000000341,phoneme,0.0,1.0,0.0,0.0,0.0,0.0,1.0,0.0,0.0,0.0,0.0,0.0,0.0,1.0,
1171,v,164.72,0.05000000000001137,phoneme,0.0,0.0,0.0,0.0,0.0,0.0,0.0,0.0,1.0,0.0,0.0,0.0,1.0,1.0,
1172,w,164.77,0.07999999999998408,phoneme,0.0,0.0,0.0,1.0,0.0,1.0,0.0,0.0,0.0,0.0,1.0,0.0,0.0,0.0,
1173,a,164.85,0.030000000000001137,phoneme,1.0,0.0,0.0,0.0,0.0,0.0,1.0,0.0,0.0,0.0,0.0,0.0,0.0,1.0,
1174,z,164.88,0.12000000000000455,phoneme,0.0,0.0,0.0,0.0,0.0,0.0,0.0,0.0,1.0,0.0,0.0,0.0,1.0,1.0,
1175,e,165.0,0.22999999999998977,phoneme,0.0,0.0,1.0,0.0,0.0,0.0,1.0,0.0,0.0,0.0,0.0,0.0,0.0,1.0,
1176,s,166.15,0.12000000000000455,phoneme,0.0,0.0,0.0,0.0,0.0,0.0,0.0,0.0,1.0,0.0,0.0,0.0,1.0,0.0,
1177,e,166.27,0.060000000000002274,phoneme,0.0,0.0,1.0,0.0,0.0,0.0,1.0,0.0,0.0,0.0,0.0,0.0,0.0,1.0,
1178,t,166.33,0.09999999999999432,phoneme,0.0,0.0,0.0,0.0,0.0,0.0,0.0,1.0,0.0,0.0,0.0,0.0,1.0,0.0,
1179,y,166.43,0.03999999999999204,phoneme,0.0,1.0,0.0,0.0,0.0,0.0,1.0,0.0,0.0,0.0,0.0,0.0,0.0,1.0,
1180,n,166.47,0.03999999999999204,phoneme,0.0,0.0,0.0,0.0,0.0,0.0,0.0,0.0,0.0,1.0,0.0,0.0,0.0,0.0,
1181,@,166.51,0.0800000000000125,phoneme,0.0,0.0,1.0,0.0,0.0,0.0,1.0,0.0,0.0,0.0,0.0,0.0,0.0,1.0,
1182,S,166.59,0.12000000000000455,phoneme,0.0,0.0,0.0,0.0,0.0,0.0,0.0,0.0,1.0,0.0,0.0,0.0,1.0,0.0,
1183,o,166.71,0.1799999999999784,phoneme,0.0,0.0,1.0,0.0,0.0,0.0,1.0,0.0,0.0,0.0,0.0,0.0,0.0,1.0,
1184,z,166.89,0.040000000000020464,phoneme,0.0,0.0,0.0,0.0,0.0,0.0,0.0,0.0,1.0,0.0,0.0,0.0,1.0,1.0,
1185,t,166.93,0.18000000000000682,phoneme,0.0,0.0,0.0,0.0,0.0,0.0,0.0,1.0,0.0,0.0,0.0,0.0,1.0,0.0,
1186,R,167.11,0.029999999999972715,phoneme,0.0,0.0,0.0,0.0,0.0,0.0,0.0,0.0,0.0,0.0,0.0,1.0,0.0,0.0,
1187,o,167.14,0.05000000000001137,phoneme,0.0,0.0,1.0,0.0,0.0,0.0,1.0,0.0,0.0,0.0,0.0,0.0,0.0,1.0,
1188,u,167.19,0.09999999999999432,phoneme,0.0,1.0,0.0,0.0,0.0,0.0,1.0,0.0,0.0,0.0,0.0,0.0,0.0,1.0,
1189,b,167.29,0.09000000000000341,phoneme,0.0,0.0,0.0,1.0,0.0,0.0,0.0,1.0,0.0,0.0,0.0,0.0,1.0,1.0,
1190,l,167.38,0.03999999999999204,phoneme,0.0,0.0,0.0,0.0,0.0,0.0,0.0,0.0,0.0,0.0,1.0,0.0,0.0,0.0,
1191,i,167.42,0.160000000000025,phoneme,0.0,1.0,0.0,0.0,0.0,0.0,1.0,0.0,0.0,0.0,0.0,0.0,0.0,1.0,
1192,e,167.58,0.19999999999998863,phoneme,0.0,0.0,1.0,0.0,0.0,0.0,1.0,0.0,0.0,0.0,0.0,0.0,0.0,1.0,
1193,d,168.09,0.09999999999999432,phoneme,0.0,0.0,0.0,0.0,0.0,0.0,0.0,1.0,0.0,0.0,0.0,0.0,1.0,1.0,
1194,i,168.19,0.060000000000002274,phoneme,0.0,1.0,0.0,0.0,0.0,0.0,1.0,0.0,0.0,0.0,0.0,0.0,0.0,1.0,
1195,l,168.25,0.03999999999999204,phoneme,0.0,0.0,0.0,0.0,0.0,0.0,0.0,0.0,0.0,0.0,1.0,0.0,0.0,0.0,
1196,@,168.29,0.0700000000000216,phoneme,0.0,0.0,1.0,0.0,0.0,0.0,1.0,0.0,0.0,0.0,0.0,0.0,0.0,1.0,
1197,R,168.36,0.06999999999999318,phoneme,0.0,0.0,0.0,0.0,0.0,0.0,0.0,0.0,0.0,0.0,0.0,1.0,0.0,0.0,
1198,@,168.43,0.03999999999999204,phoneme,0.0,0.0,1.0,0.0,0.0,0.0,1.0,0.0,0.0,0.0,0.0,0.0,0.0,1.0,
1199,n,168.47,0.0800000000000125,phoneme,0.0,0.0,0.0,0.0,0.0,0.0,0.0,0.0,0.0,1.0,0.0,0.0,0.0,0.0,
1200,a,168.55,0.13999999999998636,phoneme,1.0,0.0,0.0,0.0,0.0,0.0,1.0,0.0,0.0,0.0,0.0,0.0,0.0,1.0,
1201,R,168.69,0.18999999999999773,phoneme,0.0,0.0,0.0,0.0,0.0,0.0,0.0,0.0,0.0,0.0,0.0,1.0,0.0,0.0,
1202,s,169.25,0.12999999999999545,phoneme,0.0,0.0,0.0,0.0,0.0,0.0,0.0,0.0,1.0,0.0,0.0,0.0,1.0,0.0,
1203,a,169.38,0.060000000000002274,phoneme,1.0,0.0,0.0,0.0,0.0,0.0,1.0,0.0,0.0,0.0,0.0,0.0,0.0,1.0,
1204,s,169.44,0.14000000000001478,phoneme,0.0,0.0,0.0,0.0,0.0,0.0,0.0,0.0,1.0,0.0,0.0,0.0,1.0,0.0,
1205,i,169.58,0.05999999999997385,phoneme,0.0,1.0,0.0,0.0,0.0,0.0,1.0,0.0,0.0,0.0,0.0,0.0,0.0,1.0,
1206,J,169.64,0.0700000000000216,phoneme,0.0,0.0,0.0,0.0,0.0,0.0,0.0,0.0,0.0,1.0,0.0,0.0,0.0,0.0,
1207,i,169.71,0.09999999999999432,phoneme,0.0,1.0,0.0,0.0,0.0,0.0,1.0,0.0,0.0,0.0,0.0,0.0,0.0,1.0,
1208,f,169.81,0.10999999999998522,phoneme,0.0,0.0,0.0,0.0,0.0,0.0,0.0,0.0,1.0,0.0,0.0,0.0,1.0,0.0,
1209,i,169.92,0.19000000000002615,phoneme,0.0,1.0,0.0,0.0,0.0,0.0,1.0,0.0,0.0,0.0,0.0,0.0,0.0,1.0,
1210,k,170.11,0.13999999999998636,phoneme,0.0,0.0,0.0,0.0,0.0,1.0,0.0,1.0,0.0,0.0,0.0,0.0,1.0,0.0,
1211,R,170.25,0.09000000000000341,phoneme,0.0,0.0,0.0,0.0,0.0,0.0,0.0,0.0,0.0,0.0,0.0,1.0,0.0,0.0,
1212,e,170.34,0.03999999999999204,phoneme,0.0,0.0,1.0,0.0,0.0,0.0,1.0,0.0,0.0,0.0,0.0,0.0,0.0,1.0,
1213,e,170.38,0.17000000000001592,phoneme,0.0,0.0,1.0,0.0,0.0,0.0,1.0,0.0,0.0,0.0,0.0,0.0,0.0,1.0,
1214,d,170.55,0.07999999999998408,phoneme,0.0,0.0,0.0,0.0,0.0,0.0,0.0,1.0,0.0,0.0,0.0,0.0,1.0,1.0,
1215,e,170.63,0.12999999999999545,phoneme,0.0,0.0,1.0,0.0,0.0,0.0,1.0,0.0,0.0,0.0,0.0,0.0,0.0,1.0,
1216,l,170.76,0.060000000000002274,phoneme,0.0,0.0,0.0,0.0,0.0,0.0,0.0,0.0,0.0,0.0,1.0,0.0,0.0,0.0,
1217,i,170.82,0.0800000000000125,phoneme,0.0,1.0,0.0,0.0,0.0,0.0,1.0,0.0,0.0,0.0,0.0,0.0,0.0,1.0,
1218,e~,170.9,0.10999999999998522,phoneme,0.0,0.0,1.0,0.0,0.0,0.0,1.0,0.0,0.0,1.0,0.0,0.0,0.0,1.0,
1219,k,171.91,0.12999999999999545,phoneme,0.0,0.0,0.0,0.0,0.0,1.0,0.0,1.0,0.0,0.0,0.0,0.0,1.0,0.0,
1220,R,172.04,0.060000000000002274,phoneme,0.0,0.0,0.0,0.0,0.0,0.0,0.0,0.0,0.0,0.0,0.0,1.0,0.0,0.0,
1221,e,172.1,0.14000000000001478,phoneme,0.0,0.0,1.0,0.0,0.0,0.0,1.0,0.0,0.0,0.0,0.0,0.0,0.0,1.0,
1222,e,172.24,0.04999999999998295,phoneme,0.0,0.0,1.0,0.0,0.0,0.0,1.0,0.0,0.0,0.0,0.0,0.0,0.0,1.0,
1223,t,172.29,0.09000000000000341,phoneme,0.0,0.0,0.0,0.0,0.0,0.0,0.0,1.0,0.0,0.0,0.0,0.0,1.0,0.0,
1224,d,172.38,0.03999999999999204,phoneme,0.0,0.0,0.0,0.0,0.0,0.0,0.0,1.0,0.0,0.0,0.0,0.0,1.0,1.0,
1225,e,172.42,0.13000000000002387,phoneme,0.0,0.0,1.0,0.0,0.0,0.0,1.0,0.0,0.0,0.0,0.0,0.0,0.0,1.0,
1226,l,172.55,0.030000000000001137,phoneme,0.0,0.0,0.0,0.0,0.0,0.0,0.0,0.0,0.0,0.0,1.0,0.0,0.0,0.0,
1227,i,172.58,0.05999999999997385,phoneme,0.0,1.0,0.0,0.0,0.0,0.0,1.0,0.0,0.0,0.0,0.0,0.0,0.0,1.0,
1228,e~,172.64,0.11000000000001364,phoneme,0.0,0.0,1.0,0.0,0.0,0.0,1.0,0.0,0.0,1.0,0.0,0.0,0.0,1.0,
1229,b,173.7,0.040000000000020464,phoneme,0.0,0.0,0.0,1.0,0.0,0.0,0.0,1.0,0.0,0.0,0.0,0.0,1.0,1.0,
1230,j,173.74,0.09999999999999432,phoneme,0.0,0.0,0.0,0.0,0.0,0.0,0.0,0.0,0.0,0.0,1.0,0.0,0.0,0.0,
1231,e~,173.84,0.04999999999998295,phoneme,0.0,0.0,1.0,0.0,0.0,0.0,1.0,0.0,0.0,1.0,0.0,0.0,0.0,1.0,
1232,s,173.89,0.15000000000000568,phoneme,0.0,0.0,0.0,0.0,0.0,0.0,0.0,0.0,1.0,0.0,0.0,0.0,1.0,0.0,
1233,y,174.04,0.21000000000000796,phoneme,0.0,1.0,0.0,0.0,0.0,0.0,1.0,0.0,0.0,0.0,0.0,0.0,0.0,1.0,
1234,R,174.25,0.13999999999998636,phoneme,0.0,0.0,0.0,0.0,0.0,0.0,0.0,0.0,0.0,0.0,0.0,1.0,0.0,0.0,
1235,d,174.66,0.0800000000000125,phoneme,0.0,0.0,0.0,0.0,0.0,0.0,0.0,1.0,0.0,0.0,0.0,0.0,1.0,1.0,
1236,i,174.74,0.06999999999999318,phoneme,0.0,1.0,0.0,0.0,0.0,0.0,1.0,0.0,0.0,0.0,0.0,0.0,0.0,1.0,
1237,l,174.81,0.030000000000001137,phoneme,0.0,0.0,0.0,0.0,0.0,0.0,0.0,0.0,0.0,0.0,1.0,0.0,0.0,0.0,
1238,@,174.84,0.07999999999998408,phoneme,0.0,0.0,1.0,0.0,0.0,0.0,1.0,0.0,0.0,0.0,0.0,0.0,0.0,1.0,
1239,R,174.92,0.0700000000000216,phoneme,0.0,0.0,0.0,0.0,0.0,0.0,0.0,0.0,0.0,0.0,0.0,1.0,0.0,0.0,
1240,@,174.99,0.04999999999998295,phoneme,0.0,0.0,1.0,0.0,0.0,0.0,1.0,0.0,0.0,0.0,0.0,0.0,0.0,1.0,
1241,n,175.04,0.09000000000000341,phoneme,0.0,0.0,0.0,0.0,0.0,0.0,0.0,0.0,0.0,1.0,0.0,0.0,0.0,0.0,
1242,a,175.13,0.15000000000000568,phoneme,1.0,0.0,0.0,0.0,0.0,0.0,1.0,0.0,0.0,0.0,0.0,0.0,0.0,1.0,
1243,R,175.28,0.1599999999999966,phoneme,0.0,0.0,0.0,0.0,0.0,0.0,0.0,0.0,0.0,0.0,0.0,1.0,0.0,0.0,
1244,t,175.99,0.060000000000002274,phoneme,0.0,0.0,0.0,0.0,0.0,0.0,0.0,1.0,0.0,0.0,0.0,0.0,1.0,0.0,
1245,y,176.05,0.07999999999998408,phoneme,0.0,1.0,0.0,0.0,0.0,0.0,1.0,0.0,0.0,0.0,0.0,0.0,0.0,1.0,
1246,n,176.13,0.05000000000001137,phoneme,0.0,0.0,0.0,0.0,0.0,0.0,0.0,0.0,0.0,1.0,0.0,0.0,0.0,0.0,
1247,E,176.18,0.09000000000000341,phoneme,0.0,0.0,1.0,0.0,0.0,0.0,1.0,0.0,0.0,0.0,0.0,0.0,0.0,1.0,
1248,s,176.27,0.03999999999999204,phoneme,0.0,0.0,0.0,0.0,0.0,0.0,0.0,0.0,1.0,0.0,0.0,0.0,1.0,0.0,
1249,a~,176.31,0.12000000000000455,phoneme,1.0,0.0,0.0,0.0,0.0,0.0,1.0,0.0,0.0,1.0,0.0,0.0,0.0,1.0,
1250,k,176.43,0.06999999999999318,phoneme,0.0,0.0,0.0,0.0,0.0,1.0,0.0,1.0,0.0,0.0,0.0,0.0,1.0,0.0,
1251,O,176.5,0.060000000000002274,phoneme,0.0,0.0,1.0,0.0,0.0,0.0,1.0,0.0,0.0,0.0,0.0,0.0,0.0,1.0,
1252,R,176.56,0.07999999999998408,phoneme,0.0,0.0,0.0,0.0,0.0,0.0,0.0,0.0,0.0,0.0,0.0,1.0,0.0,0.0,
1253,p,176.64,0.060000000000002274,phoneme,0.0,0.0,0.0,1.0,0.0,0.0,0.0,1.0,0.0,0.0,0.0,0.0,1.0,0.0,
1254,u,176.7,0.11000000000001364,phoneme,0.0,1.0,0.0,0.0,0.0,0.0,1.0,0.0,0.0,0.0,0.0,0.0,0.0,1.0,
1255,m,176.81,0.030000000000001137,phoneme,0.0,0.0,0.0,1.0,0.0,0.0,0.0,0.0,0.0,1.0,0.0,0.0,0.0,0.0,
1256,w,176.84,0.12999999999999545,phoneme,0.0,0.0,0.0,1.0,0.0,1.0,0.0,0.0,0.0,0.0,1.0,0.0,0.0,0.0,
1257,a,176.97,0.03999999999999204,phoneme,1.0,0.0,0.0,0.0,0.0,0.0,1.0,0.0,0.0,0.0,0.0,0.0,0.0,1.0,
1258,k,177.01,0.10000000000002274,phoneme,0.0,0.0,0.0,0.0,0.0,1.0,0.0,1.0,0.0,0.0,0.0,0.0,1.0,0.0,
1259,y,177.11,0.03999999999999204,phoneme,0.0,1.0,0.0,0.0,0.0,0.0,1.0,0.0,0.0,0.0,0.0,0.0,0.0,1.0,
1260,p,177.15,0.09000000000000341,phoneme,0.0,0.0,0.0,1.0,0.0,0.0,0.0,1.0,0.0,0.0,0.0,0.0,1.0,0.0,
1261,@,177.24,0.03999999999999204,phoneme,0.0,0.0,1.0,0.0,0.0,0.0,1.0,0.0,0.0,0.0,0.0,0.0,0.0,1.0,
1262,t,177.28,0.09999999999999432,phoneme,0.0,0.0,0.0,0.0,0.0,0.0,0.0,1.0,0.0,0.0,0.0,0.0,1.0,0.0,
1263,i,177.38,0.060000000000002274,phoneme,0.0,1.0,0.0,0.0,0.0,0.0,1.0,0.0,0.0,0.0,0.0,0.0,0.0,1.0,
1264,g,177.44,0.0800000000000125,phoneme,0.0,0.0,0.0,0.0,0.0,1.0,0.0,1.0,0.0,0.0,0.0,0.0,1.0,1.0,
1265,a,177.52,0.06999999999999318,phoneme,1.0,0.0,0.0,0.0,0.0,0.0,1.0,0.0,0.0,0.0,0.0,0.0,0.0,1.0,
1266,R,177.59,0.03999999999999204,phoneme,0.0,0.0,0.0,0.0,0.0,0.0,0.0,0.0,0.0,0.0,0.0,1.0,0.0,0.0,
1267,s,177.63,0.12000000000000455,phoneme,0.0,0.0,0.0,0.0,0.0,0.0,0.0,0.0,1.0,0.0,0.0,0.0,1.0,0.0,
1268,o~,177.75,0.09999999999999432,phoneme,0.0,0.0,1.0,0.0,0.0,0.0,1.0,0.0,0.0,1.0,0.0,0.0,0.0,1.0,
1269,t,177.85,0.12000000000000455,phoneme,0.0,0.0,0.0,0.0,0.0,0.0,0.0,1.0,0.0,0.0,0.0,0.0,1.0,0.0,
1270,u,177.97,0.11000000000001364,phoneme,0.0,1.0,0.0,0.0,0.0,0.0,1.0,0.0,0.0,0.0,0.0,0.0,0.0,1.0,
1271,s,178.08,0.06999999999999318,phoneme,0.0,0.0,0.0,0.0,0.0,0.0,0.0,0.0,1.0,0.0,0.0,0.0,1.0,0.0,
1272,a~,178.15,0.12000000000000455,phoneme,1.0,0.0,0.0,0.0,0.0,0.0,1.0,0.0,0.0,1.0,0.0,0.0,0.0,1.0,
1273,b,178.27,0.04999999999998295,phoneme,0.0,0.0,0.0,1.0,0.0,0.0,0.0,1.0,0.0,0.0,0.0,0.0,1.0,1.0,
1274,l,178.32,0.05000000000001137,phoneme,0.0,0.0,0.0,0.0,0.0,0.0,0.0,0.0,0.0,0.0,1.0,0.0,0.0,0.0,
1275,a,178.37,0.12000000000000455,phoneme,1.0,0.0,0.0,0.0,0.0,0.0,1.0,0.0,0.0,0.0,0.0,0.0,0.0,1.0,
1276,b,178.49,0.060000000000002274,phoneme,0.0,0.0,0.0,1.0,0.0,0.0,0.0,1.0,0.0,0.0,0.0,0.0,1.0,1.0,
1277,l,178.55,0.060000000000002274,phoneme,0.0,0.0,0.0,0.0,0.0,0.0,0.0,0.0,0.0,0.0,1.0,0.0,0.0,0.0,
1278,a,178.61,0.06999999999999318,phoneme,1.0,0.0,0.0,0.0,0.0,0.0,1.0,0.0,0.0,0.0,0.0,0.0,0.0,1.0,
1279,s,178.68,0.19999999999998863,phoneme,0.0,0.0,0.0,0.0,0.0,0.0,0.0,0.0,1.0,0.0,0.0,0.0,1.0,0.0,
1280,a~,178.88,0.12999999999999545,phoneme,1.0,0.0,0.0,0.0,0.0,0.0,1.0,0.0,0.0,1.0,0.0,0.0,0.0,1.0,
1281,t,179.01,0.060000000000002274,phoneme,0.0,0.0,0.0,0.0,0.0,0.0,0.0,1.0,0.0,0.0,0.0,0.0,1.0,0.0,
1282,m,179.07,0.060000000000002274,phoneme,0.0,0.0,0.0,1.0,0.0,0.0,0.0,0.0,0.0,1.0,0.0,0.0,0.0,0.0,
1283,i,179.13,0.12999999999999545,phoneme,0.0,1.0,0.0,0.0,0.0,0.0,1.0,0.0,0.0,0.0,0.0,0.0,0.0,1.0,
1284,l,179.26,0.060000000000002274,phoneme,0.0,0.0,0.0,0.0,0.0,0.0,0.0,0.0,0.0,0.0,1.0,0.0,0.0,0.0,
1285,p,179.32,0.060000000000002274,phoneme,0.0,0.0,0.0,1.0,0.0,0.0,0.0,1.0,0.0,0.0,0.0,0.0,1.0,0.0,
1286,@,179.38,0.05000000000001137,phoneme,0.0,0.0,1.0,0.0,0.0,0.0,1.0,0.0,0.0,0.0,0.0,0.0,0.0,1.0,
1287,t,179.43,0.09999999999999432,phoneme,0.0,0.0,0.0,0.0,0.0,0.0,0.0,1.0,0.0,0.0,0.0,0.0,1.0,0.0,
1288,i,179.53,0.06999999999999318,phoneme,0.0,1.0,0.0,0.0,0.0,0.0,1.0,0.0,0.0,0.0,0.0,0.0,0.0,1.0,
1289,g,179.6,0.09999999999999432,phoneme,0.0,0.0,0.0,0.0,0.0,1.0,0.0,1.0,0.0,0.0,0.0,0.0,1.0,1.0,
1290,a,179.7,0.030000000000001137,phoneme,1.0,0.0,0.0,0.0,0.0,0.0,1.0,0.0,0.0,0.0,0.0,0.0,0.0,1.0,
1291,R,179.73,0.0800000000000125,phoneme,0.0,0.0,0.0,0.0,0.0,0.0,0.0,0.0,0.0,0.0,0.0,1.0,0.0,0.0,
1292,s,179.81,0.12999999999999545,phoneme,0.0,0.0,0.0,0.0,0.0,0.0,0.0,0.0,1.0,0.0,0.0,0.0,1.0,0.0,
1293,o~,179.94,0.11000000000001364,phoneme,0.0,0.0,1.0,0.0,0.0,0.0,1.0,0.0,0.0,1.0,0.0,0.0,0.0,1.0,
1294,t,180.05,0.04999999999998295,phoneme,0.0,0.0,0.0,0.0,0.0,0.0,0.0,1.0,0.0,0.0,0.0,0.0,1.0,0.0,
1295,e,180.45,0.0749890000000164,phoneme,0.0,0.0,1.0,0.0,0.0,0.0,1.0,0.0,0.0,0.0,0.0,0.0,0.0,1.0,
1296,Z,180.524989,0.13498799999999278,phoneme,0.0,0.0,0.0,0.0,0.0,0.0,0.0,0.0,1.0,0.0,0.0,0.0,1.0,1.0,
1297,@,180.659977,0.05002300000001014,phoneme,0.0,0.0,1.0,0.0,0.0,0.0,1.0,0.0,0.0,0.0,0.0,0.0,0.0,1.0,
1298,n,180.71,0.04999999999998295,phoneme,0.0,0.0,0.0,0.0,0.0,0.0,0.0,0.0,0.0,1.0,0.0,0.0,0.0,0.0,
1299,e,180.76,0.10000000000002274,phoneme,0.0,0.0,1.0,0.0,0.0,0.0,1.0,0.0,0.0,0.0,0.0,0.0,0.0,1.0,
1300,p,180.86,0.05999999999997385,phoneme,0.0,0.0,0.0,1.0,0.0,0.0,0.0,1.0,0.0,0.0,0.0,0.0,1.0,0.0,
1301,a,180.92,0.09000000000000341,phoneme,1.0,0.0,0.0,0.0,0.0,0.0,1.0,0.0,0.0,0.0,0.0,0.0,0.0,1.0,
1302,b,181.01,0.05000000000001137,phoneme,0.0,0.0,0.0,1.0,0.0,0.0,0.0,1.0,0.0,0.0,0.0,0.0,1.0,1.0,
1303,@,181.06,0.060000000000002274,phoneme,0.0,0.0,1.0,0.0,0.0,0.0,1.0,0.0,0.0,0.0,0.0,0.0,0.0,1.0,
1304,z,181.12,0.06999999999999318,phoneme,0.0,0.0,0.0,0.0,0.0,0.0,0.0,0.0,1.0,0.0,0.0,0.0,1.0,1.0,
1305,w,181.19,0.06999999999999318,phoneme,0.0,0.0,0.0,1.0,0.0,1.0,0.0,0.0,0.0,0.0,1.0,0.0,0.0,0.0,
1306,e~,181.26,0.05000000000001137,phoneme,0.0,0.0,1.0,0.0,0.0,0.0,1.0,0.0,0.0,1.0,0.0,0.0,0.0,1.0,
1307,d,181.31,0.05000000000001137,phoneme,0.0,0.0,0.0,0.0,0.0,0.0,0.0,1.0,0.0,0.0,0.0,0.0,1.0,1.0,
1308,@,181.36,0.08999999999997499,phoneme,0.0,0.0,1.0,0.0,0.0,0.0,1.0,0.0,0.0,0.0,0.0,0.0,0.0,1.0,
1309,t,181.45,0.11000000000001364,phoneme,0.0,0.0,0.0,0.0,0.0,0.0,0.0,1.0,0.0,0.0,0.0,0.0,1.0,0.0,
1310,w,181.56,0.09000000000000341,phoneme,0.0,0.0,0.0,1.0,0.0,1.0,0.0,0.0,0.0,0.0,1.0,0.0,0.0,0.0,
1311,a,181.65,0.09999999999999432,phoneme,1.0,0.0,0.0,0.0,0.0,0.0,1.0,0.0,0.0,0.0,0.0,0.0,0.0,1.0,
1312,e,182.17,0.060000000000002274,phoneme,0.0,0.0,1.0,0.0,0.0,0.0,1.0,0.0,0.0,0.0,0.0,0.0,0.0,1.0,
1313,t,182.23,0.13000000000002387,phoneme,0.0,0.0,0.0,0.0,0.0,0.0,0.0,1.0,0.0,0.0,0.0,0.0,1.0,0.0,
1314,y,182.36,0.04999999999998295,phoneme,0.0,1.0,0.0,0.0,0.0,0.0,1.0,0.0,0.0,0.0,0.0,0.0,0.0,1.0,
1315,n,182.41,0.060000000000002274,phoneme,0.0,0.0,0.0,0.0,0.0,0.0,0.0,0.0,0.0,1.0,0.0,0.0,0.0,0.0,
1316,a,182.47,0.11000000000001364,phoneme,1.0,0.0,0.0,0.0,0.0,0.0,1.0,0.0,0.0,0.0,0.0,0.0,0.0,1.0,
1317,p,182.58,0.06999999999999318,phoneme,0.0,0.0,0.0,1.0,0.0,0.0,0.0,1.0,0.0,0.0,0.0,0.0,1.0,0.0,
1318,a,182.65,0.09000000000000341,phoneme,1.0,0.0,0.0,0.0,0.0,0.0,1.0,0.0,0.0,0.0,0.0,0.0,0.0,1.0,
1319,b,182.74,0.09000000000000341,phoneme,0.0,0.0,0.0,1.0,0.0,0.0,0.0,1.0,0.0,0.0,0.0,0.0,1.0,1.0,
1320,@,182.83,0.03999999999999204,phoneme,0.0,0.0,1.0,0.0,0.0,0.0,1.0,0.0,0.0,0.0,0.0,0.0,0.0,1.0,
1321,z,182.87,0.04999999999998295,phoneme,0.0,0.0,0.0,0.0,0.0,0.0,0.0,0.0,1.0,0.0,0.0,0.0,1.0,1.0,
1322,w,182.92,0.11000000000001364,phoneme,0.0,0.0,0.0,1.0,0.0,1.0,0.0,0.0,0.0,0.0,1.0,0.0,0.0,0.0,
1323,9~,183.03,0.060000000000002274,phoneme,0.0,0.0,1.0,0.0,0.0,0.0,1.0,0.0,0.0,1.0,0.0,0.0,0.0,1.0,
1324,d,183.09,0.03999999999999204,phoneme,0.0,0.0,0.0,0.0,0.0,0.0,0.0,1.0,0.0,0.0,0.0,0.0,1.0,1.0,
1325,@,183.13,0.05000000000001137,phoneme,0.0,0.0,1.0,0.0,0.0,0.0,1.0,0.0,0.0,0.0,0.0,0.0,0.0,1.0,
1326,m,183.18,0.060000000000002274,phoneme,0.0,0.0,0.0,1.0,0.0,0.0,0.0,0.0,0.0,1.0,0.0,0.0,0.0,0.0,
1327,w,183.24,0.060000000000002274,phoneme,0.0,0.0,0.0,1.0,0.0,1.0,0.0,0.0,0.0,0.0,1.0,0.0,0.0,0.0,
1328,a,183.3,0.03999999999999204,phoneme,1.0,0.0,0.0,0.0,0.0,0.0,1.0,0.0,0.0,0.0,0.0,0.0,0.0,1.0,
1329,n,183.34,0.060000000000002274,phoneme,0.0,0.0,0.0,0.0,0.0,0.0,0.0,0.0,0.0,1.0,0.0,0.0,0.0,0.0,
1330,o~,183.4,0.07999999999998408,phoneme,0.0,0.0,1.0,0.0,0.0,0.0,1.0,0.0,0.0,1.0,0.0,0.0,0.0,1.0,
1331,p,183.55,0.12999999999999545,phoneme,0.0,0.0,0.0,1.0,0.0,0.0,0.0,1.0,0.0,0.0,0.0,0.0,1.0,0.0,
1332,l,183.68,0.030000000000001137,phoneme,0.0,0.0,0.0,0.0,0.0,0.0,0.0,0.0,0.0,0.0,1.0,0.0,0.0,0.0,
1333,y,183.71,0.10999999999998522,phoneme,0.0,1.0,0.0,0.0,0.0,0.0,1.0,0.0,0.0,0.0,0.0,0.0,0.0,1.0,
1334,Z,184.39,0.09000000000000341,phoneme,0.0,0.0,0.0,0.0,0.0,0.0,0.0,0.0,1.0,0.0,0.0,0.0,1.0,1.0,
1335,@,184.48,0.06498899999999708,phoneme,0.0,0.0,1.0,0.0,0.0,0.0,1.0,0.0,0.0,0.0,0.0,0.0,0.0,1.0,
1336,n,184.544989,0.04498800000001779,phoneme,0.0,0.0,0.0,0.0,0.0,0.0,0.0,0.0,0.0,1.0,0.0,0.0,0.0,0.0,
1337,@,184.589977,0.08002299999998286,phoneme,0.0,0.0,1.0,0.0,0.0,0.0,1.0,0.0,0.0,0.0,0.0,0.0,0.0,1.0,
1338,s,184.67,0.0800000000000125,phoneme,0.0,0.0,0.0,0.0,0.0,0.0,0.0,0.0,1.0,0.0,0.0,0.0,1.0,0.0,
1339,H,184.75,0.03999999999999204,phoneme,0.0,0.0,0.0,1.0,0.0,0.0,0.0,0.0,0.0,0.0,1.0,0.0,0.0,0.0,
1340,i,184.79,0.09000000000000341,phoneme,0.0,1.0,0.0,0.0,0.0,0.0,1.0,0.0,0.0,0.0,0.0,0.0,0.0,1.0,
1341,p,184.88,0.060000000000002274,phoneme,0.0,0.0,0.0,1.0,0.0,0.0,0.0,1.0,0.0,0.0,0.0,0.0,1.0,0.0,
1342,u,184.94,0.0800000000000125,phoneme,0.0,1.0,0.0,0.0,0.0,0.0,1.0,0.0,0.0,0.0,0.0,0.0,0.0,1.0,
1343,R,185.02,0.04999999999998295,phoneme,0.0,0.0,0.0,0.0,0.0,0.0,0.0,0.0,0.0,0.0,0.0,1.0,0.0,0.0,
1344,t,185.07,0.09999999999999432,phoneme,0.0,0.0,0.0,0.0,0.0,0.0,0.0,1.0,0.0,0.0,0.0,0.0,1.0,0.0,
1345,w,185.17,0.12000000000000455,phoneme,0.0,0.0,0.0,1.0,0.0,1.0,0.0,0.0,0.0,0.0,1.0,0.0,0.0,0.0,
1346,a,185.29,0.05000000000001137,phoneme,1.0,0.0,0.0,0.0,0.0,0.0,1.0,0.0,0.0,0.0,0.0,0.0,0.0,1.0,
1347,k,185.34,0.12999999999999545,phoneme,0.0,0.0,0.0,0.0,0.0,1.0,0.0,1.0,0.0,0.0,0.0,0.0,1.0,0.0,
1348,y,185.47,0.030000000000001137,phoneme,0.0,1.0,0.0,0.0,0.0,0.0,1.0,0.0,0.0,0.0,0.0,0.0,0.0,1.0,
1349,R,185.5,0.13999999999998636,phoneme,0.0,0.0,0.0,0.0,0.0,0.0,0.0,0.0,0.0,0.0,0.0,1.0,0.0,0.0,
1350,@,185.64,0.060000000000002274,phoneme,0.0,0.0,1.0,0.0,0.0,0.0,1.0,0.0,0.0,0.0,0.0,0.0,0.0,1.0,
1351,n,185.7,0.12000000000000455,phoneme,0.0,0.0,0.0,0.0,0.0,0.0,0.0,0.0,0.0,1.0,0.0,0.0,0.0,0.0,
1352,a,185.82,0.15000000000000568,phoneme,1.0,0.0,0.0,0.0,0.0,0.0,1.0,0.0,0.0,0.0,0.0,0.0,0.0,1.0,
1353,R,185.97,0.0800000000000125,phoneme,0.0,0.0,0.0,0.0,0.0,0.0,0.0,0.0,0.0,0.0,0.0,1.0,0.0,0.0,
1354,s,186.05,0.13999999999998636,phoneme,0.0,0.0,0.0,0.0,0.0,0.0,0.0,0.0,1.0,0.0,0.0,0.0,1.0,0.0,
1355,a~,186.19,0.14000000000001478,phoneme,1.0,0.0,0.0,0.0,0.0,0.0,1.0,0.0,0.0,1.0,0.0,0.0,0.0,1.0,
1356,b,186.33,0.030000000000001137,phoneme,0.0,0.0,0.0,1.0,0.0,0.0,0.0,1.0,0.0,0.0,0.0,0.0,1.0,1.0,
1357,l,186.36,0.05999999999997385,phoneme,0.0,0.0,0.0,0.0,0.0,0.0,0.0,0.0,0.0,0.0,1.0,0.0,0.0,0.0,
1358,a,186.42,0.13000000000002387,phoneme,1.0,0.0,0.0,0.0,0.0,0.0,1.0,0.0,0.0,0.0,0.0,0.0,0.0,1.0,
1359,b,186.55,0.060000000000002274,phoneme,0.0,0.0,0.0,1.0,0.0,0.0,0.0,1.0,0.0,0.0,0.0,0.0,1.0,1.0,
1360,l,186.61,0.04999999999998295,phoneme,0.0,0.0,0.0,0.0,0.0,0.0,0.0,0.0,0.0,0.0,1.0,0.0,0.0,0.0,
1361,a,186.72,0.12000000000000455,phoneme,1.0,0.0,0.0,0.0,0.0,0.0,1.0,0.0,0.0,0.0,0.0,0.0,0.0,1.0,
1362,s,186.84,0.18000000000000682,phoneme,0.0,0.0,0.0,0.0,0.0,0.0,0.0,0.0,1.0,0.0,0.0,0.0,1.0,0.0,
1363,a~,187.02,0.10999999999998522,phoneme,1.0,0.0,0.0,0.0,0.0,0.0,1.0,0.0,0.0,1.0,0.0,0.0,0.0,1.0,
1364,m,187.13,0.060000000000002274,phoneme,0.0,0.0,0.0,1.0,0.0,0.0,0.0,0.0,0.0,1.0,0.0,0.0,0.0,0.0,
1365,i,187.19,0.06999999999999318,phoneme,0.0,1.0,0.0,0.0,0.0,0.0,1.0,0.0,0.0,0.0,0.0,0.0,0.0,1.0,
1366,l,187.26,0.040000000000020464,phoneme,0.0,0.0,0.0,0.0,0.0,0.0,0.0,0.0,0.0,0.0,1.0,0.0,0.0,0.0,
1367,@,187.3,0.060000000000002274,phoneme,0.0,0.0,1.0,0.0,0.0,0.0,1.0,0.0,0.0,0.0,0.0,0.0,0.0,1.0,
1368,R,187.36,0.04999999999998295,phoneme,0.0,0.0,0.0,0.0,0.0,0.0,0.0,0.0,0.0,0.0,0.0,1.0,0.0,0.0,
1369,@,187.41,0.060000000000002274,phoneme,0.0,0.0,1.0,0.0,0.0,0.0,1.0,0.0,0.0,0.0,0.0,0.0,0.0,1.0,
1370,n,187.47,0.06999999999999318,phoneme,0.0,0.0,0.0,0.0,0.0,0.0,0.0,0.0,0.0,1.0,0.0,0.0,0.0,0.0,
1371,a,187.54,0.18000000000000682,phoneme,1.0,0.0,0.0,0.0,0.0,0.0,1.0,0.0,0.0,0.0,0.0,0.0,0.0,1.0,
1372,R,187.72,0.1699999999999875,phoneme,0.0,0.0,0.0,0.0,0.0,0.0,0.0,0.0,0.0,0.0,0.0,1.0,0.0,0.0,
1373,m,188.58,0.030000000000001137,phoneme,0.0,0.0,0.0,1.0,0.0,0.0,0.0,0.0,0.0,1.0,0.0,0.0,0.0,0.0,
1374,E,188.61,0.29999999999998295,phoneme,0.0,0.0,1.0,0.0,0.0,0.0,1.0,0.0,0.0,0.0,0.0,0.0,0.0,1.0,
1375,t,188.91,0.0800000000000125,phoneme,0.0,0.0,0.0,0.0,0.0,0.0,0.0,1.0,0.0,0.0,0.0,0.0,1.0,0.0,
1376,s,188.99,0.12000000000000455,phoneme,0.0,0.0,0.0,0.0,0.0,0.0,0.0,0.0,1.0,0.0,0.0,0.0,1.0,0.0,
1377,i,189.11,0.05999999999997385,phoneme,0.0,1.0,0.0,0.0,0.0,0.0,1.0,0.0,0.0,0.0,0.0,0.0,0.0,1.0,
1378,t,189.17,0.09000000000000341,phoneme,0.0,0.0,0.0,0.0,0.0,0.0,0.0,1.0,0.0,0.0,0.0,0.0,1.0,0.0,
1379,y,189.26,0.0749890000000164,phoneme,0.0,1.0,0.0,0.0,0.0,0.0,1.0,0.0,0.0,0.0,0.0,0.0,0.0,1.0,
1380,m,189.334989,0.08498799999998141,phoneme,0.0,0.0,0.0,1.0,0.0,0.0,0.0,0.0,0.0,1.0,0.0,0.0,0.0,0.0,
1381,a,189.419977,0.08002300000001128,phoneme,1.0,0.0,0.0,0.0,0.0,0.0,1.0,0.0,0.0,0.0,0.0,0.0,0.0,1.0,
1382,p,189.5,0.030000000000001137,phoneme,0.0,0.0,0.0,1.0,0.0,0.0,0.0,1.0,0.0,0.0,0.0,0.0,1.0,0.0,
1383,R,189.53,0.0800000000000125,phoneme,0.0,0.0,0.0,0.0,0.0,0.0,0.0,0.0,0.0,0.0,0.0,1.0,0.0,0.0,
1384,i,189.61,0.06999999999999318,phoneme,0.0,1.0,0.0,0.0,0.0,0.0,1.0,0.0,0.0,0.0,0.0,0.0,0.0,1.0,
1385,v,189.68,0.09000000000000341,phoneme,0.0,0.0,0.0,0.0,0.0,0.0,0.0,0.0,1.0,0.0,0.0,0.0,1.0,1.0,
1386,w,189.77,0.06999999999999318,phoneme,0.0,0.0,0.0,1.0,0.0,1.0,0.0,0.0,0.0,0.0,1.0,0.0,0.0,0.0,
1387,a,189.84,0.18999999999999773,phoneme,1.0,0.0,0.0,0.0,0.0,0.0,1.0,0.0,0.0,0.0,0.0,0.0,0.0,1.0,
1388,z,190.03,0.1599999999999966,phoneme,0.0,0.0,0.0,0.0,0.0,0.0,0.0,0.0,1.0,0.0,0.0,0.0,1.0,1.0,
1389,n,190.64,0.0800000000000125,phoneme,0.0,0.0,0.0,0.0,0.0,0.0,0.0,0.0,0.0,1.0,0.0,0.0,0.0,0.0,
1390,u,190.72,0.030000000000001137,phoneme,0.0,1.0,0.0,0.0,0.0,0.0,1.0,0.0,0.0,0.0,0.0,0.0,0.0,1.0,
1391,z,190.75,0.09000000000000341,phoneme,0.0,0.0,0.0,0.0,0.0,0.0,0.0,0.0,1.0,0.0,0.0,0.0,1.0,1.0,
1392,o,190.84,0.07999999999998408,phoneme,0.0,0.0,1.0,0.0,0.0,0.0,1.0,0.0,0.0,0.0,0.0,0.0,0.0,1.0,
1393,R,190.92,0.060000000000002274,phoneme,0.0,0.0,0.0,0.0,0.0,0.0,0.0,0.0,0.0,0.0,0.0,1.0,0.0,0.0,
1394,o~,190.98,0.060000000000002274,phoneme,0.0,0.0,1.0,0.0,0.0,0.0,1.0,0.0,0.0,1.0,0.0,0.0,0.0,1.0,
1395,b,191.04,0.09000000000000341,phoneme,0.0,0.0,0.0,1.0,0.0,0.0,0.0,1.0,0.0,0.0,0.0,0.0,1.0,1.0,
1396,@,191.13,0.09000000000000341,phoneme,0.0,0.0,1.0,0.0,0.0,0.0,1.0,0.0,0.0,0.0,0.0,0.0,0.0,1.0,
1397,z,191.22,0.09000000000000341,phoneme,0.0,0.0,0.0,0.0,0.0,0.0,0.0,0.0,1.0,0.0,0.0,0.0,1.0,1.0,
1398,w,191.31,0.07999999999998408,phoneme,0.0,0.0,0.0,1.0,0.0,1.0,0.0,0.0,0.0,0.0,1.0,0.0,0.0,0.0,
1399,e~,191.39,0.0700000000000216,phoneme,0.0,0.0,1.0,0.0,0.0,0.0,1.0,0.0,0.0,1.0,0.0,0.0,0.0,1.0,
1400,l,191.46,0.030000000000001137,phoneme,0.0,0.0,0.0,0.0,0.0,0.0,0.0,0.0,0.0,0.0,1.0,0.0,0.0,0.0,
1401,9~,191.49,0.10999999999998522,phoneme,0.0,0.0,1.0,0.0,0.0,0.0,1.0,0.0,0.0,1.0,0.0,0.0,0.0,1.0,
1402,d,191.6,0.060000000000002274,phoneme,0.0,0.0,0.0,0.0,0.0,0.0,0.0,1.0,0.0,0.0,0.0,0.0,1.0,1.0,
1403,@,191.66,0.03999999999999204,phoneme,0.0,0.0,1.0,0.0,0.0,0.0,1.0,0.0,0.0,0.0,0.0,0.0,0.0,1.0,
1404,l,191.7,0.09000000000000341,phoneme,0.0,0.0,0.0,0.0,0.0,0.0,0.0,0.0,0.0,0.0,1.0,0.0,0.0,0.0,
1405,o,191.79,0.1599999999999966,phoneme,0.0,0.0,1.0,0.0,0.0,0.0,1.0,0.0,0.0,0.0,0.0,0.0,0.0,1.0,
1406,t,191.95,0.12000000000000455,phoneme,0.0,0.0,0.0,0.0,0.0,0.0,0.0,1.0,0.0,0.0,0.0,0.0,1.0,0.0,
1407,R,192.07,0.1599999999999966,phoneme,0.0,0.0,0.0,0.0,0.0,0.0,0.0,0.0,0.0,0.0,0.0,1.0,0.0,0.0,
1408,t,192.75,0.06999999999999318,phoneme,0.0,0.0,0.0,0.0,0.0,0.0,0.0,1.0,0.0,0.0,0.0,0.0,1.0,0.0,
1409,y,192.82,0.0800000000000125,phoneme,0.0,1.0,0.0,0.0,0.0,0.0,1.0,0.0,0.0,0.0,0.0,0.0,0.0,1.0,
1410,s,192.9,0.12000000000000455,phoneme,0.0,0.0,0.0,0.0,0.0,0.0,0.0,0.0,1.0,0.0,0.0,0.0,1.0,0.0,
1411,@,193.02,0.03999999999999204,phoneme,0.0,0.0,1.0,0.0,0.0,0.0,1.0,0.0,0.0,0.0,0.0,0.0,0.0,1.0,
1412,R,193.06,0.060000000000002274,phoneme,0.0,0.0,0.0,0.0,0.0,0.0,0.0,0.0,0.0,0.0,0.0,1.0,0.0,0.0,
1413,a,193.12,0.060000000000002274,phoneme,1.0,0.0,0.0,0.0,0.0,0.0,1.0,0.0,0.0,0.0,0.0,0.0,0.0,1.0,
1414,p,193.18,0.13999999999998636,phoneme,0.0,0.0,0.0,1.0,0.0,0.0,0.0,1.0,0.0,0.0,0.0,0.0,1.0,0.0,
1415,u,193.32,0.11000000000001364,phoneme,0.0,1.0,0.0,0.0,0.0,0.0,1.0,0.0,0.0,0.0,0.0,0.0,0.0,1.0,
1416,m,193.43,0.09000000000000341,phoneme,0.0,0.0,0.0,1.0,0.0,0.0,0.0,0.0,0.0,1.0,0.0,0.0,0.0,0.0,
1417,w,193.52,0.07999999999998408,phoneme,0.0,0.0,0.0,1.0,0.0,1.0,0.0,0.0,0.0,0.0,1.0,0.0,0.0,0.0,
1418,a,193.6,0.05000000000001137,phoneme,1.0,0.0,0.0,0.0,0.0,0.0,1.0,0.0,0.0,0.0,0.0,0.0,0.0,1.0,
1419,y,193.84,0.13999999999998636,phoneme,0.0,1.0,0.0,0.0,0.0,0.0,1.0,0.0,0.0,0.0,0.0,0.0,0.0,1.0,
1420,n,193.98,0.11000000000001364,phoneme,0.0,0.0,0.0,0.0,0.0,0.0,0.0,0.0,0.0,1.0,0.0,0.0,0.0,0.0,
1421,i,194.09,0.06999999999999318,phoneme,0.0,1.0,0.0,0.0,0.0,0.0,1.0,0.0,0.0,0.0,0.0,0.0,0.0,1.0,
1422,k,194.16,0.12000000000000455,phoneme,0.0,0.0,0.0,0.0,0.0,1.0,0.0,1.0,0.0,0.0,0.0,0.0,1.0,0.0,
1423,o,194.28,0.06999999999999318,phoneme,0.0,0.0,1.0,0.0,0.0,0.0,1.0,0.0,0.0,0.0,0.0,0.0,0.0,1.0,
1424,m,194.4,0.04999999999998295,phoneme,0.0,0.0,0.0,1.0,0.0,0.0,0.0,0.0,0.0,1.0,0.0,0.0,0.0,0.0,
1425,o~,194.45,0.18000000000000682,phoneme,0.0,0.0,1.0,0.0,0.0,0.0,1.0,0.0,0.0,1.0,0.0,0.0,0.0,1.0,
1426,d,194.63,0.15000000000000568,phoneme,0.0,0.0,0.0,0.0,0.0,0.0,0.0,1.0,0.0,0.0,0.0,0.0,1.0,1.0,
1427,Z,195.26,0.0800000000000125,phoneme,0.0,0.0,0.0,0.0,0.0,0.0,0.0,0.0,1.0,0.0,0.0,0.0,1.0,1.0,
1428,@,195.34,0.07999999999998408,phoneme,0.0,0.0,1.0,0.0,0.0,0.0,1.0,0.0,0.0,0.0,0.0,0.0,0.0,1.0,
1429,s,195.42,0.14000000000001478,phoneme,0.0,0.0,0.0,0.0,0.0,0.0,0.0,0.0,1.0,0.0,0.0,0.0,1.0,0.0,
1430,R,195.56,0.10999999999998522,phoneme,0.0,0.0,0.0,0.0,0.0,0.0,0.0,0.0,0.0,0.0,0.0,1.0,0.0,0.0,
1431,e,195.67,0.05000000000001137,phoneme,0.0,0.0,1.0,0.0,0.0,0.0,1.0,0.0,0.0,0.0,0.0,0.0,0.0,1.0,
1432,t,195.72,0.05000000000001137,phoneme,0.0,0.0,0.0,0.0,0.0,0.0,0.0,1.0,0.0,0.0,0.0,0.0,1.0,0.0,
1433,p,195.77,0.060000000000002274,phoneme,0.0,0.0,0.0,1.0,0.0,0.0,0.0,1.0,0.0,0.0,0.0,0.0,1.0,0.0,
1434,u,195.83,0.06999999999999318,phoneme,0.0,1.0,0.0,0.0,0.0,0.0,1.0,0.0,0.0,0.0,0.0,0.0,0.0,1.0,
1435,R,195.9,0.03999999999999204,phoneme,0.0,0.0,0.0,0.0,0.0,0.0,0.0,0.0,0.0,0.0,0.0,1.0,0.0,0.0,
1436,t,195.94,0.11000000000001364,phoneme,0.0,0.0,0.0,0.0,0.0,0.0,0.0,1.0,0.0,0.0,0.0,0.0,1.0,0.0,
1437,w,196.05,0.060000000000002274,phoneme,0.0,0.0,0.0,1.0,0.0,1.0,0.0,0.0,0.0,0.0,1.0,0.0,0.0,0.0,
1438,a,196.11,0.07999999999998408,phoneme,1.0,0.0,0.0,0.0,0.0,0.0,1.0,0.0,0.0,0.0,0.0,0.0,0.0,1.0,
1439,y,196.34,0.10999999999998522,phoneme,0.0,1.0,0.0,0.0,0.0,0.0,1.0,0.0,0.0,0.0,0.0,0.0,0.0,1.0,
1440,n,196.45,0.0800000000000125,phoneme,0.0,0.0,0.0,0.0,0.0,0.0,0.0,0.0,0.0,1.0,0.0,0.0,0.0,0.0,
1441,i,196.53,0.060000000000002274,phoneme,0.0,1.0,0.0,0.0,0.0,0.0,1.0,0.0,0.0,0.0,0.0,0.0,0.0,1.0,
1442,k,196.59,0.12000000000000455,phoneme,0.0,0.0,0.0,0.0,0.0,1.0,0.0,1.0,0.0,0.0,0.0,0.0,1.0,0.0,
1443,o,196.71,0.04999999999998295,phoneme,0.0,0.0,1.0,0.0,0.0,0.0,1.0,0.0,0.0,0.0,0.0,0.0,0.0,1.0,
1444,m,196.76,0.0800000000000125,phoneme,0.0,0.0,0.0,1.0,0.0,0.0,0.0,0.0,0.0,1.0,0.0,0.0,0.0,0.0,
1445,o~,196.84,0.18999999999999773,phoneme,0.0,0.0,1.0,0.0,0.0,0.0,1.0,0.0,0.0,1.0,0.0,0.0,0.0,1.0,
1446,d,197.03,0.15000000000000568,phoneme,0.0,0.0,0.0,0.0,0.0,0.0,0.0,1.0,0.0,0.0,0.0,0.0,1.0,1.0,
1447,S,198.47,0.14000000000001478,phoneme,0.0,0.0,0.0,0.0,0.0,0.0,0.0,0.0,1.0,0.0,0.0,0.0,1.0,0.0,
1448,k,198.7,0.10000000000002274,phoneme,0.0,0.0,0.0,0.0,0.0,1.0,0.0,1.0,0.0,0.0,0.0,0.0,1.0,0.0,
1449,o,198.8,0.04999999999998295,phoneme,0.0,0.0,1.0,0.0,0.0,0.0,1.0,0.0,0.0,0.0,0.0,0.0,0.0,1.0,
1450,m,198.85,0.12000000000000455,phoneme,0.0,0.0,0.0,1.0,0.0,0.0,0.0,0.0,0.0,1.0,0.0,0.0,0.0,0.0,
1451,a~,198.97,0.06999999999999318,phoneme,1.0,0.0,0.0,0.0,0.0,0.0,1.0,0.0,0.0,1.0,0.0,0.0,0.0,1.0,
1452,s,199.04,0.12999999999999545,phoneme,0.0,0.0,0.0,0.0,0.0,0.0,0.0,0.0,1.0,0.0,0.0,0.0,1.0,0.0,
1453,a,199.17,0.05000000000001137,phoneme,1.0,0.0,0.0,0.0,0.0,0.0,1.0,0.0,0.0,0.0,0.0,0.0,0.0,1.0,
1454,k,199.22,0.11000000000001364,phoneme,0.0,0.0,0.0,0.0,0.0,1.0,0.0,1.0,0.0,0.0,0.0,0.0,1.0,0.0,
1455,o~,199.33,0.08999999999997499,phoneme,0.0,0.0,1.0,0.0,0.0,0.0,1.0,0.0,0.0,1.0,0.0,0.0,0.0,1.0,
1456,p,199.42,0.0700000000000216,phoneme,0.0,0.0,0.0,1.0,0.0,0.0,0.0,1.0,0.0,0.0,0.0,0.0,1.0,0.0,
1457,R,199.49,0.22999999999998977,phoneme,0.0,0.0,0.0,0.0,0.0,0.0,0.0,0.0,0.0,0.0,0.0,1.0,0.0,0.0,
1458,a~,199.72,0.060000000000002274,phoneme,1.0,0.0,0.0,0.0,0.0,0.0,1.0,0.0,0.0,1.0,0.0,0.0,0.0,1.0,
1459,d,199.78,0.06999999999999318,phoneme,0.0,0.0,0.0,0.0,0.0,0.0,0.0,1.0,0.0,0.0,0.0,0.0,1.0,1.0,
1460,R,199.85,0.18000000000000682,phoneme,0.0,0.0,0.0,0.0,0.0,0.0,0.0,0.0,0.0,0.0,0.0,1.0,0.0,0.0,
1461,d,200.29,0.0800000000000125,phoneme,0.0,0.0,0.0,0.0,0.0,0.0,0.0,1.0,0.0,0.0,0.0,0.0,1.0,1.0,
1462,i,200.37,0.09999999999999432,phoneme,0.0,1.0,0.0,0.0,0.0,0.0,1.0,0.0,0.0,0.0,0.0,0.0,0.0,1.0,
1463,l,200.47,0.030000000000001137,phoneme,0.0,0.0,0.0,0.0,0.0,0.0,0.0,0.0,0.0,0.0,1.0,0.0,0.0,0.0,
1464,@,200.5,0.060000000000002274,phoneme,0.0,0.0,1.0,0.0,0.0,0.0,1.0,0.0,0.0,0.0,0.0,0.0,0.0,1.0,
1465,p,200.56,0.09999999999999432,phoneme,0.0,0.0,0.0,1.0,0.0,0.0,0.0,1.0,0.0,0.0,0.0,0.0,1.0,0.0,
1466,@,200.66,0.03999999999999204,phoneme,0.0,0.0,1.0,0.0,0.0,0.0,1.0,0.0,0.0,0.0,0.0,0.0,0.0,1.0,
1467,t,200.7,0.10000000000002274,phoneme,0.0,0.0,0.0,0.0,0.0,0.0,0.0,1.0,0.0,0.0,0.0,0.0,1.0,0.0,
1468,i,200.8,0.06999999999999318,phoneme,0.0,1.0,0.0,0.0,0.0,0.0,1.0,0.0,0.0,0.0,0.0,0.0,0.0,1.0,
1469,p,200.87,0.04999999999998295,phoneme,0.0,0.0,0.0,1.0,0.0,0.0,0.0,1.0,0.0,0.0,0.0,0.0,1.0,0.0,
1470,R,200.92,0.0800000000000125,phoneme,0.0,0.0,0.0,0.0,0.0,0.0,0.0,0.0,0.0,0.0,0.0,1.0,0.0,0.0,
1471,e~,201.0,0.1699999999999875,phoneme,0.0,0.0,1.0,0.0,0.0,0.0,1.0,0.0,0.0,1.0,0.0,0.0,0.0,1.0,
1472,s,201.17,0.2600000000000193,phoneme,0.0,0.0,0.0,0.0,0.0,0.0,0.0,0.0,1.0,0.0,0.0,0.0,1.0,0.0,
1473,i,202.29,0.14000000000001478,phoneme,0.0,1.0,0.0,0.0,0.0,0.0,1.0,0.0,0.0,0.0,0.0,0.0,0.0,1.0,
1474,i,202.43,0.12999999999999545,phoneme,0.0,1.0,0.0,0.0,0.0,0.0,1.0,0.0,0.0,0.0,0.0,0.0,0.0,1.0,
1475,a,202.56,0.060000000000002274,phoneme,1.0,0.0,0.0,0.0,0.0,0.0,1.0,0.0,0.0,0.0,0.0,0.0,0.0,1.0,
1476,y,202.67,0.030000000000001137,phoneme,0.0,1.0,0.0,0.0,0.0,0.0,1.0,0.0,0.0,0.0,0.0,0.0,0.0,1.0,
1477,n,202.7,0.040000000000020464,phoneme,0.0,0.0,0.0,0.0,0.0,0.0,0.0,0.0,0.0,1.0,0.0,0.0,0.0,0.0,
1478,f,202.74,0.12000000000000455,phoneme,0.0,0.0,0.0,0.0,0.0,0.0,0.0,0.0,1.0,0.0,0.0,0.0,1.0,0.0,
1479,l,202.86,0.10999999999998522,phoneme,0.0,0.0,0.0,0.0,0.0,0.0,0.0,0.0,0.0,0.0,1.0,0.0,0.0,0.0,
1480,9,202.97,0.18000000000000682,phoneme,0.0,0.0,1.0,0.0,0.0,0.0,1.0,0.0,0.0,0.0,0.0,0.0,0.0,1.0,
1481,R,203.15,0.23999999999998067,phoneme,0.0,0.0,0.0,0.0,0.0,0.0,0.0,0.0,0.0,0.0,0.0,1.0,0.0,0.0,
1482,S,203.59,0.12999999999999545,phoneme,0.0,0.0,0.0,0.0,0.0,0.0,0.0,0.0,1.0,0.0,0.0,0.0,1.0,0.0,
1483,k,203.72,0.11000000000001364,phoneme,0.0,0.0,0.0,0.0,0.0,1.0,0.0,1.0,0.0,0.0,0.0,0.0,1.0,0.0,
1484,R,203.83,0.04999999999998295,phoneme,0.0,0.0,0.0,0.0,0.0,0.0,0.0,0.0,0.0,0.0,0.0,1.0,0.0,0.0,
1485,w,203.88,0.030000000000001137,phoneme,0.0,0.0,0.0,1.0,0.0,1.0,0.0,0.0,0.0,0.0,1.0,0.0,0.0,0.0,
1486,a,203.91,0.0800000000000125,phoneme,1.0,0.0,0.0,0.0,0.0,0.0,1.0,0.0,0.0,0.0,0.0,0.0,0.0,1.0,
1487,k,203.99,0.09999999999999432,phoneme,0.0,0.0,0.0,0.0,0.0,1.0,0.0,1.0,0.0,0.0,0.0,0.0,1.0,0.0,
1488,E,204.09,0.07999999999998408,phoneme,0.0,0.0,1.0,0.0,0.0,0.0,1.0,0.0,0.0,0.0,0.0,0.0,0.0,1.0,
1489,l,204.17,0.04498900000001527,phoneme,0.0,0.0,0.0,0.0,0.0,0.0,0.0,0.0,0.0,0.0,1.0,0.0,0.0,0.0,
1490,m,204.214989,0.034987999999998465,phoneme,0.0,0.0,0.0,1.0,0.0,0.0,0.0,0.0,0.0,1.0,0.0,0.0,0.0,0.0,
1491,a,204.249977,0.040022999999990816,phoneme,1.0,0.0,0.0,0.0,0.0,0.0,1.0,0.0,0.0,0.0,0.0,0.0,0.0,1.0,
1492,a,204.29,0.11000000000001364,phoneme,1.0,0.0,0.0,0.0,0.0,0.0,1.0,0.0,0.0,0.0,0.0,0.0,0.0,1.0,
1493,p,204.4,0.06999999999999318,phoneme,0.0,0.0,0.0,1.0,0.0,0.0,0.0,1.0,0.0,0.0,0.0,0.0,1.0,0.0,
1494,R,204.47,0.06999999999999318,phoneme,0.0,0.0,0.0,0.0,0.0,0.0,0.0,0.0,0.0,0.0,0.0,1.0,0.0,0.0,
1495,i,204.54,0.0700000000000216,phoneme,0.0,1.0,0.0,0.0,0.0,0.0,1.0,0.0,0.0,0.0,0.0,0.0,0.0,1.0,
1496,v,204.61,0.04999999999998295,phoneme,0.0,0.0,0.0,0.0,0.0,0.0,0.0,0.0,1.0,0.0,0.0,0.0,1.0,1.0,
1497,w,204.66,0.09000000000000341,phoneme,0.0,0.0,0.0,1.0,0.0,1.0,0.0,0.0,0.0,0.0,1.0,0.0,0.0,0.0,
1498,a,204.75,0.030000000000001137,phoneme,1.0,0.0,0.0,0.0,0.0,0.0,1.0,0.0,0.0,0.0,0.0,0.0,0.0,1.0,
1499,z,204.78,0.10999999999998522,phoneme,0.0,0.0,0.0,0.0,0.0,0.0,0.0,0.0,1.0,0.0,0.0,0.0,1.0,1.0,
1500,e,204.89,0.19000000000002615,phoneme,0.0,0.0,1.0,0.0,0.0,0.0,1.0,0.0,0.0,0.0,0.0,0.0,0.0,1.0,
1501,s,206.06,0.12999999999999545,phoneme,0.0,0.0,0.0,0.0,0.0,0.0,0.0,0.0,1.0,0.0,0.0,0.0,1.0,0.0,
1502,e,206.19,0.0800000000000125,phoneme,0.0,0.0,1.0,0.0,0.0,0.0,1.0,0.0,0.0,0.0,0.0,0.0,0.0,1.0,
1503,p,206.27,0.03999999999999204,phoneme,0.0,0.0,0.0,1.0,0.0,0.0,0.0,1.0,0.0,0.0,0.0,0.0,1.0,0.0,
1504,o,206.31,0.06999999999999318,phoneme,0.0,0.0,1.0,0.0,0.0,0.0,1.0,0.0,0.0,0.0,0.0,0.0,0.0,1.0,
1505,s,206.38,0.12999999999999545,phoneme,0.0,0.0,0.0,0.0,0.0,0.0,0.0,0.0,1.0,0.0,0.0,0.0,1.0,0.0,
1506,i,206.51,0.11000000000001364,phoneme,0.0,1.0,0.0,0.0,0.0,0.0,1.0,0.0,0.0,0.0,0.0,0.0,0.0,1.0,
1507,b,206.62,0.09000000000000341,phoneme,0.0,0.0,0.0,1.0,0.0,0.0,0.0,1.0,0.0,0.0,0.0,0.0,1.0,1.0,
1508,l,206.71,0.060000000000002274,phoneme,0.0,0.0,0.0,0.0,0.0,0.0,0.0,0.0,0.0,0.0,1.0,0.0,0.0,0.0,
1509,@,206.77,0.07999999999998408,phoneme,0.0,0.0,1.0,0.0,0.0,0.0,1.0,0.0,0.0,0.0,0.0,0.0,0.0,1.0,
1510,d,207.15,0.10999999999998522,phoneme,0.0,0.0,0.0,0.0,0.0,0.0,0.0,1.0,0.0,0.0,0.0,0.0,1.0,1.0,
1511,i,207.26,0.040000000000020464,phoneme,0.0,1.0,0.0,0.0,0.0,0.0,1.0,0.0,0.0,0.0,0.0,0.0,0.0,1.0,
1512,l,207.3,0.06999999999999318,phoneme,0.0,0.0,0.0,0.0,0.0,0.0,0.0,0.0,0.0,0.0,1.0,0.0,0.0,0.0,
1513,@,207.37,0.03999999999999204,phoneme,0.0,0.0,1.0,0.0,0.0,0.0,1.0,0.0,0.0,0.0,0.0,0.0,0.0,1.0,
1514,R,207.41,0.0800000000000125,phoneme,0.0,0.0,0.0,0.0,0.0,0.0,0.0,0.0,0.0,0.0,0.0,1.0,0.0,0.0,
1515,@,207.49,0.03999999999999204,phoneme,0.0,0.0,1.0,0.0,0.0,0.0,1.0,0.0,0.0,0.0,0.0,0.0,0.0,1.0,
1516,n,207.53,0.0800000000000125,phoneme,0.0,0.0,0.0,0.0,0.0,0.0,0.0,0.0,0.0,1.0,0.0,0.0,0.0,0.0,
1517,a,207.61,0.1699999999999875,phoneme,1.0,0.0,0.0,0.0,0.0,0.0,1.0,0.0,0.0,0.0,0.0,0.0,0.0,1.0,
1518,R,207.78,0.1599999999999966,phoneme,0.0,0.0,0.0,0.0,0.0,0.0,0.0,0.0,0.0,0.0,0.0,1.0,0.0,0.0,
1519,o~,208.56,0.1599999999999966,phoneme,0.0,0.0,1.0,0.0,0.0,0.0,1.0,0.0,0.0,1.0,0.0,0.0,0.0,1.0,
1520,v,208.72,0.060000000000002274,phoneme,0.0,0.0,0.0,0.0,0.0,0.0,0.0,0.0,1.0,0.0,0.0,0.0,1.0,1.0,
1521,w,208.78,0.060000000000002274,phoneme,0.0,0.0,0.0,1.0,0.0,1.0,0.0,0.0,0.0,0.0,1.0,0.0,0.0,0.0,
1522,a,208.84,0.03999999999999204,phoneme,1.0,0.0,0.0,0.0,0.0,0.0,1.0,0.0,0.0,0.0,0.0,0.0,0.0,1.0,
1523,s,208.88,0.12999999999999545,phoneme,0.0,0.0,0.0,0.0,0.0,0.0,0.0,0.0,1.0,0.0,0.0,0.0,1.0,0.0,
1524,y,209.01,0.040000000000020464,phoneme,0.0,1.0,0.0,0.0,0.0,0.0,1.0,0.0,0.0,0.0,0.0,0.0,0.0,1.0,
1525,l,209.05,0.030000000000001137,phoneme,0.0,0.0,0.0,0.0,0.0,0.0,0.0,0.0,0.0,0.0,1.0,0.0,0.0,0.0,
1526,a,209.08,0.09999999999999432,phoneme,1.0,0.0,0.0,0.0,0.0,0.0,1.0,0.0,0.0,0.0,0.0,0.0,0.0,1.0,
1527,t,209.18,0.10999999999998522,phoneme,0.0,0.0,0.0,0.0,0.0,0.0,0.0,1.0,0.0,0.0,0.0,0.0,1.0,0.0,
1528,E,209.29,0.17000000000001592,phoneme,0.0,0.0,1.0,0.0,0.0,0.0,1.0,0.0,0.0,0.0,0.0,0.0,0.0,1.0,
1529,R,209.46,0.10999999999998522,phoneme,0.0,0.0,0.0,0.0,0.0,0.0,0.0,0.0,0.0,0.0,0.0,1.0,0.0,0.0,
1530,t,209.57,0.060000000000002274,phoneme,0.0,0.0,0.0,0.0,0.0,0.0,0.0,1.0,0.0,0.0,0.0,0.0,1.0,0.0,
1531,u,209.63,0.0800000000000125,phoneme,0.0,1.0,0.0,0.0,0.0,0.0,1.0,0.0,0.0,0.0,0.0,0.0,0.0,1.0,
1532,t,209.71,0.07999999999998408,phoneme,0.0,0.0,0.0,0.0,0.0,0.0,0.0,1.0,0.0,0.0,0.0,0.0,1.0,0.0,
1533,s,209.79,0.11000000000001364,phoneme,0.0,0.0,0.0,0.0,0.0,0.0,0.0,0.0,1.0,0.0,0.0,0.0,1.0,0.0,
1534,O,209.9,0.07999999999998408,phoneme,0.0,0.0,1.0,0.0,0.0,0.0,1.0,0.0,0.0,0.0,0.0,0.0,0.0,1.0,
1535,R,209.98,0.05000000000001137,phoneme,0.0,0.0,0.0,0.0,0.0,0.0,0.0,0.0,0.0,0.0,0.0,1.0,0.0,0.0,
1536,t,210.03,0.06999999999999318,phoneme,0.0,0.0,0.0,0.0,0.0,0.0,0.0,1.0,0.0,0.0,0.0,0.0,1.0,0.0,
1537,@,210.1,0.03999999999999204,phoneme,0.0,0.0,1.0,0.0,0.0,0.0,1.0,0.0,0.0,0.0,0.0,0.0,0.0,1.0,
1538,d,210.14,0.040000000000020464,phoneme,0.0,0.0,0.0,0.0,0.0,0.0,0.0,1.0,0.0,0.0,0.0,0.0,1.0,1.0,
1539,@,210.18,0.06999999999999318,phoneme,0.0,0.0,1.0,0.0,0.0,0.0,1.0,0.0,0.0,0.0,0.0,0.0,0.0,1.0,
1540,S,210.25,0.15000000000000568,phoneme,0.0,0.0,0.0,0.0,0.0,0.0,0.0,0.0,1.0,0.0,0.0,0.0,1.0,0.0,
1541,o,210.4,0.19999999999998863,phoneme,0.0,0.0,1.0,0.0,0.0,0.0,1.0,0.0,0.0,0.0,0.0,0.0,0.0,1.0,
1542,z,210.6,0.18000000000000682,phoneme,0.0,0.0,0.0,0.0,0.0,0.0,0.0,0.0,1.0,0.0,0.0,0.0,1.0,1.0,
1543,o,211.74,0.22999999999998977,phoneme,0.0,0.0,1.0,0.0,0.0,0.0,1.0,0.0,0.0,0.0,0.0,0.0,0.0,1.0,
1544,s,211.97,0.12000000000000455,phoneme,0.0,0.0,0.0,0.0,0.0,0.0,0.0,0.0,1.0,0.0,0.0,0.0,1.0,0.0,
1545,@,212.09,0.04999999999998295,phoneme,0.0,0.0,1.0,0.0,0.0,0.0,1.0,0.0,0.0,0.0,0.0,0.0,0.0,1.0,
1546,n,212.14,0.060000000000002274,phoneme,0.0,0.0,0.0,0.0,0.0,0.0,0.0,0.0,0.0,1.0,0.0,0.0,0.0,0.0,
1547,E,212.2,0.030000000000001137,phoneme,0.0,0.0,1.0,0.0,0.0,0.0,1.0,0.0,0.0,0.0,0.0,0.0,0.0,1.0,
1548,s,212.23,0.030000000000001137,phoneme,0.0,0.0,0.0,0.0,0.0,0.0,0.0,0.0,1.0,0.0,0.0,0.0,1.0,0.0,
1549,t,212.26,0.030000000000001137,phoneme,0.0,0.0,0.0,0.0,0.0,0.0,0.0,1.0,0.0,0.0,0.0,0.0,1.0,0.0,
1550,p,212.29,0.030000000000001137,phoneme,0.0,0.0,0.0,1.0,0.0,0.0,0.0,1.0,0.0,0.0,0.0,0.0,1.0,0.0,
1551,a,212.32,0.0749890000000164,phoneme,1.0,0.0,0.0,0.0,0.0,0.0,1.0,0.0,0.0,0.0,0.0,0.0,0.0,1.0,
1552,s,212.394989,0.12498800000000188,phoneme,0.0,0.0,0.0,0.0,0.0,0.0,0.0,0.0,1.0,0.0,0.0,0.0,1.0,0.0,
1553,y,212.519977,0.03002299999999991,phoneme,0.0,1.0,0.0,0.0,0.0,0.0,1.0,0.0,0.0,0.0,0.0,0.0,0.0,1.0,
1554,l,212.55,0.030000000000001137,phoneme,0.0,0.0,0.0,0.0,0.0,0.0,0.0,0.0,0.0,0.0,1.0,0.0,0.0,0.0,
1555,a,212.58,0.09999999999999432,phoneme,1.0,0.0,0.0,0.0,0.0,0.0,1.0,0.0,0.0,0.0,0.0,0.0,0.0,1.0,
1556,t,212.68,0.13999999999998636,phoneme,0.0,0.0,0.0,0.0,0.0,0.0,0.0,1.0,0.0,0.0,0.0,0.0,1.0,0.0,
1557,E,212.82,0.18999999999999773,phoneme,0.0,0.0,1.0,0.0,0.0,0.0,1.0,0.0,0.0,0.0,0.0,0.0,0.0,1.0,
1558,R,213.01,0.12000000000000455,phoneme,0.0,0.0,0.0,0.0,0.0,0.0,0.0,0.0,0.0,0.0,0.0,1.0,0.0,0.0,
1559,d,213.5,0.06999999999999318,phoneme,0.0,0.0,0.0,0.0,0.0,0.0,0.0,1.0,0.0,0.0,0.0,0.0,1.0,1.0,
1560,i,213.57,0.0800000000000125,phoneme,0.0,1.0,0.0,0.0,0.0,0.0,1.0,0.0,0.0,0.0,0.0,0.0,0.0,1.0,
1561,l,213.65,0.030000000000001137,phoneme,0.0,0.0,0.0,0.0,0.0,0.0,0.0,0.0,0.0,0.0,1.0,0.0,0.0,0.0,
1562,@,213.68,0.06999999999999318,phoneme,0.0,0.0,1.0,0.0,0.0,0.0,1.0,0.0,0.0,0.0,0.0,0.0,0.0,1.0,
1563,p,213.75,0.06999999999999318,phoneme,0.0,0.0,0.0,1.0,0.0,0.0,0.0,1.0,0.0,0.0,0.0,0.0,1.0,0.0,
1564,@,213.82,0.06999999999999318,phoneme,0.0,0.0,1.0,0.0,0.0,0.0,1.0,0.0,0.0,0.0,0.0,0.0,0.0,1.0,
1565,t,213.89,0.0800000000000125,phoneme,0.0,0.0,0.0,0.0,0.0,0.0,0.0,1.0,0.0,0.0,0.0,0.0,1.0,0.0,
1566,i,213.97,0.06999999999999318,phoneme,0.0,1.0,0.0,0.0,0.0,0.0,1.0,0.0,0.0,0.0,0.0,0.0,0.0,1.0,
1567,p,214.04,0.05000000000001137,phoneme,0.0,0.0,0.0,1.0,0.0,0.0,0.0,1.0,0.0,0.0,0.0,0.0,1.0,0.0,
1568,R,214.09,0.09000000000000341,phoneme,0.0,0.0,0.0,0.0,0.0,0.0,0.0,0.0,0.0,0.0,0.0,1.0,0.0,0.0,
1569,e~,214.18,0.15000000000000568,phoneme,0.0,0.0,1.0,0.0,0.0,0.0,1.0,0.0,0.0,1.0,0.0,0.0,0.0,1.0,
1570,s,214.33,0.23999999999998067,phoneme,0.0,0.0,0.0,0.0,0.0,0.0,0.0,0.0,1.0,0.0,0.0,0.0,1.0,0.0,
1571,l,215.51,0.10000000000002274,phoneme,0.0,0.0,0.0,0.0,0.0,0.0,0.0,0.0,0.0,0.0,1.0,0.0,0.0,0.0,
1572,R,215.61,0.10999999999998522,phoneme,0.0,0.0,0.0,0.0,0.0,0.0,0.0,0.0,0.0,0.0,0.0,1.0,0.0,0.0,
1573,@,215.72,0.03999999999999204,phoneme,0.0,0.0,1.0,0.0,0.0,0.0,1.0,0.0,0.0,0.0,0.0,0.0,0.0,1.0,
1574,n,215.76,0.10000000000002274,phoneme,0.0,0.0,0.0,0.0,0.0,0.0,0.0,0.0,0.0,1.0,0.0,0.0,0.0,0.0,
1575,a,215.86,0.1799999999999784,phoneme,1.0,0.0,0.0,0.0,0.0,0.0,1.0,0.0,0.0,0.0,0.0,0.0,0.0,1.0,
1576,R,216.04,0.0800000000000125,phoneme,0.0,0.0,0.0,0.0,0.0,0.0,0.0,0.0,0.0,0.0,0.0,1.0,0.0,0.0,
1577,p,216.12,0.09999999999999432,phoneme,0.0,0.0,0.0,1.0,0.0,0.0,0.0,1.0,0.0,0.0,0.0,0.0,1.0,0.0,
1578,a,216.22,0.06999999999999318,phoneme,1.0,0.0,0.0,0.0,0.0,0.0,1.0,0.0,0.0,0.0,0.0,0.0,0.0,1.0,
1579,R,216.29,0.0800000000000125,phoneme,0.0,0.0,0.0,0.0,0.0,0.0,0.0,0.0,0.0,0.0,0.0,1.0,0.0,0.0,
1580,y,216.37,0.10999999999998522,phoneme,0.0,1.0,0.0,0.0,0.0,0.0,1.0,0.0,0.0,0.0,0.0,0.0,0.0,1.0,
1581,t,216.48,0.20000000000001705,phoneme,0.0,0.0,0.0,0.0,0.0,0.0,0.0,1.0,0.0,0.0,0.0,0.0,1.0,0.0,
1582,R,216.68,0.12000000000000455,phoneme,0.0,0.0,0.0,0.0,0.0,0.0,0.0,0.0,0.0,0.0,0.0,1.0,0.0,0.0,
1583,E,216.8,0.09999999999999432,phoneme,0.0,0.0,1.0,0.0,0.0,0.0,1.0,0.0,0.0,0.0,0.0,0.0,0.0,1.0,
1584,t,216.9,0.06999999999999318,phoneme,0.0,0.0,0.0,0.0,0.0,0.0,0.0,1.0,0.0,0.0,0.0,0.0,1.0,0.0,
1585,e~,216.97,0.11000000000001364,phoneme,0.0,0.0,1.0,0.0,0.0,0.0,1.0,0.0,0.0,1.0,0.0,0.0,0.0,1.0,
1586,t,217.08,0.04999999999998295,phoneme,0.0,0.0,0.0,0.0,0.0,0.0,0.0,1.0,0.0,0.0,0.0,0.0,1.0,0.0,
1587,R,217.13,0.06999999999999318,phoneme,0.0,0.0,0.0,0.0,0.0,0.0,0.0,0.0,0.0,0.0,0.0,1.0,0.0,0.0,
1588,i,217.2,0.0800000000000125,phoneme,0.0,1.0,0.0,0.0,0.0,0.0,1.0,0.0,0.0,0.0,0.0,0.0,0.0,1.0,
1589,g,217.28,0.09000000000000341,phoneme,0.0,0.0,0.0,0.0,0.0,1.0,0.0,1.0,0.0,0.0,0.0,0.0,1.0,1.0,
1590,e,217.37,0.09999999999999432,phoneme,0.0,0.0,1.0,0.0,0.0,0.0,1.0,0.0,0.0,0.0,0.0,0.0,0.0,1.0,
1591,s,218.28,0.060000000000002274,phoneme,0.0,0.0,0.0,0.0,0.0,0.0,0.0,0.0,1.0,0.0,0.0,0.0,1.0,0.0,
1592,y,218.34,0.1599999999999966,phoneme,0.0,1.0,0.0,0.0,0.0,0.0,1.0,0.0,0.0,0.0,0.0,0.0,0.0,1.0,
1593,R,218.5,0.0800000000000125,phoneme,0.0,0.0,0.0,0.0,0.0,0.0,0.0,0.0,0.0,0.0,0.0,1.0,0.0,0.0,
1594,y,218.58,0.030000000000001137,phoneme,0.0,1.0,0.0,0.0,0.0,0.0,1.0,0.0,0.0,0.0,0.0,0.0,0.0,1.0,
1595,n,218.61,0.04999999999998295,phoneme,0.0,0.0,0.0,0.0,0.0,0.0,0.0,0.0,0.0,1.0,0.0,0.0,0.0,0.0,
1596,O,218.66,0.06999999999999318,phoneme,0.0,0.0,1.0,0.0,0.0,0.0,1.0,0.0,0.0,0.0,0.0,0.0,0.0,1.0,
1597,t,218.73,0.11000000000001364,phoneme,0.0,0.0,0.0,0.0,0.0,0.0,0.0,1.0,0.0,0.0,0.0,0.0,1.0,0.0,
1598,R,218.84,0.060000000000002274,phoneme,0.0,0.0,0.0,0.0,0.0,0.0,0.0,0.0,0.0,0.0,0.0,1.0,0.0,0.0,
1599,p,218.9,0.04999999999998295,phoneme,0.0,0.0,0.0,1.0,0.0,0.0,0.0,1.0,0.0,0.0,0.0,0.0,1.0,0.0,
1600,l,218.95,0.040000000000020464,phoneme,0.0,0.0,0.0,0.0,0.0,0.0,0.0,0.0,0.0,0.0,1.0,0.0,0.0,0.0,
1601,a,218.99,0.06999999999999318,phoneme,1.0,0.0,0.0,0.0,0.0,0.0,1.0,0.0,0.0,0.0,0.0,0.0,0.0,1.0,
1602,n,219.06,0.05000000000001137,phoneme,0.0,0.0,0.0,0.0,0.0,0.0,0.0,0.0,0.0,1.0,0.0,0.0,0.0,0.0,
1603,E,219.11,0.1799999999999784,phoneme,0.0,0.0,1.0,0.0,0.0,0.0,1.0,0.0,0.0,0.0,0.0,0.0,0.0,1.0,
1604,t,219.29,0.2300000000000182,phoneme,0.0,0.0,0.0,0.0,0.0,0.0,0.0,1.0,0.0,0.0,0.0,0.0,1.0,0.0,
1605,w,220.24,0.09999999999999432,phoneme,0.0,0.0,0.0,1.0,0.0,1.0,0.0,0.0,0.0,0.0,1.0,0.0,0.0,0.0,
1606,i,220.34,0.19999999999998863,phoneme,0.0,1.0,0.0,0.0,0.0,0.0,1.0,0.0,0.0,0.0,0.0,0.0,0.0,1.0,
1607,i,221.25,0.21000000000000796,phoneme,0.0,1.0,0.0,0.0,0.0,0.0,1.0,0.0,0.0,0.0,0.0,0.0,0.0,1.0,
1608,j,221.46,0.06999999999999318,phoneme,0.0,0.0,0.0,0.0,0.0,0.0,0.0,0.0,0.0,0.0,1.0,0.0,0.0,0.0,
1609,a,221.53,0.030000000000001137,phoneme,1.0,0.0,0.0,0.0,0.0,0.0,1.0,0.0,0.0,0.0,0.0,0.0,0.0,1.0,
1610,d,221.56,0.05000000000001137,phoneme,0.0,0.0,0.0,0.0,0.0,0.0,0.0,1.0,0.0,0.0,0.0,0.0,1.0,1.0,
1611,e,221.61,0.06999999999999318,phoneme,0.0,0.0,1.0,0.0,0.0,0.0,1.0,0.0,0.0,0.0,0.0,0.0,0.0,1.0,
1612,S,221.68,0.12000000000000455,phoneme,0.0,0.0,0.0,0.0,0.0,0.0,0.0,0.0,1.0,0.0,0.0,0.0,1.0,0.0,
1613,a,221.8,0.060000000000002274,phoneme,1.0,0.0,0.0,0.0,0.0,0.0,1.0,0.0,0.0,0.0,0.0,0.0,0.0,1.0,
1614,s,221.86,0.1599999999999966,phoneme,0.0,0.0,0.0,0.0,0.0,0.0,0.0,0.0,1.0,0.0,0.0,0.0,1.0,0.0,
1615,9,222.02,0.18999999999999773,phoneme,0.0,0.0,1.0,0.0,0.0,0.0,1.0,0.0,0.0,0.0,0.0,0.0,0.0,1.0,
1616,R,222.21,0.07999999999998408,phoneme,0.0,0.0,0.0,0.0,0.0,0.0,0.0,0.0,0.0,0.0,0.0,1.0,0.0,0.0,
1617,s,222.29,0.0700000000000216,phoneme,0.0,0.0,0.0,0.0,0.0,0.0,0.0,0.0,1.0,0.0,0.0,0.0,1.0,0.0,
1618,y,222.36,0.04999999999998295,phoneme,0.0,1.0,0.0,0.0,0.0,0.0,1.0,0.0,0.0,0.0,0.0,0.0,0.0,1.0,
1619,R,222.41,0.030000000000001137,phoneme,0.0,0.0,0.0,0.0,0.0,0.0,0.0,0.0,0.0,0.0,0.0,1.0,0.0,0.0,
1620,s,222.44,0.09000000000000341,phoneme,0.0,0.0,0.0,0.0,0.0,0.0,0.0,0.0,1.0,0.0,0.0,0.0,1.0,0.0,
1621,E,222.53,0.05000000000001137,phoneme,0.0,0.0,1.0,0.0,0.0,0.0,1.0,0.0,0.0,0.0,0.0,0.0,0.0,1.0,
1622,t,222.58,0.08999999999997499,phoneme,0.0,0.0,0.0,0.0,0.0,0.0,0.0,1.0,0.0,0.0,0.0,0.0,1.0,0.0,
1623,p,222.67,0.030000000000001137,phoneme,0.0,0.0,0.0,1.0,0.0,0.0,0.0,1.0,0.0,0.0,0.0,0.0,1.0,0.0,
1624,l,222.7,0.030000000000001137,phoneme,0.0,0.0,0.0,0.0,0.0,0.0,0.0,0.0,0.0,0.0,1.0,0.0,0.0,0.0,
1625,a,222.73,0.05000000000001137,phoneme,1.0,0.0,0.0,0.0,0.0,0.0,1.0,0.0,0.0,0.0,0.0,0.0,0.0,1.0,
1626,n,222.78,0.03999999999999204,phoneme,0.0,0.0,0.0,0.0,0.0,0.0,0.0,0.0,0.0,1.0,0.0,0.0,0.0,0.0,
1627,E,222.82,0.05000000000001137,phoneme,0.0,0.0,1.0,0.0,0.0,0.0,1.0,0.0,0.0,0.0,0.0,0.0,0.0,1.0,
1628,t,222.87,0.10999999999998522,phoneme,0.0,0.0,0.0,0.0,0.0,0.0,0.0,1.0,0.0,0.0,0.0,0.0,1.0,0.0,
1629,l,222.98,0.10000000000002274,phoneme,0.0,0.0,0.0,0.0,0.0,0.0,0.0,0.0,0.0,0.0,1.0,0.0,0.0,0.0,
1630,a,223.08,0.08999999999997499,phoneme,1.0,0.0,0.0,0.0,0.0,0.0,1.0,0.0,0.0,0.0,0.0,0.0,0.0,1.0,
1631,n,224.06,0.06999999999999318,phoneme,0.0,0.0,0.0,0.0,0.0,0.0,0.0,0.0,0.0,1.0,0.0,0.0,0.0,0.0,
1632,o~,224.13,0.15000000000000568,phoneme,0.0,0.0,1.0,0.0,0.0,0.0,1.0,0.0,0.0,1.0,0.0,0.0,0.0,1.0,
1633,s,225.0,0.28000000000000114,phoneme,0.0,0.0,0.0,0.0,0.0,0.0,0.0,0.0,1.0,0.0,0.0,0.0,1.0,0.0,
1634,a,225.28,0.15000000000000568,phoneme,1.0,0.0,0.0,0.0,0.0,0.0,1.0,0.0,0.0,0.0,0.0,0.0,0.0,1.0,
1635,s,225.43,0.09000000000000341,phoneme,0.0,0.0,0.0,0.0,0.0,0.0,0.0,0.0,1.0,0.0,0.0,0.0,1.0,0.0,
1636,e,225.52,0.04999999999998295,phoneme,0.0,0.0,1.0,0.0,0.0,0.0,1.0,0.0,0.0,0.0,0.0,0.0,0.0,1.0,
1637,t,225.57,0.09000000000000341,phoneme,0.0,0.0,0.0,0.0,0.0,0.0,0.0,1.0,0.0,0.0,0.0,0.0,1.0,0.0,
1638,e~,225.66,0.09000000000000341,phoneme,0.0,0.0,1.0,0.0,0.0,0.0,1.0,0.0,0.0,1.0,0.0,0.0,0.0,1.0,
1639,t,225.75,0.09999999999999432,phoneme,0.0,0.0,0.0,0.0,0.0,0.0,0.0,1.0,0.0,0.0,0.0,0.0,1.0,0.0,
1640,e,225.85,0.05000000000001137,phoneme,0.0,0.0,1.0,0.0,0.0,0.0,1.0,0.0,0.0,0.0,0.0,0.0,0.0,1.0,
1641,R,225.9,0.04999999999998295,phoneme,0.0,0.0,0.0,0.0,0.0,0.0,0.0,0.0,0.0,0.0,0.0,1.0,0.0,0.0,
1642,E,225.95,0.060000000000002274,phoneme,0.0,0.0,1.0,0.0,0.0,0.0,1.0,0.0,0.0,0.0,0.0,0.0,0.0,1.0,
1643,s,226.01,0.1599999999999966,phoneme,0.0,0.0,0.0,0.0,0.0,0.0,0.0,0.0,1.0,0.0,0.0,0.0,1.0,0.0,
1644,a~,226.17,0.14000000000001478,phoneme,1.0,0.0,0.0,0.0,0.0,0.0,1.0,0.0,0.0,1.0,0.0,0.0,0.0,1.0,
1645,e,226.74,0.06999999999999318,phoneme,0.0,0.0,1.0,0.0,0.0,0.0,1.0,0.0,0.0,0.0,0.0,0.0,0.0,1.0,
1646,d,226.81,0.07999999999998408,phoneme,0.0,0.0,0.0,0.0,0.0,0.0,0.0,1.0,0.0,0.0,0.0,0.0,1.0,1.0,
1647,e,226.89,0.11000000000001364,phoneme,0.0,0.0,1.0,0.0,0.0,0.0,1.0,0.0,0.0,0.0,0.0,0.0,0.0,1.0,
1648,p,227.0,0.09999999999999432,phoneme,0.0,0.0,0.0,1.0,0.0,0.0,0.0,1.0,0.0,0.0,0.0,0.0,1.0,0.0,
1649,u,227.1,0.11000000000001364,phoneme,0.0,1.0,0.0,0.0,0.0,0.0,1.0,0.0,0.0,0.0,0.0,0.0,0.0,1.0,
1650,l,227.21,0.12000000000000455,phoneme,0.0,0.0,0.0,0.0,0.0,0.0,0.0,0.0,0.0,0.0,1.0,0.0,0.0,0.0,
1651,n,228.16,0.09000000000000341,phoneme,0.0,0.0,0.0,0.0,0.0,0.0,0.0,0.0,0.0,1.0,0.0,0.0,0.0,0.0,
1652,o~,228.25,0.12999999999999545,phoneme,0.0,0.0,1.0,0.0,0.0,0.0,1.0,0.0,0.0,1.0,0.0,0.0,0.0,1.0,
1653,t,228.38,0.0800000000000125,phoneme,0.0,0.0,0.0,0.0,0.0,0.0,0.0,1.0,0.0,0.0,0.0,0.0,1.0,0.0,
1654,R,229.3,0.09999999999999432,phoneme,0.0,0.0,0.0,0.0,0.0,0.0,0.0,0.0,0.0,0.0,0.0,1.0,0.0,0.0,
1655,j,229.4,0.12999999999999545,phoneme,0.0,0.0,0.0,0.0,0.0,0.0,0.0,0.0,0.0,0.0,1.0,0.0,0.0,0.0,
1656,e~,229.53,0.06999999999999318,phoneme,0.0,0.0,1.0,0.0,0.0,0.0,1.0,0.0,0.0,1.0,0.0,0.0,0.0,1.0,
1657,n,229.6,0.0800000000000125,phoneme,0.0,0.0,0.0,0.0,0.0,0.0,0.0,0.0,0.0,1.0,0.0,0.0,0.0,0.0,
1658,E,229.68,0.060000000000002274,phoneme,0.0,0.0,1.0,0.0,0.0,0.0,1.0,0.0,0.0,0.0,0.0,0.0,0.0,1.0,
1659,s,229.74,0.030000000000001137,phoneme,0.0,0.0,0.0,0.0,0.0,0.0,0.0,0.0,1.0,0.0,0.0,0.0,1.0,0.0,
1660,t,229.77,0.03999999999999204,phoneme,0.0,0.0,0.0,0.0,0.0,0.0,0.0,1.0,0.0,0.0,0.0,0.0,1.0,0.0,
1661,p,229.81,0.030000000000001137,phoneme,0.0,0.0,0.0,1.0,0.0,0.0,0.0,1.0,0.0,0.0,0.0,0.0,1.0,0.0,
1662,a,229.84,0.030000000000001137,phoneme,1.0,0.0,0.0,0.0,0.0,0.0,1.0,0.0,0.0,0.0,0.0,0.0,0.0,1.0,
1663,R,229.87,0.07999999999998408,phoneme,0.0,0.0,0.0,0.0,0.0,0.0,0.0,0.0,0.0,0.0,0.0,1.0,0.0,0.0,
1664,f,229.95,0.14000000000001478,phoneme,0.0,0.0,0.0,0.0,0.0,0.0,0.0,0.0,1.0,0.0,0.0,0.0,1.0,0.0,
1665,E,230.09,0.15000000000000568,phoneme,0.0,0.0,1.0,0.0,0.0,0.0,1.0,0.0,0.0,0.0,0.0,0.0,0.0,1.0,
1666,s,230.63,0.09999999999999432,phoneme,0.0,0.0,0.0,0.0,0.0,0.0,0.0,0.0,1.0,0.0,0.0,0.0,1.0,0.0,
1667,u,230.73,0.10000000000002274,phoneme,0.0,1.0,0.0,0.0,0.0,0.0,1.0,0.0,0.0,0.0,0.0,0.0,0.0,1.0,
1668,p,230.83,0.03999999999999204,phoneme,0.0,0.0,0.0,1.0,0.0,0.0,0.0,1.0,0.0,0.0,0.0,0.0,1.0,0.0,
1669,i,230.87,0.12000000000000455,phoneme,0.0,1.0,0.0,0.0,0.0,0.0,1.0,0.0,0.0,0.0,0.0,0.0,0.0,1.0,
1670,R,230.99,0.10999999999998522,phoneme,0.0,0.0,0.0,0.0,0.0,0.0,0.0,0.0,0.0,0.0,0.0,1.0,0.0,0.0,
1671,a,231.1,0.030000000000001137,phoneme,1.0,0.0,0.0,0.0,0.0,0.0,1.0,0.0,0.0,0.0,0.0,0.0,0.0,1.0,
1672,l,231.13,0.060000000000002274,phoneme,0.0,0.0,0.0,0.0,0.0,0.0,0.0,0.0,0.0,0.0,1.0,0.0,0.0,0.0,
1673,@,231.19,0.05000000000001137,phoneme,0.0,0.0,1.0,0.0,0.0,0.0,1.0,0.0,0.0,0.0,0.0,0.0,0.0,1.0,
1674,R,231.24,0.07999999999998408,phoneme,0.0,0.0,0.0,0.0,0.0,0.0,0.0,0.0,0.0,0.0,0.0,1.0,0.0,0.0,
1675,@,231.32,0.040000000000020464,phoneme,0.0,0.0,1.0,0.0,0.0,0.0,1.0,0.0,0.0,0.0,0.0,0.0,0.0,1.0,
1676,n,231.36,0.08999999999997499,phoneme,0.0,0.0,0.0,0.0,0.0,0.0,0.0,0.0,0.0,1.0,0.0,0.0,0.0,0.0,
1677,a,231.45,0.21000000000000796,phoneme,1.0,0.0,0.0,0.0,0.0,0.0,1.0,0.0,0.0,0.0,0.0,0.0,0.0,1.0,
1678,R,231.66,0.18999999999999773,phoneme,0.0,0.0,0.0,0.0,0.0,0.0,0.0,0.0,0.0,0.0,0.0,1.0,0.0,0.0,
1679,m,232.56,0.09000000000000341,phoneme,0.0,0.0,0.0,1.0,0.0,0.0,0.0,0.0,0.0,1.0,0.0,0.0,0.0,0.0,
1680,E,232.65,0.08498900000000731,phoneme,0.0,0.0,1.0,0.0,0.0,0.0,1.0,0.0,0.0,0.0,0.0,0.0,0.0,1.0,
1681,l,232.734989,0.054987999999980275,phoneme,0.0,0.0,0.0,0.0,0.0,0.0,0.0,0.0,0.0,0.0,1.0,0.0,0.0,0.0,
1682,R,232.789977,0.12002300000000332,phoneme,0.0,0.0,0.0,0.0,0.0,0.0,0.0,0.0,0.0,0.0,0.0,1.0,0.0,0.0,
1683,@,232.91,0.030000000000001137,phoneme,0.0,0.0,1.0,0.0,0.0,0.0,1.0,0.0,0.0,0.0,0.0,0.0,0.0,1.0,
1684,n,232.94,0.06999999999999318,phoneme,0.0,0.0,0.0,0.0,0.0,0.0,0.0,0.0,0.0,1.0,0.0,0.0,0.0,0.0,
1685,a,233.01,0.15000000000000568,phoneme,1.0,0.0,0.0,0.0,0.0,0.0,1.0,0.0,0.0,0.0,0.0,0.0,0.0,1.0,
1686,R,233.16,0.18999999999999773,phoneme,0.0,0.0,0.0,0.0,0.0,0.0,0.0,0.0,0.0,0.0,0.0,1.0,0.0,0.0,
1687,R,233.35,0.03999999999999204,phoneme,0.0,0.0,0.0,0.0,0.0,0.0,0.0,0.0,0.0,0.0,0.0,1.0,0.0,0.0,
1688,@,233.39,0.040000000000020464,phoneme,0.0,0.0,1.0,0.0,0.0,0.0,1.0,0.0,0.0,0.0,0.0,0.0,0.0,1.0,
1689,v,233.43,0.03999999999999204,phoneme,0.0,0.0,0.0,0.0,0.0,0.0,0.0,0.0,1.0,0.0,0.0,0.0,1.0,1.0,
1690,e~,233.47,0.1599999999999966,phoneme,0.0,0.0,1.0,0.0,0.0,0.0,1.0,0.0,0.0,1.0,0.0,0.0,0.0,1.0,
1691,a,233.68,0.07999999999998408,phoneme,1.0,0.0,0.0,0.0,0.0,0.0,1.0,0.0,0.0,0.0,0.0,0.0,0.0,1.0,
1692,s,233.76,0.09000000000000341,phoneme,0.0,0.0,0.0,0.0,0.0,0.0,0.0,0.0,1.0,0.0,0.0,0.0,1.0,0.0,
1693,o~,233.85,0.06999999999999318,phoneme,0.0,0.0,1.0,0.0,0.0,0.0,1.0,0.0,0.0,1.0,0.0,0.0,0.0,1.0,
1694,n,233.92,0.060000000000002274,phoneme,0.0,0.0,0.0,0.0,0.0,0.0,0.0,0.0,0.0,1.0,0.0,0.0,0.0,0.0,
1695,i,233.98,0.11000000000001364,phoneme,0.0,1.0,0.0,0.0,0.0,0.0,1.0,0.0,0.0,0.0,0.0,0.0,0.0,1.0,
1696,d,234.09,0.07999999999998408,phoneme,0.0,0.0,0.0,0.0,0.0,0.0,0.0,1.0,0.0,0.0,0.0,0.0,1.0,1.0,
1697,e,234.17,0.21000000000000796,phoneme,0.0,0.0,1.0,0.0,0.0,0.0,1.0,0.0,0.0,0.0,0.0,0.0,0.0,1.0,
1698,m,235.14,0.05000000000001137,phoneme,0.0,0.0,0.0,1.0,0.0,0.0,0.0,0.0,0.0,1.0,0.0,0.0,0.0,0.0,
1699,a,235.19,0.12000000000000455,phoneme,1.0,0.0,0.0,0.0,0.0,0.0,1.0,0.0,0.0,0.0,0.0,0.0,0.0,1.0,
1700,v,235.31,0.06999999999999318,phoneme,0.0,0.0,0.0,0.0,0.0,0.0,0.0,0.0,1.0,0.0,0.0,0.0,1.0,1.0,
1701,i,235.38,0.03999999999999204,phoneme,0.0,1.0,0.0,0.0,0.0,0.0,1.0,0.0,0.0,0.0,0.0,0.0,0.0,1.0,
1702,e,235.42,0.17000000000001592,phoneme,0.0,0.0,1.0,0.0,0.0,0.0,1.0,0.0,0.0,0.0,0.0,0.0,0.0,1.0,
1703,m,235.59,0.03999999999999204,phoneme,0.0,0.0,0.0,1.0,0.0,0.0,0.0,0.0,0.0,1.0,0.0,0.0,0.0,0.0,
1704,o,235.63,0.09000000000000341,phoneme,0.0,0.0,1.0,0.0,0.0,0.0,1.0,0.0,0.0,0.0,0.0,0.0,0.0,1.0,
1705,n,235.72,0.09000000000000341,phoneme,0.0,0.0,0.0,0.0,0.0,0.0,0.0,0.0,0.0,1.0,0.0,0.0,0.0,0.0,
1706,o,235.81,0.06999999999999318,phoneme,0.0,0.0,1.0,0.0,0.0,0.0,1.0,0.0,0.0,0.0,0.0,0.0,0.0,1.0,
1707,t,235.88,0.06999999999999318,phoneme,0.0,0.0,0.0,0.0,0.0,0.0,0.0,1.0,0.0,0.0,0.0,0.0,1.0,0.0,
1708,O,235.95,0.160000000000025,phoneme,0.0,0.0,1.0,0.0,0.0,0.0,1.0,0.0,0.0,0.0,0.0,0.0,0.0,1.0,
1709,n,236.11,0.14999999999997726,phoneme,0.0,0.0,0.0,0.0,0.0,0.0,0.0,0.0,0.0,1.0,0.0,0.0,0.0,0.0,
1710,@,236.26,0.09000000000000341,phoneme,0.0,0.0,1.0,0.0,0.0,0.0,1.0,0.0,0.0,0.0,0.0,0.0,0.0,1.0,
1711,Z,236.73,0.0800000000000125,phoneme,0.0,0.0,0.0,0.0,0.0,0.0,0.0,0.0,1.0,0.0,0.0,0.0,1.0,1.0,
1712,@,236.81,0.03999999999999204,phoneme,0.0,0.0,1.0,0.0,0.0,0.0,1.0,0.0,0.0,0.0,0.0,0.0,0.0,1.0,
1713,S,236.85,0.1599999999999966,phoneme,0.0,0.0,0.0,0.0,0.0,0.0,0.0,0.0,1.0,0.0,0.0,0.0,1.0,0.0,
1714,a,237.01,0.060000000000002274,phoneme,1.0,0.0,0.0,0.0,0.0,0.0,1.0,0.0,0.0,0.0,0.0,0.0,0.0,1.0,
1715,s,237.07,0.11000000000001364,phoneme,0.0,0.0,0.0,0.0,0.0,0.0,0.0,0.0,1.0,0.0,0.0,0.0,1.0,0.0,
1716,l,237.18,0.06999999999999318,phoneme,0.0,0.0,0.0,0.0,0.0,0.0,0.0,0.0,0.0,0.0,1.0,0.0,0.0,0.0,
1717,e,237.25,0.0800000000000125,phoneme,0.0,0.0,1.0,0.0,0.0,0.0,1.0,0.0,0.0,0.0,0.0,0.0,0.0,1.0,
1718,p,237.33,0.08999999999997499,phoneme,0.0,0.0,0.0,1.0,0.0,0.0,0.0,1.0,0.0,0.0,0.0,0.0,1.0,0.0,
1719,u,237.42,0.13000000000002387,phoneme,0.0,1.0,0.0,0.0,0.0,0.0,1.0,0.0,0.0,0.0,0.0,0.0,0.0,1.0,
1720,l,237.55,0.10999999999998522,phoneme,0.0,0.0,0.0,0.0,0.0,0.0,0.0,0.0,0.0,0.0,1.0,0.0,0.0,0.0,
1721,@,237.66,0.0800000000000125,phoneme,0.0,0.0,1.0,0.0,0.0,0.0,1.0,0.0,0.0,0.0,0.0,0.0,0.0,1.0,
1722,l,237.95,0.05000000000001137,phoneme,0.0,0.0,0.0,0.0,0.0,0.0,0.0,0.0,0.0,0.0,1.0,0.0,0.0,0.0,
1723,e,238.0,0.09000000000000341,phoneme,0.0,0.0,1.0,0.0,0.0,0.0,1.0,0.0,0.0,0.0,0.0,0.0,0.0,1.0,
1724,z,238.09,0.1599999999999966,phoneme,0.0,0.0,0.0,0.0,0.0,0.0,0.0,0.0,1.0,0.0,0.0,0.0,1.0,1.0,
1725,O,238.25,0.06999999999999318,phoneme,0.0,0.0,1.0,0.0,0.0,0.0,1.0,0.0,0.0,0.0,0.0,0.0,0.0,1.0,
1726,m,238.32,0.030000000000001137,phoneme,0.0,0.0,0.0,1.0,0.0,0.0,0.0,0.0,0.0,1.0,0.0,0.0,0.0,0.0,
1727,@,238.35,0.0800000000000125,phoneme,0.0,0.0,1.0,0.0,0.0,0.0,1.0,0.0,0.0,0.0,0.0,0.0,0.0,1.0,
1728,m,238.43,0.030000000000001137,phoneme,0.0,0.0,0.0,1.0,0.0,0.0,0.0,0.0,0.0,1.0,0.0,0.0,0.0,0.0,
1729,@,238.46,0.09999999999999432,phoneme,0.0,0.0,1.0,0.0,0.0,0.0,1.0,0.0,0.0,0.0,0.0,0.0,0.0,1.0,
1730,S,238.56,0.1699999999999875,phoneme,0.0,0.0,0.0,0.0,0.0,0.0,0.0,0.0,1.0,0.0,0.0,0.0,1.0,0.0,
1731,a,238.73,0.15000000000000568,phoneme,1.0,0.0,0.0,0.0,0.0,0.0,1.0,0.0,0.0,0.0,0.0,0.0,0.0,1.0,
1732,s,238.88,0.2599999999999909,phoneme,0.0,0.0,0.0,0.0,0.0,0.0,0.0,0.0,1.0,0.0,0.0,0.0,1.0,0.0,
1733,t,239.7,0.05000000000001137,phoneme,0.0,0.0,0.0,0.0,0.0,0.0,0.0,1.0,0.0,0.0,0.0,0.0,1.0,0.0,
1734,u,239.75,0.0800000000000125,phoneme,0.0,1.0,0.0,0.0,0.0,0.0,1.0,0.0,0.0,0.0,0.0,0.0,0.0,1.0,
1735,t,239.83,0.06999999999999318,phoneme,0.0,0.0,0.0,0.0,0.0,0.0,0.0,1.0,0.0,0.0,0.0,0.0,1.0,0.0,
1736,l,239.9,0.030000000000001137,phoneme,0.0,0.0,0.0,0.0,0.0,0.0,0.0,0.0,0.0,0.0,1.0,0.0,0.0,0.0,
1737,e,239.93,0.09999999999999432,phoneme,0.0,0.0,1.0,0.0,0.0,0.0,1.0,0.0,0.0,0.0,0.0,0.0,0.0,1.0,
1738,p,240.03,0.060000000000002274,phoneme,0.0,0.0,0.0,1.0,0.0,0.0,0.0,1.0,0.0,0.0,0.0,0.0,1.0,0.0,
1739,u,240.09,0.07999999999998408,phoneme,0.0,1.0,0.0,0.0,0.0,0.0,1.0,0.0,0.0,0.0,0.0,0.0,0.0,1.0,
1740,l,240.17,0.030000000000001137,phoneme,0.0,0.0,0.0,0.0,0.0,0.0,0.0,0.0,0.0,0.0,1.0,0.0,0.0,0.0,
1741,s,240.25,0.09000000000000341,phoneme,0.0,0.0,0.0,0.0,0.0,0.0,0.0,0.0,1.0,0.0,0.0,0.0,1.0,0.0,
1742,@,240.34,0.03999999999999204,phoneme,0.0,0.0,1.0,0.0,0.0,0.0,1.0,0.0,0.0,0.0,0.0,0.0,0.0,1.0,
1743,R,240.38,0.05000000000001137,phoneme,0.0,0.0,0.0,0.0,0.0,0.0,0.0,0.0,0.0,0.0,0.0,1.0,0.0,0.0,
1744,@,240.43,0.09000000000000341,phoneme,0.0,0.0,1.0,0.0,0.0,0.0,1.0,0.0,0.0,0.0,0.0,0.0,0.0,1.0,
1745,s,240.52,0.11999999999997613,phoneme,0.0,0.0,0.0,0.0,0.0,0.0,0.0,0.0,1.0,0.0,0.0,0.0,1.0,0.0,
1746,a~,240.64,0.20000000000001705,phoneme,1.0,0.0,0.0,0.0,0.0,0.0,1.0,0.0,0.0,1.0,0.0,0.0,0.0,1.0,
1747,b,240.84,0.030000000000001137,phoneme,0.0,0.0,0.0,1.0,0.0,0.0,0.0,1.0,0.0,0.0,0.0,0.0,1.0,1.0,
1748,l,240.87,0.060000000000002274,phoneme,0.0,0.0,0.0,0.0,0.0,0.0,0.0,0.0,0.0,0.0,1.0,0.0,0.0,0.0,
1749,@,240.93,0.06999999999999318,phoneme,0.0,0.0,1.0,0.0,0.0,0.0,1.0,0.0,0.0,0.0,0.0,0.0,0.0,1.0,
1750,e,241.14,0.0700000000000216,phoneme,0.0,0.0,1.0,0.0,0.0,0.0,1.0,0.0,0.0,0.0,0.0,0.0,0.0,1.0,
1751,t,241.21,0.09000000000000341,phoneme,0.0,0.0,0.0,0.0,0.0,0.0,0.0,1.0,0.0,0.0,0.0,0.0,1.0,0.0,
1752,u,241.3,0.07999999999998408,phoneme,0.0,1.0,0.0,0.0,0.0,0.0,1.0,0.0,0.0,0.0,0.0,0.0,0.0,1.0,
1753,l,241.38,0.05000000000001137,phoneme,0.0,0.0,0.0,0.0,0.0,0.0,0.0,0.0,0.0,0.0,1.0,0.0,0.0,0.0,
1754,e,241.43,0.06999999999999318,phoneme,0.0,0.0,1.0,0.0,0.0,0.0,1.0,0.0,0.0,0.0,0.0,0.0,0.0,1.0,
1755,z,241.5,0.12000000000000455,phoneme,0.0,0.0,0.0,0.0,0.0,0.0,0.0,0.0,1.0,0.0,0.0,0.0,1.0,1.0,
1756,O,241.62,0.09000000000000341,phoneme,0.0,0.0,1.0,0.0,0.0,0.0,1.0,0.0,0.0,0.0,0.0,0.0,0.0,1.0,
1757,m,241.71,0.10999999999998522,phoneme,0.0,0.0,0.0,1.0,0.0,0.0,0.0,0.0,0.0,1.0,0.0,0.0,0.0,0.0,
1758,s,241.82,0.13498900000001868,phoneme,0.0,0.0,0.0,0.0,0.0,0.0,0.0,0.0,1.0,0.0,0.0,0.0,1.0,0.0,
1759,R,241.954989,0.13498799999999278,phoneme,0.0,0.0,0.0,0.0,0.0,0.0,0.0,0.0,0.0,0.0,0.0,1.0,0.0,0.0,
1760,@,242.089977,0.03002299999999991,phoneme,0.0,0.0,1.0,0.0,0.0,0.0,1.0,0.0,0.0,0.0,0.0,0.0,0.0,1.0,
1761,s,242.12,0.10999999999998522,phoneme,0.0,0.0,0.0,0.0,0.0,0.0,0.0,0.0,1.0,0.0,0.0,0.0,1.0,0.0,
1762,a~,242.23,0.17000000000001592,phoneme,1.0,0.0,0.0,0.0,0.0,0.0,1.0,0.0,0.0,1.0,0.0,0.0,0.0,1.0,
1763,b,242.4,0.09000000000000341,phoneme,0.0,0.0,0.0,1.0,0.0,0.0,0.0,1.0,0.0,0.0,0.0,0.0,1.0,1.0,
1764,l,242.49,0.14999999999997726,phoneme,0.0,0.0,0.0,0.0,0.0,0.0,0.0,0.0,0.0,0.0,1.0,0.0,0.0,0.0,
1765,Z,243.06,0.15000000000000568,phoneme,0.0,0.0,0.0,0.0,0.0,0.0,0.0,0.0,1.0,0.0,0.0,0.0,1.0,1.0,
1766,@,243.21,0.04999999999998295,phoneme,0.0,0.0,1.0,0.0,0.0,0.0,1.0,0.0,0.0,0.0,0.0,0.0,0.0,1.0,
1767,m,243.26,0.05000000000001137,phoneme,0.0,0.0,0.0,1.0,0.0,0.0,0.0,0.0,0.0,1.0,0.0,0.0,0.0,0.0,
1768,a~,243.31,0.12999999999999545,phoneme,1.0,0.0,0.0,0.0,0.0,0.0,1.0,0.0,0.0,1.0,0.0,0.0,0.0,1.0,
1769,n,243.44,0.0800000000000125,phoneme,0.0,0.0,0.0,0.0,0.0,0.0,0.0,0.0,0.0,1.0,0.0,0.0,0.0,0.0,
1770,H,243.52,0.06999999999999318,phoneme,0.0,0.0,0.0,1.0,0.0,0.0,0.0,0.0,0.0,0.0,1.0,0.0,0.0,0.0,
1771,i,243.59,0.09000000000000341,phoneme,0.0,1.0,0.0,0.0,0.0,0.0,1.0,0.0,0.0,0.0,0.0,0.0,0.0,1.0,
1772,d,243.68,0.060000000000002274,phoneme,0.0,0.0,0.0,0.0,0.0,0.0,0.0,1.0,0.0,0.0,0.0,0.0,1.0,1.0,
1773,o~,243.74,0.14999999999997726,phoneme,0.0,0.0,1.0,0.0,0.0,0.0,1.0,0.0,0.0,1.0,0.0,0.0,0.0,1.0,
1774,k,243.89,0.10000000000002274,phoneme,0.0,0.0,0.0,0.0,0.0,1.0,0.0,1.0,0.0,0.0,0.0,0.0,1.0,0.0,
1775,9~,243.99,0.12000000000000455,phoneme,0.0,0.0,1.0,0.0,0.0,0.0,1.0,0.0,0.0,1.0,0.0,0.0,0.0,1.0,
1776,p,244.11,0.09999999999999432,phoneme,0.0,0.0,0.0,1.0,0.0,0.0,0.0,1.0,0.0,0.0,0.0,0.0,1.0,0.0,
1777,2,244.21,0.19999999999998863,phoneme,0.0,0.0,1.0,0.0,0.0,0.0,1.0,0.0,0.0,0.0,0.0,0.0,0.0,1.0,
1778,m,245.28,0.09000000000000341,phoneme,0.0,0.0,0.0,1.0,0.0,0.0,0.0,0.0,0.0,1.0,0.0,0.0,0.0,0.0,
1779,E,245.37,0.25,phoneme,0.0,0.0,1.0,0.0,0.0,0.0,1.0,0.0,0.0,0.0,0.0,0.0,0.0,1.0,
1780,s,245.62,0.12000000000000455,phoneme,0.0,0.0,0.0,0.0,0.0,0.0,0.0,0.0,1.0,0.0,0.0,0.0,1.0,0.0,
1781,i,245.74,0.060000000000002274,phoneme,0.0,1.0,0.0,0.0,0.0,0.0,1.0,0.0,0.0,0.0,0.0,0.0,0.0,1.0,
1782,t,245.8,0.06999999999999318,phoneme,0.0,0.0,0.0,0.0,0.0,0.0,0.0,1.0,0.0,0.0,0.0,0.0,1.0,0.0,
1783,y,245.87,0.09000000000000341,phoneme,0.0,1.0,0.0,0.0,0.0,0.0,1.0,0.0,0.0,0.0,0.0,0.0,0.0,1.0,
1784,m,245.96,0.060000000000002274,phoneme,0.0,0.0,0.0,1.0,0.0,0.0,0.0,0.0,0.0,1.0,0.0,0.0,0.0,0.0,
1785,a,246.02,0.060000000000002274,phoneme,1.0,0.0,0.0,0.0,0.0,0.0,1.0,0.0,0.0,0.0,0.0,0.0,0.0,1.0,
1786,p,246.08,0.04999999999998295,phoneme,0.0,0.0,0.0,1.0,0.0,0.0,0.0,1.0,0.0,0.0,0.0,0.0,1.0,0.0,
1787,R,246.13,0.06999999999999318,phoneme,0.0,0.0,0.0,0.0,0.0,0.0,0.0,0.0,0.0,0.0,0.0,1.0,0.0,0.0,
1788,i,246.2,0.060000000000002274,phoneme,0.0,1.0,0.0,0.0,0.0,0.0,1.0,0.0,0.0,0.0,0.0,0.0,0.0,1.0,
1789,v,246.26,0.060000000000002274,phoneme,0.0,0.0,0.0,0.0,0.0,0.0,0.0,0.0,1.0,0.0,0.0,0.0,1.0,1.0,
1790,w,246.32,0.0800000000000125,phoneme,0.0,0.0,0.0,1.0,0.0,1.0,0.0,0.0,0.0,0.0,1.0,0.0,0.0,0.0,
1791,a,246.4,0.13999999999998636,phoneme,1.0,0.0,0.0,0.0,0.0,0.0,1.0,0.0,0.0,0.0,0.0,0.0,0.0,1.0,
1792,z,246.54,0.17000000000001592,phoneme,0.0,0.0,0.0,0.0,0.0,0.0,0.0,0.0,1.0,0.0,0.0,0.0,1.0,1.0,
1793,m,247.15,0.04999999999998295,phoneme,0.0,0.0,0.0,1.0,0.0,0.0,0.0,0.0,0.0,1.0,0.0,0.0,0.0,0.0,
1794,a,247.2,0.11000000000001364,phoneme,1.0,0.0,0.0,0.0,0.0,0.0,1.0,0.0,0.0,0.0,0.0,0.0,0.0,1.0,
1795,v,247.31,0.060000000000002274,phoneme,0.0,0.0,0.0,0.0,0.0,0.0,0.0,0.0,1.0,0.0,0.0,0.0,1.0,1.0,
1796,i,247.37,0.19999999999998863,phoneme,0.0,1.0,0.0,0.0,0.0,0.0,1.0,0.0,0.0,0.0,0.0,0.0,0.0,1.0,
1797,s,247.57,0.12000000000000455,phoneme,0.0,0.0,0.0,0.0,0.0,0.0,0.0,0.0,1.0,0.0,0.0,0.0,1.0,0.0,
1798,@,247.69,0.03999999999999204,phoneme,0.0,0.0,1.0,0.0,0.0,0.0,1.0,0.0,0.0,0.0,0.0,0.0,0.0,1.0,
1799,R,247.73,0.0700000000000216,phoneme,0.0,0.0,0.0,0.0,0.0,0.0,0.0,0.0,0.0,0.0,0.0,1.0,0.0,0.0,
1800,a,247.8,0.11999999999997613,phoneme,1.0,0.0,0.0,0.0,0.0,0.0,1.0,0.0,0.0,0.0,0.0,0.0,0.0,1.0,
1801,k,247.92,0.060000000000002274,phoneme,0.0,0.0,0.0,0.0,0.0,1.0,0.0,1.0,0.0,0.0,0.0,0.0,1.0,0.0,
1802,O,247.98,0.0800000000000125,phoneme,0.0,0.0,1.0,0.0,0.0,0.0,1.0,0.0,0.0,0.0,0.0,0.0,0.0,1.0,
1803,m,248.06,0.06999999999999318,phoneme,0.0,0.0,0.0,1.0,0.0,0.0,0.0,0.0,0.0,1.0,0.0,0.0,0.0,0.0,
1804,a~,248.13,0.09000000000000341,phoneme,1.0,0.0,0.0,0.0,0.0,0.0,1.0,0.0,0.0,1.0,0.0,0.0,0.0,1.0,
1805,s,248.22,0.12000000000000455,phoneme,0.0,0.0,0.0,0.0,0.0,0.0,0.0,0.0,1.0,0.0,0.0,0.0,1.0,0.0,
1806,o,248.34,0.060000000000002274,phoneme,0.0,0.0,1.0,0.0,0.0,0.0,1.0,0.0,0.0,0.0,0.0,0.0,0.0,1.0,
1807,l,248.4,0.030000000000001137,phoneme,0.0,0.0,0.0,0.0,0.0,0.0,0.0,0.0,0.0,0.0,1.0,0.0,0.0,0.0,
1808,E,248.43,0.10999999999998522,phoneme,0.0,0.0,1.0,0.0,0.0,0.0,1.0,0.0,0.0,0.0,0.0,0.0,0.0,1.0,
1809,j,248.54,0.09000000000000341,phoneme,0.0,0.0,0.0,0.0,0.0,0.0,0.0,0.0,0.0,0.0,1.0,0.0,0.0,0.0,
1810,e,248.63,0.1599999999999966,phoneme,0.0,0.0,1.0,0.0,0.0,0.0,1.0,0.0,0.0,0.0,0.0,0.0,0.0,1.0,
1811,Z,249.37,0.10999999999998522,phoneme,0.0,0.0,0.0,0.0,0.0,0.0,0.0,0.0,1.0,0.0,0.0,0.0,1.0,1.0,
1812,@,249.48,0.0800000000000125,phoneme,0.0,0.0,1.0,0.0,0.0,0.0,1.0,0.0,0.0,0.0,0.0,0.0,0.0,1.0,
1813,k,249.56,0.09999999999999432,phoneme,0.0,0.0,0.0,0.0,0.0,1.0,0.0,1.0,0.0,0.0,0.0,0.0,1.0,0.0,
1814,o,249.66,0.05000000000001137,phoneme,0.0,0.0,1.0,0.0,0.0,0.0,1.0,0.0,0.0,0.0,0.0,0.0,0.0,1.0,
1815,n,249.71,0.04999999999998295,phoneme,0.0,0.0,0.0,0.0,0.0,0.0,0.0,0.0,0.0,1.0,0.0,0.0,0.0,0.0,
1816,a,249.76,0.040000000000020464,phoneme,1.0,0.0,0.0,0.0,0.0,0.0,1.0,0.0,0.0,0.0,0.0,0.0,0.0,1.0,
1817,i,249.8,0.030000000000001137,phoneme,0.0,1.0,0.0,0.0,0.0,0.0,1.0,0.0,0.0,0.0,0.0,0.0,0.0,1.0,
1818,t,249.83,0.08999999999997499,phoneme,0.0,0.0,0.0,0.0,0.0,0.0,0.0,1.0,0.0,0.0,0.0,0.0,1.0,0.0,
1819,R,249.92,0.060000000000002274,phoneme,0.0,0.0,0.0,0.0,0.0,0.0,0.0,0.0,0.0,0.0,0.0,1.0,0.0,0.0,
1820,e,249.98,0.15000000000000568,phoneme,0.0,0.0,1.0,0.0,0.0,0.0,1.0,0.0,0.0,0.0,0.0,0.0,0.0,1.0,
1821,9~,250.21,0.23999999999998067,phoneme,0.0,0.0,1.0,0.0,0.0,0.0,1.0,0.0,0.0,1.0,0.0,0.0,0.0,1.0,
1822,b,250.45,0.030000000000001137,phoneme,0.0,0.0,0.0,1.0,0.0,0.0,0.0,1.0,0.0,0.0,0.0,0.0,1.0,1.0,
1823,R,250.48,0.12000000000000455,phoneme,0.0,0.0,0.0,0.0,0.0,0.0,0.0,0.0,0.0,0.0,0.0,1.0,0.0,0.0,
1824,H,250.6,0.030000000000001137,phoneme,0.0,0.0,0.0,1.0,0.0,0.0,0.0,0.0,0.0,0.0,1.0,0.0,0.0,0.0,
1825,i,250.63,0.03999999999999204,phoneme,0.0,1.0,0.0,0.0,0.0,0.0,1.0,0.0,0.0,0.0,0.0,0.0,0.0,1.0,
1826,d,250.67,0.060000000000002274,phoneme,0.0,0.0,0.0,0.0,0.0,0.0,0.0,1.0,0.0,0.0,0.0,0.0,1.0,1.0,
1827,@,250.73,0.12000000000000455,phoneme,0.0,0.0,1.0,0.0,0.0,0.0,1.0,0.0,0.0,0.0,0.0,0.0,0.0,1.0,
1828,p,250.85,0.09000000000000341,phoneme,0.0,0.0,0.0,1.0,0.0,0.0,0.0,1.0,0.0,0.0,0.0,0.0,1.0,0.0,
1829,a,250.94,0.09999999999999432,phoneme,1.0,0.0,0.0,0.0,0.0,0.0,1.0,0.0,0.0,0.0,0.0,0.0,0.0,1.0,
1830,k,251.04,0.17000000000001592,phoneme,0.0,0.0,0.0,0.0,0.0,1.0,0.0,1.0,0.0,0.0,0.0,0.0,1.0,0.0,
1831,i,251.21,0.06999999999999318,phoneme,0.0,1.0,0.0,0.0,0.0,0.0,1.0,0.0,0.0,0.0,0.0,0.0,0.0,1.0,
1832,s,251.28,0.10999999999998522,phoneme,0.0,0.0,0.0,0.0,0.0,0.0,0.0,0.0,1.0,0.0,0.0,0.0,1.0,0.0,
1833,R,251.39,0.060000000000002274,phoneme,0.0,0.0,0.0,0.0,0.0,0.0,0.0,0.0,0.0,0.0,0.0,1.0,0.0,0.0,
1834,a,251.45,0.09000000000000341,phoneme,1.0,0.0,0.0,0.0,0.0,0.0,1.0,0.0,0.0,0.0,0.0,0.0,0.0,1.0,
1835,d,251.54,0.11000000000001364,phoneme,0.0,0.0,0.0,0.0,0.0,0.0,0.0,1.0,0.0,0.0,0.0,0.0,1.0,1.0,
1836,i,251.65,0.07999999999998408,phoneme,0.0,1.0,0.0,0.0,0.0,0.0,1.0,0.0,0.0,0.0,0.0,0.0,0.0,1.0,
1837,f,251.73,0.09000000000000341,phoneme,0.0,0.0,0.0,0.0,0.0,0.0,0.0,0.0,1.0,0.0,0.0,0.0,1.0,0.0,
1838,e,251.82,0.05000000000001137,phoneme,0.0,0.0,1.0,0.0,0.0,0.0,1.0,0.0,0.0,0.0,0.0,0.0,0.0,1.0,
1839,R,251.87,0.060000000000002274,phoneme,0.0,0.0,0.0,0.0,0.0,0.0,0.0,0.0,0.0,0.0,0.0,1.0,0.0,0.0,
1840,a~,251.93,0.12999999999999545,phoneme,1.0,0.0,0.0,0.0,0.0,0.0,1.0,0.0,0.0,1.0,0.0,0.0,0.0,1.0,
1841,d,252.06,0.060000000000002274,phoneme,0.0,0.0,0.0,0.0,0.0,0.0,0.0,1.0,0.0,0.0,0.0,0.0,1.0,1.0,
1842,@,252.12,0.06999999999999318,phoneme,0.0,0.0,1.0,0.0,0.0,0.0,1.0,0.0,0.0,0.0,0.0,0.0,0.0,1.0,
1843,t,252.19,0.18999999999999773,phoneme,0.0,0.0,0.0,0.0,0.0,0.0,0.0,1.0,0.0,0.0,0.0,0.0,1.0,0.0,
1844,u,252.38,0.12000000000000455,phoneme,0.0,1.0,0.0,0.0,0.0,0.0,1.0,0.0,0.0,0.0,0.0,0.0,0.0,1.0,
1845,l,252.5,0.060000000000002274,phoneme,0.0,0.0,0.0,0.0,0.0,0.0,0.0,0.0,0.0,0.0,1.0,0.0,0.0,0.0,
1846,e,252.56,0.09999999999999432,phoneme,0.0,0.0,1.0,0.0,0.0,0.0,1.0,0.0,0.0,0.0,0.0,0.0,0.0,1.0,
1847,z,252.66,0.09000000000000341,phoneme,0.0,0.0,0.0,0.0,0.0,0.0,0.0,0.0,1.0,0.0,0.0,0.0,1.0,1.0,
1848,o,252.75,0.1599999999999966,phoneme,0.0,0.0,1.0,0.0,0.0,0.0,1.0,0.0,0.0,0.0,0.0,0.0,0.0,1.0,
1849,t,252.91,0.18999999999999773,phoneme,0.0,0.0,0.0,0.0,0.0,0.0,0.0,1.0,0.0,0.0,0.0,0.0,1.0,0.0,
1850,R,253.1,0.09999999999999432,phoneme,0.0,0.0,0.0,0.0,0.0,0.0,0.0,0.0,0.0,0.0,0.0,1.0,0.0,0.0,
1851,l,253.78,0.03999999999999204,phoneme,0.0,0.0,0.0,0.0,0.0,0.0,0.0,0.0,0.0,0.0,1.0,0.0,0.0,0.0,
1852,e,253.82,0.09999999999999432,phoneme,0.0,0.0,1.0,0.0,0.0,0.0,1.0,0.0,0.0,0.0,0.0,0.0,0.0,1.0,
1853,z,253.92,0.12000000000000455,phoneme,0.0,0.0,0.0,0.0,0.0,0.0,0.0,0.0,1.0,0.0,0.0,0.0,1.0,1.0,
1854,o,254.04,0.09999999999999432,phoneme,0.0,0.0,1.0,0.0,0.0,0.0,1.0,0.0,0.0,0.0,0.0,0.0,0.0,1.0,
1855,t,254.14,0.0700000000000216,phoneme,0.0,0.0,0.0,0.0,0.0,0.0,0.0,1.0,0.0,0.0,0.0,0.0,1.0,0.0,
1856,R,254.21,0.06999999999999318,phoneme,0.0,0.0,0.0,0.0,0.0,0.0,0.0,0.0,0.0,0.0,0.0,1.0,0.0,0.0,
1857,@,254.28,0.03999999999999204,phoneme,0.0,0.0,1.0,0.0,0.0,0.0,1.0,0.0,0.0,0.0,0.0,0.0,0.0,1.0,
1858,p,254.37,0.06999999999999318,phoneme,0.0,0.0,0.0,1.0,0.0,0.0,0.0,1.0,0.0,0.0,0.0,0.0,1.0,0.0,
1859,a,254.44,0.11000000000001364,phoneme,1.0,0.0,0.0,0.0,0.0,0.0,1.0,0.0,0.0,0.0,0.0,0.0,0.0,1.0,
1860,m,254.55,0.04999999999998295,phoneme,0.0,0.0,0.0,1.0,0.0,0.0,0.0,0.0,0.0,1.0,0.0,0.0,0.0,0.0,
1861,@,254.6,0.03999999999999204,phoneme,0.0,0.0,1.0,0.0,0.0,0.0,1.0,0.0,0.0,0.0,0.0,0.0,0.0,1.0,
1862,f,254.64,0.14000000000001478,phoneme,0.0,0.0,0.0,0.0,0.0,0.0,0.0,0.0,1.0,0.0,0.0,0.0,1.0,0.0,
1863,o~,254.78,0.10999999999998522,phoneme,0.0,0.0,1.0,0.0,0.0,0.0,1.0,0.0,0.0,1.0,0.0,0.0,0.0,1.0,
1864,R,254.89,0.11000000000001364,phoneme,0.0,0.0,0.0,0.0,0.0,0.0,0.0,0.0,0.0,0.0,0.0,1.0,0.0,0.0,
1865,a~,255.0,0.1599999999999966,phoneme,1.0,0.0,0.0,0.0,0.0,0.0,1.0,0.0,0.0,1.0,0.0,0.0,0.0,1.0,
1866,t,255.16,0.06999999999999318,phoneme,0.0,0.0,0.0,0.0,0.0,0.0,0.0,1.0,0.0,0.0,0.0,0.0,1.0,0.0,
1867,R,255.23,0.09000000000000341,phoneme,0.0,0.0,0.0,0.0,0.0,0.0,0.0,0.0,0.0,0.0,0.0,1.0,0.0,0.0,
1868,e,255.32,0.06999999999999318,phoneme,0.0,0.0,1.0,0.0,0.0,0.0,1.0,0.0,0.0,0.0,0.0,0.0,0.0,1.0,
1869,t,255.39,0.060000000000002274,phoneme,0.0,0.0,0.0,0.0,0.0,0.0,0.0,1.0,0.0,0.0,0.0,0.0,1.0,0.0,
1870,s,255.45,0.060000000000002274,phoneme,0.0,0.0,0.0,0.0,0.0,0.0,0.0,0.0,1.0,0.0,0.0,0.0,1.0,0.0,
1871,u,255.51,0.0700000000000216,phoneme,0.0,1.0,0.0,0.0,0.0,0.0,1.0,0.0,0.0,0.0,0.0,0.0,0.0,1.0,
1872,t,255.58,0.12999999999999545,phoneme,0.0,0.0,0.0,0.0,0.0,0.0,0.0,1.0,0.0,0.0,0.0,0.0,1.0,0.0,
1873,E,255.71,0.28999999999999204,phoneme,0.0,0.0,1.0,0.0,0.0,0.0,1.0,0.0,0.0,0.0,0.0,0.0,0.0,1.0,
1874,R,256.0,0.11000000000001364,phoneme,0.0,0.0,0.0,0.0,0.0,0.0,0.0,0.0,0.0,0.0,0.0,1.0,0.0,0.0,
1875,l,256.66,0.13999999999998636,phoneme,0.0,0.0,0.0,0.0,0.0,0.0,0.0,0.0,0.0,0.0,1.0,0.0,0.0,0.0,
1876,@,256.8,0.06999999999999318,phoneme,0.0,0.0,1.0,0.0,0.0,0.0,1.0,0.0,0.0,0.0,0.0,0.0,0.0,1.0,
1877,t,256.87,0.17000000000001592,phoneme,0.0,0.0,0.0,0.0,0.0,0.0,0.0,1.0,0.0,0.0,0.0,0.0,1.0,0.0,
1878,i,257.04,0.03999999999996362,phoneme,0.0,1.0,0.0,0.0,0.0,0.0,1.0,0.0,0.0,0.0,0.0,0.0,0.0,1.0,
1879,e~,257.08,0.12999999999999545,phoneme,0.0,0.0,1.0,0.0,0.0,0.0,1.0,0.0,0.0,1.0,0.0,0.0,0.0,1.0,
1880,m,257.21,0.060000000000002274,phoneme,0.0,0.0,0.0,1.0,0.0,0.0,0.0,0.0,0.0,1.0,0.0,0.0,0.0,0.0,
1881,a,257.27,0.08000000000004093,phoneme,1.0,0.0,0.0,0.0,0.0,0.0,1.0,0.0,0.0,0.0,0.0,0.0,0.0,1.0,
1882,p,257.35,0.06999999999999318,phoneme,0.0,0.0,0.0,1.0,0.0,0.0,0.0,1.0,0.0,0.0,0.0,0.0,1.0,0.0,
1883,E,257.42,0.060000000000002274,phoneme,0.0,0.0,1.0,0.0,0.0,0.0,1.0,0.0,0.0,0.0,0.0,0.0,0.0,1.0,
1884,l,257.48,0.060000000000002274,phoneme,0.0,0.0,0.0,0.0,0.0,0.0,0.0,0.0,0.0,0.0,1.0,0.0,0.0,0.0,
1885,R,257.54,0.07999999999998408,phoneme,0.0,0.0,0.0,0.0,0.0,0.0,0.0,0.0,0.0,0.0,0.0,1.0,0.0,0.0,
1886,a,257.62,0.12999999999999545,phoneme,1.0,0.0,0.0,0.0,0.0,0.0,1.0,0.0,0.0,0.0,0.0,0.0,0.0,1.0,
1887,?,257.75,0.06999999999999318,phoneme,0.0,0.0,0.0,0.0,1.0,0.0,0.0,1.0,0.0,0.0,0.0,0.0,0.0,0.0,
1888,O,257.82,0.18999999999999773,phoneme,0.0,0.0,1.0,0.0,0.0,0.0,1.0,0.0,0.0,0.0,0.0,0.0,0.0,1.0,
1889,d,258.01,0.05000000000001137,phoneme,0.0,0.0,0.0,0.0,0.0,0.0,0.0,1.0,0.0,0.0,0.0,0.0,1.0,1.0,
1890,y,258.06,0.05000000000001137,phoneme,0.0,1.0,0.0,0.0,0.0,0.0,1.0,0.0,0.0,0.0,0.0,0.0,0.0,1.0,
1891,t,258.11,0.11000000000001364,phoneme,0.0,0.0,0.0,0.0,0.0,0.0,0.0,1.0,0.0,0.0,0.0,0.0,1.0,0.0,
1892,E,258.22,0.06999999999999318,phoneme,0.0,0.0,1.0,0.0,0.0,0.0,1.0,0.0,0.0,0.0,0.0,0.0,0.0,1.0,
1893,R,258.29,0.03999999999996362,phoneme,0.0,0.0,0.0,0.0,0.0,0.0,0.0,0.0,0.0,0.0,0.0,1.0,0.0,0.0,
1894,j,258.33,0.12999999999999545,phoneme,0.0,0.0,0.0,0.0,0.0,0.0,0.0,0.0,0.0,0.0,1.0,0.0,0.0,0.0,
1895,e,258.46,0.2300000000000182,phoneme,0.0,0.0,1.0,0.0,0.0,0.0,1.0,0.0,0.0,0.0,0.0,0.0,0.0,1.0,
1896,k,258.84,0.09000000000003183,phoneme,0.0,0.0,0.0,0.0,0.0,1.0,0.0,1.0,0.0,0.0,0.0,0.0,1.0,0.0,
1897,O,258.93,0.07999999999998408,phoneme,0.0,0.0,1.0,0.0,0.0,0.0,1.0,0.0,0.0,0.0,0.0,0.0,0.0,1.0,
1898,m,259.01,0.060000000000002274,phoneme,0.0,0.0,0.0,1.0,0.0,0.0,0.0,0.0,0.0,1.0,0.0,0.0,0.0,0.0,
1899,y,259.07,0.06999999999999318,phoneme,0.0,1.0,0.0,0.0,0.0,0.0,1.0,0.0,0.0,0.0,0.0,0.0,0.0,1.0,
1900,n,259.14,0.044988999999986845,phoneme,0.0,0.0,0.0,0.0,0.0,0.0,0.0,0.0,0.0,1.0,0.0,0.0,0.0,0.0,
1901,m,259.184989,0.08498800000000983,phoneme,0.0,0.0,0.0,1.0,0.0,0.0,0.0,0.0,0.0,1.0,0.0,0.0,0.0,0.0,
1902,y,259.269977,0.04002300000001924,phoneme,0.0,1.0,0.0,0.0,0.0,0.0,1.0,0.0,0.0,0.0,0.0,0.0,0.0,1.0,
1903,z,259.31,0.17000000000001592,phoneme,0.0,0.0,0.0,0.0,0.0,0.0,0.0,0.0,1.0,0.0,0.0,0.0,1.0,1.0,
1904,i,259.48,0.0999999999999659,phoneme,0.0,1.0,0.0,0.0,0.0,0.0,1.0,0.0,0.0,0.0,0.0,0.0,0.0,1.0,
1905,k,259.58,0.18000000000000682,phoneme,0.0,0.0,0.0,0.0,0.0,1.0,0.0,1.0,0.0,0.0,0.0,0.0,1.0,0.0,
1906,e,260.27,0.040000000000020464,phoneme,0.0,0.0,1.0,0.0,0.0,0.0,1.0,0.0,0.0,0.0,0.0,0.0,0.0,1.0,
1907,p,260.38,0.07999999999998408,phoneme,0.0,0.0,0.0,1.0,0.0,0.0,0.0,1.0,0.0,0.0,0.0,0.0,1.0,0.0,
1908,H,260.46,0.08000000000004093,phoneme,0.0,0.0,0.0,1.0,0.0,0.0,0.0,0.0,0.0,0.0,1.0,0.0,0.0,0.0,
1909,i,260.54,0.16999999999995907,phoneme,0.0,1.0,0.0,0.0,0.0,0.0,1.0,0.0,0.0,0.0,0.0,0.0,0.0,1.0,
1910,R,260.71,0.060000000000002274,phoneme,0.0,0.0,0.0,0.0,0.0,0.0,0.0,0.0,0.0,0.0,0.0,1.0,0.0,0.0,
1911,@,260.77,0.040000000000020464,phoneme,0.0,0.0,1.0,0.0,0.0,0.0,1.0,0.0,0.0,0.0,0.0,0.0,0.0,1.0,
1912,g,260.81,0.11000000000001364,phoneme,0.0,0.0,0.0,0.0,0.0,1.0,0.0,1.0,0.0,0.0,0.0,0.0,1.0,1.0,
1913,a,260.92,0.14999999999997726,phoneme,1.0,0.0,0.0,0.0,0.0,0.0,1.0,0.0,0.0,0.0,0.0,0.0,0.0,1.0,
1914,R,261.07,0.09000000000003183,phoneme,0.0,0.0,0.0,0.0,0.0,0.0,0.0,0.0,0.0,0.0,0.0,1.0,0.0,0.0,
1915,d,261.16,0.14999999999997726,phoneme,0.0,0.0,0.0,0.0,0.0,0.0,0.0,1.0,0.0,0.0,0.0,0.0,1.0,1.0,
1916,t,261.79,0.07999999999998408,phoneme,0.0,0.0,0.0,0.0,0.0,0.0,0.0,1.0,0.0,0.0,0.0,0.0,1.0,0.0,
1917,y,261.87,0.11000000000001364,phoneme,0.0,1.0,0.0,0.0,0.0,0.0,1.0,0.0,0.0,0.0,0.0,0.0,0.0,1.0,
1918,v,261.98,0.049999999999954525,phoneme,0.0,0.0,0.0,0.0,0.0,0.0,0.0,0.0,1.0,0.0,0.0,0.0,1.0,1.0,
1919,w,262.03,0.10000000000002274,phoneme,0.0,0.0,0.0,1.0,0.0,1.0,0.0,0.0,0.0,0.0,1.0,0.0,0.0,0.0,
1920,a,262.13,0.09000000000003183,phoneme,1.0,0.0,0.0,0.0,0.0,0.0,1.0,0.0,0.0,0.0,0.0,0.0,0.0,1.0,
1921,l,262.22,0.05999999999994543,phoneme,0.0,0.0,0.0,0.0,0.0,0.0,0.0,0.0,0.0,0.0,1.0,0.0,0.0,0.0,
1922,a,262.28,0.11000000000001364,phoneme,1.0,0.0,0.0,0.0,0.0,0.0,1.0,0.0,0.0,0.0,0.0,0.0,0.0,1.0,
1923,b,262.39,0.05000000000001137,phoneme,0.0,0.0,0.0,1.0,0.0,0.0,0.0,1.0,0.0,0.0,0.0,0.0,1.0,1.0,
1924,a,262.44,0.17000000000001592,phoneme,1.0,0.0,0.0,0.0,0.0,0.0,1.0,0.0,0.0,0.0,0.0,0.0,0.0,1.0,
1925,l,262.76,0.05000000000001137,phoneme,0.0,0.0,0.0,0.0,0.0,0.0,0.0,0.0,0.0,0.0,1.0,0.0,0.0,0.0,
1926,e,262.81,0.06999999999999318,phoneme,0.0,0.0,1.0,0.0,0.0,0.0,1.0,0.0,0.0,0.0,0.0,0.0,0.0,1.0,
1927,S,262.88,0.14999999999997726,phoneme,0.0,0.0,0.0,0.0,0.0,0.0,0.0,0.0,1.0,0.0,0.0,0.0,1.0,0.0,
1928,a~,263.03,0.10000000000002274,phoneme,1.0,0.0,0.0,0.0,0.0,0.0,1.0,0.0,0.0,1.0,0.0,0.0,0.0,1.0,
1929,d,263.13,0.040000000000020464,phoneme,0.0,0.0,0.0,0.0,0.0,0.0,0.0,1.0,0.0,0.0,0.0,0.0,1.0,1.0,
1930,@,263.17,0.07999999999998408,phoneme,0.0,0.0,1.0,0.0,0.0,0.0,1.0,0.0,0.0,0.0,0.0,0.0,0.0,1.0,
1931,b,263.25,0.08999999999997499,phoneme,0.0,0.0,0.0,1.0,0.0,0.0,0.0,1.0,0.0,0.0,0.0,0.0,1.0,1.0,
1932,l,263.34,0.040000000000020464,phoneme,0.0,0.0,0.0,0.0,0.0,0.0,0.0,0.0,0.0,0.0,1.0,0.0,0.0,0.0,
1933,e,263.38,0.18999999999999773,phoneme,0.0,0.0,1.0,0.0,0.0,0.0,1.0,0.0,0.0,0.0,0.0,0.0,0.0,1.0,
1934,Z,264.12,0.08999999999997499,phoneme,0.0,0.0,0.0,0.0,0.0,0.0,0.0,0.0,1.0,0.0,0.0,0.0,1.0,1.0,
1935,@,264.21,0.06999999999999318,phoneme,0.0,0.0,1.0,0.0,0.0,0.0,1.0,0.0,0.0,0.0,0.0,0.0,0.0,1.0,
1936,n,264.28,0.05000000000001137,phoneme,0.0,0.0,0.0,0.0,0.0,0.0,0.0,0.0,0.0,1.0,0.0,0.0,0.0,0.0,
1937,@,264.33,0.060000000000002274,phoneme,0.0,0.0,1.0,0.0,0.0,0.0,1.0,0.0,0.0,0.0,0.0,0.0,0.0,1.0,
1938,m,264.39,0.06999999999999318,phoneme,0.0,0.0,0.0,1.0,0.0,0.0,0.0,0.0,0.0,1.0,0.0,0.0,0.0,0.0,
1939,a~,264.46,0.11000000000001364,phoneme,1.0,0.0,0.0,0.0,0.0,0.0,1.0,0.0,0.0,1.0,0.0,0.0,0.0,1.0,
1940,Z,264.57,0.10000000000002274,phoneme,0.0,0.0,0.0,0.0,0.0,0.0,0.0,0.0,1.0,0.0,0.0,0.0,1.0,1.0,
1941,p,264.67,0.060000000000002274,phoneme,0.0,0.0,0.0,1.0,0.0,0.0,0.0,1.0,0.0,0.0,0.0,0.0,1.0,0.0,
1942,a,264.73,0.08999999999997499,phoneme,1.0,0.0,0.0,0.0,0.0,0.0,1.0,0.0,0.0,0.0,0.0,0.0,0.0,1.0,
1943,d,264.82,0.05000000000001137,phoneme,0.0,0.0,0.0,0.0,0.0,0.0,0.0,1.0,0.0,0.0,0.0,0.0,1.0,1.0,
1944,@,264.87,0.060000000000002274,phoneme,0.0,0.0,1.0,0.0,0.0,0.0,1.0,0.0,0.0,0.0,0.0,0.0,0.0,1.0,
1945,p,264.93,0.12000000000000455,phoneme,0.0,0.0,0.0,1.0,0.0,0.0,0.0,1.0,0.0,0.0,0.0,0.0,1.0,0.0,
1946,e~,265.05,0.06999999999999318,phoneme,0.0,0.0,1.0,0.0,0.0,0.0,1.0,0.0,0.0,1.0,0.0,0.0,0.0,1.0,
1947,l,265.61,0.12000000000000455,phoneme,0.0,0.0,0.0,0.0,0.0,0.0,0.0,0.0,0.0,0.0,1.0,0.0,0.0,0.0,
1948,@,265.73,0.1099999999999568,phoneme,0.0,0.0,1.0,0.0,0.0,0.0,1.0,0.0,0.0,0.0,0.0,0.0,0.0,1.0,
1949,b,265.84,0.060000000000002274,phoneme,0.0,0.0,0.0,1.0,0.0,0.0,0.0,1.0,0.0,0.0,0.0,0.0,1.0,1.0,
1950,l,265.9,0.10000000000002274,phoneme,0.0,0.0,0.0,0.0,0.0,0.0,0.0,0.0,0.0,0.0,1.0,0.0,0.0,0.0,
1951,e,266.0,0.14999999999997726,phoneme,0.0,0.0,1.0,0.0,0.0,0.0,1.0,0.0,0.0,0.0,0.0,0.0,0.0,1.0,
1952,p,266.15,0.040000000000020464,phoneme,0.0,0.0,0.0,1.0,0.0,0.0,0.0,1.0,0.0,0.0,0.0,0.0,1.0,0.0,
1953,u,266.19,0.12999999999999545,phoneme,0.0,1.0,0.0,0.0,0.0,0.0,1.0,0.0,0.0,0.0,0.0,0.0,0.0,1.0,
1954,m,266.32,0.05000000000001137,phoneme,0.0,0.0,0.0,1.0,0.0,0.0,0.0,0.0,0.0,1.0,0.0,0.0,0.0,0.0,
1955,w,266.37,0.12999999999999545,phoneme,0.0,0.0,0.0,1.0,0.0,1.0,0.0,0.0,0.0,0.0,1.0,0.0,0.0,0.0,
1956,a,266.5,0.060000000000002274,phoneme,1.0,0.0,0.0,0.0,0.0,0.0,1.0,0.0,0.0,0.0,0.0,0.0,0.0,1.0,
1957,e,266.56,0.05000000000001137,phoneme,0.0,0.0,1.0,0.0,0.0,0.0,1.0,0.0,0.0,0.0,0.0,0.0,0.0,1.0,
1958,t,266.61,0.12000000000000455,phoneme,0.0,0.0,0.0,0.0,0.0,0.0,0.0,1.0,0.0,0.0,0.0,0.0,1.0,0.0,
1959,i,266.73,0.029999999999972715,phoneme,0.0,1.0,0.0,0.0,0.0,0.0,1.0,0.0,0.0,0.0,0.0,0.0,0.0,1.0,
1960,n,266.76,0.03000000000002956,phoneme,0.0,0.0,0.0,0.0,0.0,0.0,0.0,0.0,0.0,1.0,0.0,0.0,0.0,0.0,
1961,y,266.79,0.08999999999997499,phoneme,0.0,1.0,0.0,0.0,0.0,0.0,1.0,0.0,0.0,0.0,0.0,0.0,0.0,1.0,
1962,t,266.88,0.12999999999999545,phoneme,0.0,0.0,0.0,0.0,0.0,0.0,0.0,1.0,0.0,0.0,0.0,0.0,1.0,0.0,
1963,i,267.01,0.12999999999999545,phoneme,0.0,1.0,0.0,0.0,0.0,0.0,1.0,0.0,0.0,0.0,0.0,0.0,0.0,1.0,
1964,l,267.14,0.060000000000002274,phoneme,0.0,0.0,0.0,0.0,0.0,0.0,0.0,0.0,0.0,0.0,1.0,0.0,0.0,0.0,
1965,@,267.2,0.11000000000001364,phoneme,0.0,0.0,1.0,0.0,0.0,0.0,1.0,0.0,0.0,0.0,0.0,0.0,0.0,1.0,
1966,l,267.85,0.03999999999996362,phoneme,0.0,0.0,0.0,0.0,0.0,0.0,0.0,0.0,0.0,0.0,1.0,0.0,0.0,0.0,
1967,e,267.89,0.10000000000002274,phoneme,0.0,0.0,1.0,0.0,0.0,0.0,1.0,0.0,0.0,0.0,0.0,0.0,0.0,1.0,
1968,S,267.99,0.14999999999997726,phoneme,0.0,0.0,0.0,0.0,0.0,0.0,0.0,0.0,1.0,0.0,0.0,0.0,1.0,0.0,
1969,a~,268.14,0.08000000000004093,phoneme,1.0,0.0,0.0,0.0,0.0,0.0,1.0,0.0,0.0,1.0,0.0,0.0,0.0,1.0,
1970,d,268.22,0.05999999999994543,phoneme,0.0,0.0,0.0,0.0,0.0,0.0,0.0,1.0,0.0,0.0,0.0,0.0,1.0,1.0,
1971,@,268.28,0.060000000000002274,phoneme,0.0,0.0,1.0,0.0,0.0,0.0,1.0,0.0,0.0,0.0,0.0,0.0,0.0,1.0,
1972,b,268.34,0.07000000000005002,phoneme,0.0,0.0,0.0,1.0,0.0,0.0,0.0,1.0,0.0,0.0,0.0,0.0,1.0,1.0,
1973,l,268.41,0.060000000000002274,phoneme,0.0,0.0,0.0,0.0,0.0,0.0,0.0,0.0,0.0,0.0,1.0,0.0,0.0,0.0,
1974,e,268.47,0.0999999999999659,phoneme,0.0,0.0,1.0,0.0,0.0,0.0,1.0,0.0,0.0,0.0,0.0,0.0,0.0,1.0,
1975,n,268.57,0.040000000000020464,phoneme,0.0,0.0,0.0,0.0,0.0,0.0,0.0,0.0,0.0,1.0,0.0,0.0,0.0,0.0,
1976,@,268.61,0.05498899999997775,phoneme,0.0,0.0,1.0,0.0,0.0,0.0,1.0,0.0,0.0,0.0,0.0,0.0,0.0,1.0,
1977,m,268.664989,0.054987999999980275,phoneme,0.0,0.0,0.0,1.0,0.0,0.0,0.0,0.0,0.0,1.0,0.0,0.0,0.0,0.0,
1978,@,268.719977,0.05002300000001014,phoneme,0.0,0.0,1.0,0.0,0.0,0.0,1.0,0.0,0.0,0.0,0.0,0.0,0.0,1.0,
1979,R,268.77,0.09000000000003183,phoneme,0.0,0.0,0.0,0.0,0.0,0.0,0.0,0.0,0.0,0.0,0.0,1.0,0.0,0.0,
1980,a,268.86,0.060000000000002274,phoneme,1.0,0.0,0.0,0.0,0.0,0.0,1.0,0.0,0.0,0.0,0.0,0.0,0.0,1.0,
1981,p,268.92,0.0999999999999659,phoneme,0.0,0.0,0.0,1.0,0.0,0.0,0.0,1.0,0.0,0.0,0.0,0.0,1.0,0.0,
1982,E,269.02,0.08000000000004093,phoneme,0.0,0.0,1.0,0.0,0.0,0.0,1.0,0.0,0.0,0.0,0.0,0.0,0.0,1.0,
1983,l,269.1,0.06999999999999318,phoneme,0.0,0.0,0.0,0.0,0.0,0.0,0.0,0.0,0.0,0.0,1.0,0.0,0.0,0.0,
1984,@,269.17,0.05000000000001137,phoneme,0.0,0.0,1.0,0.0,0.0,0.0,1.0,0.0,0.0,0.0,0.0,0.0,0.0,1.0,
1985,R,269.22,0.08999999999997499,phoneme,0.0,0.0,0.0,0.0,0.0,0.0,0.0,0.0,0.0,0.0,0.0,1.0,0.0,0.0,
1986,j,269.31,0.12000000000000455,phoneme,0.0,0.0,0.0,0.0,0.0,0.0,0.0,0.0,0.0,0.0,1.0,0.0,0.0,0.0,
1987,e~,269.43,0.07999999999998408,phoneme,0.0,0.0,1.0,0.0,0.0,0.0,1.0,0.0,0.0,1.0,0.0,0.0,0.0,1.0,
1988,e,270.14,0.06999999999999318,phoneme,0.0,0.0,1.0,0.0,0.0,0.0,1.0,0.0,0.0,0.0,0.0,0.0,0.0,1.0,
1989,s,270.21,0.18000000000000682,phoneme,0.0,0.0,0.0,0.0,0.0,0.0,0.0,0.0,1.0,0.0,0.0,0.0,1.0,0.0,
1990,a,270.39,0.11000000000001364,phoneme,1.0,0.0,0.0,0.0,0.0,0.0,1.0,0.0,0.0,0.0,0.0,0.0,0.0,1.0,
1991,s,270.73,0.12000000000000455,phoneme,0.0,0.0,0.0,0.0,0.0,0.0,0.0,0.0,1.0,0.0,0.0,0.0,1.0,0.0,
1992,e,270.85,0.07999999999998408,phoneme,0.0,0.0,1.0,0.0,0.0,0.0,1.0,0.0,0.0,0.0,0.0,0.0,0.0,1.0,
1993,t,270.93,0.12999999999999545,phoneme,0.0,0.0,0.0,0.0,0.0,0.0,0.0,1.0,0.0,0.0,0.0,0.0,1.0,0.0,
1994,R,271.06,0.05000000000001137,phoneme,0.0,0.0,0.0,0.0,0.0,0.0,0.0,0.0,0.0,0.0,0.0,1.0,0.0,0.0,
1995,i,271.11,0.12000000000000455,phoneme,0.0,1.0,0.0,0.0,0.0,0.0,1.0,0.0,0.0,0.0,0.0,0.0,0.0,1.0,
1996,s,271.23,0.20999999999997954,phoneme,0.0,0.0,0.0,0.0,0.0,0.0,0.0,0.0,1.0,0.0,0.0,0.0,1.0,0.0,
1997,t,271.44,0.07999999999998408,phoneme,0.0,0.0,0.0,0.0,0.0,0.0,0.0,1.0,0.0,0.0,0.0,0.0,1.0,0.0,
1998,m,272.29,0.060000000000002274,phoneme,0.0,0.0,0.0,1.0,0.0,0.0,0.0,0.0,0.0,1.0,0.0,0.0,0.0,0.0,
1999,E,272.35,0.06999999999999318,phoneme,0.0,0.0,1.0,0.0,0.0,0.0,1.0,0.0,0.0,0.0,0.0,0.0,0.0,1.0,
2000,t,272.42,0.06999999999999318,phoneme,0.0,0.0,0.0,0.0,0.0,0.0,0.0,1.0,0.0,0.0,0.0,0.0,1.0,0.0,
2001,y,272.49,0.0999999999999659,phoneme,0.0,1.0,0.0,0.0,0.0,0.0,1.0,0.0,0.0,0.0,0.0,0.0,0.0,1.0,
2002,a,272.59,0.09000000000003183,phoneme,1.0,0.0,0.0,0.0,0.0,0.0,1.0,0.0,0.0,0.0,0.0,0.0,0.0,1.0,
2003,d,272.68,0.05000000000001137,phoneme,0.0,0.0,0.0,0.0,0.0,0.0,0.0,1.0,0.0,0.0,0.0,0.0,1.0,1.0,
2004,e,272.73,0.03999999999996362,phoneme,0.0,0.0,1.0,0.0,0.0,0.0,1.0,0.0,0.0,0.0,0.0,0.0,0.0,1.0,
2005,S,272.77,0.160000000000025,phoneme,0.0,0.0,0.0,0.0,0.0,0.0,0.0,0.0,1.0,0.0,0.0,0.0,1.0,0.0,
2006,@,272.93,0.07999999999998408,phoneme,0.0,0.0,1.0,0.0,0.0,0.0,1.0,0.0,0.0,0.0,0.0,0.0,0.0,1.0,
2007,v,273.01,0.05000000000001137,phoneme,0.0,0.0,0.0,0.0,0.0,0.0,0.0,0.0,1.0,0.0,0.0,0.0,1.0,1.0,
2008,2,273.06,0.11000000000001364,phoneme,0.0,0.0,1.0,0.0,0.0,0.0,1.0,0.0,0.0,0.0,0.0,0.0,0.0,1.0,
2009,k,273.17,0.12000000000000455,phoneme,0.0,0.0,0.0,0.0,0.0,1.0,0.0,1.0,0.0,0.0,0.0,0.0,1.0,0.0,
2010,u,273.29,0.029999999999972715,phoneme,0.0,1.0,0.0,0.0,0.0,0.0,1.0,0.0,0.0,0.0,0.0,0.0,0.0,1.0,
2011,l,273.32,0.06999999999999318,phoneme,0.0,0.0,0.0,0.0,0.0,0.0,0.0,0.0,0.0,0.0,1.0,0.0,0.0,0.0,
2012,9,273.39,0.08000000000004093,phoneme,0.0,0.0,1.0,0.0,0.0,0.0,1.0,0.0,0.0,0.0,0.0,0.0,0.0,1.0,
2013,R,273.47,0.08999999999997499,phoneme,0.0,0.0,0.0,0.0,0.0,0.0,0.0,0.0,0.0,0.0,0.0,1.0,0.0,0.0,
2014,d,273.56,0.07999999999998408,phoneme,0.0,0.0,0.0,0.0,0.0,0.0,0.0,1.0,0.0,0.0,0.0,0.0,1.0,1.0,
2015,O,273.64,0.21000000000003638,phoneme,0.0,0.0,1.0,0.0,0.0,0.0,1.0,0.0,0.0,0.0,0.0,0.0,0.0,1.0,
2016,R,273.85,0.15999999999996817,phoneme,0.0,0.0,0.0,0.0,0.0,0.0,0.0,0.0,0.0,0.0,0.0,1.0,0.0,0.0,
2017,a,274.58,0.12000000000000455,phoneme,1.0,0.0,0.0,0.0,0.0,0.0,1.0,0.0,0.0,0.0,0.0,0.0,0.0,1.0,
2018,l,274.7,0.06999999999999318,phoneme,0.0,0.0,0.0,0.0,0.0,0.0,0.0,0.0,0.0,0.0,1.0,0.0,0.0,0.0,
2019,O,274.77,0.11000000000001364,phoneme,0.0,0.0,1.0,0.0,0.0,0.0,1.0,0.0,0.0,0.0,0.0,0.0,0.0,1.0,
2020,R,274.88,0.12999999999999545,phoneme,0.0,0.0,0.0,0.0,0.0,0.0,0.0,0.0,0.0,0.0,0.0,1.0,0.0,0.0,
2021,s,275.01,0.11000000000001364,phoneme,0.0,0.0,0.0,0.0,0.0,0.0,0.0,0.0,1.0,0.0,0.0,0.0,1.0,0.0,
2022,@,275.12,0.05000000000001137,phoneme,0.0,0.0,1.0,0.0,0.0,0.0,1.0,0.0,0.0,0.0,0.0,0.0,0.0,1.0,
2023,s,275.17,0.1099999999999568,phoneme,0.0,0.0,0.0,0.0,0.0,0.0,0.0,0.0,1.0,0.0,0.0,0.0,1.0,0.0,
2024,@,275.28,0.060000000000002274,phoneme,0.0,0.0,1.0,0.0,0.0,0.0,1.0,0.0,0.0,0.0,0.0,0.0,0.0,1.0,
2025,R,275.34,0.060000000000002274,phoneme,0.0,0.0,0.0,0.0,0.0,0.0,0.0,0.0,0.0,0.0,0.0,1.0,0.0,0.0,
2026,a,275.4,0.09000000000003183,phoneme,1.0,0.0,0.0,0.0,0.0,0.0,1.0,0.0,0.0,0.0,0.0,0.0,0.0,1.0,
2027,m,275.49,0.11000000000001364,phoneme,0.0,0.0,0.0,1.0,0.0,0.0,0.0,0.0,0.0,1.0,0.0,0.0,0.0,0.0,
2028,E,275.6,0.1099999999999568,phoneme,0.0,0.0,1.0,0.0,0.0,0.0,1.0,0.0,0.0,0.0,0.0,0.0,0.0,1.0,
2029,R,275.71,0.08000000000004093,phoneme,0.0,0.0,0.0,0.0,0.0,0.0,0.0,0.0,0.0,0.0,0.0,1.0,0.0,0.0,
2030,v,275.79,0.029999999999972715,phoneme,0.0,0.0,0.0,0.0,0.0,0.0,0.0,0.0,1.0,0.0,0.0,0.0,1.0,1.0,
2031,E,275.82,0.05000000000001137,phoneme,0.0,0.0,1.0,0.0,0.0,0.0,1.0,0.0,0.0,0.0,0.0,0.0,0.0,1.0,
2032,j,275.87,0.10000000000002274,phoneme,0.0,0.0,0.0,0.0,0.0,0.0,0.0,0.0,0.0,0.0,1.0,0.0,0.0,0.0,
2033,2,275.97,0.0999999999999659,phoneme,0.0,0.0,1.0,0.0,0.0,0.0,1.0,0.0,0.0,0.0,0.0,0.0,0.0,1.0,
2034,k,276.07,0.10000000000002274,phoneme,0.0,0.0,0.0,0.0,0.0,1.0,0.0,1.0,0.0,0.0,0.0,0.0,1.0,0.0,
2035,a~,276.17,0.06999999999999318,phoneme,1.0,0.0,0.0,0.0,0.0,0.0,1.0,0.0,0.0,1.0,0.0,0.0,0.0,1.0,
2036,t,276.24,0.06999999999999318,phoneme,0.0,0.0,0.0,0.0,0.0,0.0,0.0,1.0,0.0,0.0,0.0,0.0,1.0,0.0,
2037,y,276.31,0.0649890000000255,phoneme,0.0,1.0,0.0,0.0,0.0,0.0,1.0,0.0,0.0,0.0,0.0,0.0,0.0,1.0,
2038,m,276.374989,0.07498799999996208,phoneme,0.0,0.0,0.0,1.0,0.0,0.0,0.0,0.0,0.0,1.0,0.0,0.0,0.0,0.0,
2039,o,276.449977,0.08002299999998286,phoneme,0.0,0.0,1.0,0.0,0.0,0.0,1.0,0.0,0.0,0.0,0.0,0.0,0.0,1.0,
2040,R,276.53,0.05000000000001137,phoneme,0.0,0.0,0.0,0.0,0.0,0.0,0.0,0.0,0.0,0.0,0.0,1.0,0.0,0.0,
2041,a,276.58,0.10000000000002274,phoneme,1.0,0.0,0.0,0.0,0.0,0.0,1.0,0.0,0.0,0.0,0.0,0.0,0.0,1.0,
2042,a,276.68,0.0999999999999659,phoneme,1.0,0.0,0.0,0.0,0.0,0.0,1.0,0.0,0.0,0.0,0.0,0.0,0.0,1.0,
2043,p,276.78,0.07000000000005002,phoneme,0.0,0.0,0.0,1.0,0.0,0.0,0.0,1.0,0.0,0.0,0.0,0.0,1.0,0.0,
2044,R,276.85,0.03999999999996362,phoneme,0.0,0.0,0.0,0.0,0.0,0.0,0.0,0.0,0.0,0.0,0.0,1.0,0.0,0.0,
2045,i,276.89,0.09000000000003183,phoneme,0.0,1.0,0.0,0.0,0.0,0.0,1.0,0.0,0.0,0.0,0.0,0.0,0.0,1.0,
2046,v,276.98,0.049999999999954525,phoneme,0.0,0.0,0.0,0.0,0.0,0.0,0.0,0.0,1.0,0.0,0.0,0.0,1.0,1.0,
2047,w,277.03,0.060000000000002274,phoneme,0.0,0.0,0.0,1.0,0.0,1.0,0.0,0.0,0.0,0.0,1.0,0.0,0.0,0.0,
2048,a,277.09,0.040000000000020464,phoneme,1.0,0.0,0.0,0.0,0.0,0.0,1.0,0.0,0.0,0.0,0.0,0.0,0.0,1.0,
2049,z,277.13,0.09000000000003183,phoneme,0.0,0.0,0.0,0.0,0.0,0.0,0.0,0.0,1.0,0.0,0.0,0.0,1.0,1.0,
2050,e,277.22,0.19999999999998863,phoneme,0.0,0.0,1.0,0.0,0.0,0.0,1.0,0.0,0.0,0.0,0.0,0.0,0.0,1.0,
2051,l,278.01,0.13999999999998636,phoneme,0.0,0.0,0.0,0.0,0.0,0.0,0.0,0.0,0.0,0.0,1.0,0.0,0.0,0.0,
2052,@,278.15,0.07000000000005002,phoneme,0.0,0.0,1.0,0.0,0.0,0.0,1.0,0.0,0.0,0.0,0.0,0.0,0.0,1.0,
2053,b,278.22,0.12999999999999545,phoneme,0.0,0.0,0.0,1.0,0.0,0.0,0.0,1.0,0.0,0.0,0.0,0.0,1.0,1.0,
2054,l,278.35,0.08999999999997499,phoneme,0.0,0.0,0.0,0.0,0.0,0.0,0.0,0.0,0.0,0.0,1.0,0.0,0.0,0.0,
2055,e,278.44,0.18000000000000682,phoneme,0.0,0.0,1.0,0.0,0.0,0.0,1.0,0.0,0.0,0.0,0.0,0.0,0.0,1.0,
2056,k,278.85,0.0999999999999659,phoneme,0.0,0.0,0.0,0.0,0.0,1.0,0.0,1.0,0.0,0.0,0.0,0.0,1.0,0.0,
2057,i,278.95,0.06999999999999318,phoneme,0.0,1.0,0.0,0.0,0.0,0.0,1.0,0.0,0.0,0.0,0.0,0.0,0.0,1.0,
2058,e,279.02,0.11000000000001364,phoneme,0.0,0.0,1.0,0.0,0.0,0.0,1.0,0.0,0.0,0.0,0.0,0.0,0.0,1.0,
2059,d,279.13,0.06999999999999318,phoneme,0.0,0.0,0.0,0.0,0.0,0.0,0.0,1.0,0.0,0.0,0.0,0.0,1.0,1.0,
2060,o,279.2,0.13999999999998636,phoneme,0.0,0.0,1.0,0.0,0.0,0.0,1.0,0.0,0.0,0.0,0.0,0.0,0.0,1.0,
2061,R,279.34,0.10000000000002274,phoneme,0.0,0.0,0.0,0.0,0.0,0.0,0.0,0.0,0.0,0.0,0.0,1.0,0.0,0.0,
2062,e,279.44,0.160000000000025,phoneme,0.0,0.0,1.0,0.0,0.0,0.0,1.0,0.0,0.0,0.0,0.0,0.0,0.0,1.0,
2063,m,279.88,0.07999999999998408,phoneme,0.0,0.0,0.0,1.0,0.0,0.0,0.0,0.0,0.0,1.0,0.0,0.0,0.0,0.0,
2064,@,279.96,0.060000000000002274,phoneme,0.0,0.0,1.0,0.0,0.0,0.0,1.0,0.0,0.0,0.0,0.0,0.0,0.0,1.0,
2065,f,280.02,0.11000000000001364,phoneme,0.0,0.0,0.0,0.0,0.0,0.0,0.0,0.0,1.0,0.0,0.0,0.0,1.0,0.0,
2066,@,280.13,0.06999999999999318,phoneme,0.0,0.0,1.0,0.0,0.0,0.0,1.0,0.0,0.0,0.0,0.0,0.0,0.0,1.0,
2067,R,280.2,0.03000000000002956,phoneme,0.0,0.0,0.0,0.0,0.0,0.0,0.0,0.0,0.0,0.0,0.0,1.0,0.0,0.0,
2068,a,280.23,0.1099999999999568,phoneme,1.0,0.0,0.0,0.0,0.0,0.0,1.0,0.0,0.0,0.0,0.0,0.0,0.0,1.0,
2069,s,280.34,0.11000000000001364,phoneme,0.0,0.0,0.0,0.0,0.0,0.0,0.0,0.0,1.0,0.0,0.0,0.0,1.0,0.0,
2070,u,280.45,0.07999999999998408,phoneme,0.0,1.0,0.0,0.0,0.0,0.0,1.0,0.0,0.0,0.0,0.0,0.0,0.0,1.0,
2071,v,280.53,0.05000000000001137,phoneme,0.0,0.0,0.0,0.0,0.0,0.0,0.0,0.0,1.0,0.0,0.0,0.0,1.0,1.0,
2072,@,280.58,0.08000000000004093,phoneme,0.0,0.0,1.0,0.0,0.0,0.0,1.0,0.0,0.0,0.0,0.0,0.0,0.0,1.0,
2073,n,280.66,0.0999999999999659,phoneme,0.0,0.0,0.0,0.0,0.0,0.0,0.0,0.0,0.0,1.0,0.0,0.0,0.0,0.0,
2074,i,280.76,0.05000000000001137,phoneme,0.0,1.0,0.0,0.0,0.0,0.0,1.0,0.0,0.0,0.0,0.0,0.0,0.0,1.0,
2075,R,280.81,0.040000000000020464,phoneme,0.0,0.0,0.0,0.0,0.0,0.0,0.0,0.0,0.0,0.0,0.0,1.0,0.0,0.0,
2076,d,280.85,0.049999999999954525,phoneme,0.0,0.0,0.0,0.0,0.0,0.0,0.0,1.0,0.0,0.0,0.0,0.0,1.0,1.0,
2077,@,280.9,0.08000000000004093,phoneme,0.0,0.0,1.0,0.0,0.0,0.0,1.0,0.0,0.0,0.0,0.0,0.0,0.0,1.0,
2078,t,280.98,0.14999999999997726,phoneme,0.0,0.0,0.0,0.0,0.0,0.0,0.0,1.0,0.0,0.0,0.0,0.0,1.0,0.0,
2079,w,281.13,0.07999999999998408,phoneme,0.0,0.0,0.0,1.0,0.0,1.0,0.0,0.0,0.0,0.0,1.0,0.0,0.0,0.0,
2080,a,281.21,0.09000000000003183,phoneme,1.0,0.0,0.0,0.0,0.0,0.0,1.0,0.0,0.0,0.0,0.0,0.0,0.0,1.0,
2081,e,282.0,0.06999999999999318,phoneme,0.0,0.0,1.0,0.0,0.0,0.0,1.0,0.0,0.0,0.0,0.0,0.0,0.0,1.0,
2082,Z,282.07,0.13999999999998636,phoneme,0.0,0.0,0.0,0.0,0.0,0.0,0.0,0.0,1.0,0.0,0.0,0.0,1.0,1.0,
2083,i,282.21,0.05000000000001137,phoneme,0.0,1.0,0.0,0.0,0.0,0.0,1.0,0.0,0.0,0.0,0.0,0.0,0.0,1.0,
2084,m,282.26,0.09000000000003183,phoneme,0.0,0.0,0.0,1.0,0.0,0.0,0.0,0.0,0.0,1.0,0.0,0.0,0.0,0.0,
2085,@,282.35,0.060000000000002274,phoneme,0.0,0.0,1.0,0.0,0.0,0.0,1.0,0.0,0.0,0.0,0.0,0.0,0.0,1.0,
2086,R,282.41,0.1199999999999477,phoneme,0.0,0.0,0.0,0.0,0.0,0.0,0.0,0.0,0.0,0.0,0.0,1.0,0.0,0.0,
2087,e,282.53,0.08498900000000731,phoneme,0.0,0.0,1.0,0.0,0.0,0.0,1.0,0.0,0.0,0.0,0.0,0.0,0.0,1.0,
2088,l,282.614989,0.05498800000003712,phoneme,0.0,0.0,0.0,0.0,0.0,0.0,0.0,0.0,0.0,0.0,1.0,0.0,0.0,0.0,
2089,@,282.669977,0.08002299999998286,phoneme,0.0,0.0,1.0,0.0,0.0,0.0,1.0,0.0,0.0,0.0,0.0,0.0,0.0,1.0,
2090,b,282.75,0.07999999999998408,phoneme,0.0,0.0,0.0,1.0,0.0,0.0,0.0,1.0,0.0,0.0,0.0,0.0,1.0,1.0,
2091,R,282.83,0.12999999999999545,phoneme,0.0,0.0,0.0,0.0,0.0,0.0,0.0,0.0,0.0,0.0,0.0,1.0,0.0,0.0,
2092,H,282.96,0.03000000000002956,phoneme,0.0,0.0,0.0,1.0,0.0,0.0,0.0,0.0,0.0,0.0,1.0,0.0,0.0,0.0,
2093,i,282.99,0.0999999999999659,phoneme,0.0,1.0,0.0,0.0,0.0,0.0,1.0,0.0,0.0,0.0,0.0,0.0,0.0,1.0,
2094,d,283.09,0.05000000000001137,phoneme,0.0,0.0,0.0,0.0,0.0,0.0,0.0,1.0,0.0,0.0,0.0,0.0,1.0,1.0,
2095,y,283.14,0.13999999999998636,phoneme,0.0,1.0,0.0,0.0,0.0,0.0,1.0,0.0,0.0,0.0,0.0,0.0,0.0,1.0,
2096,v,283.28,0.05000000000001137,phoneme,0.0,0.0,0.0,0.0,0.0,0.0,0.0,0.0,1.0,0.0,0.0,0.0,1.0,1.0,
2097,a~,283.33,0.17000000000001592,phoneme,1.0,0.0,0.0,0.0,0.0,0.0,1.0,0.0,0.0,1.0,0.0,0.0,0.0,1.0,
2098,d,283.5,0.040000000000020464,phoneme,0.0,0.0,0.0,0.0,0.0,0.0,0.0,1.0,0.0,0.0,0.0,0.0,1.0,1.0,
2099,a~,283.54,0.1099999999999568,phoneme,1.0,0.0,0.0,0.0,0.0,0.0,1.0,0.0,0.0,1.0,0.0,0.0,0.0,1.0,
2100,l,283.65,0.08000000000004093,phoneme,0.0,0.0,0.0,0.0,0.0,0.0,0.0,0.0,0.0,0.0,1.0,0.0,0.0,0.0,
2101,@,283.73,0.060000000000002274,phoneme,0.0,0.0,1.0,0.0,0.0,0.0,1.0,0.0,0.0,0.0,0.0,0.0,0.0,1.0,
2102,b,283.79,0.060000000000002274,phoneme,0.0,0.0,0.0,1.0,0.0,0.0,0.0,1.0,0.0,0.0,0.0,0.0,1.0,1.0,
2103,l,283.85,0.06999999999999318,phoneme,0.0,0.0,0.0,0.0,0.0,0.0,0.0,0.0,0.0,0.0,1.0,0.0,0.0,0.0,
2104,e,283.92,0.18999999999999773,phoneme,0.0,0.0,1.0,0.0,0.0,0.0,1.0,0.0,0.0,0.0,0.0,0.0,0.0,1.0,
2105,l,285.21,0.1400000000000432,phoneme,0.0,0.0,0.0,0.0,0.0,0.0,0.0,0.0,0.0,0.0,1.0,0.0,0.0,0.0,
2106,R,285.35,0.14999999999997726,phoneme,0.0,0.0,0.0,0.0,0.0,0.0,0.0,0.0,0.0,0.0,0.0,1.0,0.0,0.0,
2107,@,285.5,0.029999999999972715,phoneme,0.0,0.0,1.0,0.0,0.0,0.0,1.0,0.0,0.0,0.0,0.0,0.0,0.0,1.0,
2108,n,285.53,0.060000000000002274,phoneme,0.0,0.0,0.0,0.0,0.0,0.0,0.0,0.0,0.0,1.0,0.0,0.0,0.0,0.0,
2109,a,285.59,0.10000000000002274,phoneme,1.0,0.0,0.0,0.0,0.0,0.0,1.0,0.0,0.0,0.0,0.0,0.0,0.0,1.0,
2110,R,285.69,0.06999999999999318,phoneme,0.0,0.0,0.0,0.0,0.0,0.0,0.0,0.0,0.0,0.0,0.0,1.0,0.0,0.0,
2111,s,285.76,0.12999999999999545,phoneme,0.0,0.0,0.0,0.0,0.0,0.0,0.0,0.0,1.0,0.0,0.0,0.0,1.0,0.0,
2112,@,285.89,0.06999999999999318,phoneme,0.0,0.0,1.0,0.0,0.0,0.0,1.0,0.0,0.0,0.0,0.0,0.0,0.0,1.0,
2113,t,285.96,0.11000000000001364,phoneme,0.0,0.0,0.0,0.0,0.0,0.0,0.0,1.0,0.0,0.0,0.0,0.0,1.0,0.0,
2114,y,286.07,0.2400000000000091,phoneme,0.0,1.0,0.0,0.0,0.0,0.0,1.0,0.0,0.0,0.0,0.0,0.0,0.0,1.0,
2115,e,286.55,0.11000000000001364,phoneme,0.0,0.0,1.0,0.0,0.0,0.0,1.0,0.0,0.0,0.0,0.0,0.0,0.0,1.0,
2116,R,286.66,0.060000000000002274,phoneme,0.0,0.0,0.0,0.0,0.0,0.0,0.0,0.0,0.0,0.0,0.0,1.0,0.0,0.0,
2117,@,286.72,0.06999999999999318,phoneme,0.0,0.0,1.0,0.0,0.0,0.0,1.0,0.0,0.0,0.0,0.0,0.0,0.0,1.0,
2118,g,286.79,0.0999999999999659,phoneme,0.0,0.0,0.0,0.0,0.0,1.0,0.0,1.0,0.0,0.0,0.0,0.0,1.0,1.0,
2119,a,286.89,0.05000000000001137,phoneme,1.0,0.0,0.0,0.0,0.0,0.0,1.0,0.0,0.0,0.0,0.0,0.0,0.0,1.0,
2120,R,286.94,0.07999999999998408,phoneme,0.0,0.0,0.0,0.0,0.0,0.0,0.0,0.0,0.0,0.0,0.0,1.0,0.0,0.0,
2121,d,287.02,0.06999999999999318,phoneme,0.0,0.0,0.0,0.0,0.0,0.0,0.0,1.0,0.0,0.0,0.0,0.0,1.0,1.0,
2122,a,287.09,0.14498900000000958,phoneme,1.0,0.0,0.0,0.0,0.0,0.0,1.0,0.0,0.0,0.0,0.0,0.0,0.0,1.0,
2123,l,287.234989,0.16498799999999392,phoneme,0.0,0.0,0.0,0.0,0.0,0.0,0.0,0.0,0.0,0.0,1.0,0.0,0.0,0.0,
2124,o~,287.399977,0.1800230000000056,phoneme,0.0,0.0,1.0,0.0,0.0,0.0,1.0,0.0,0.0,1.0,0.0,0.0,0.0,1.0,
2125,t,287.58,0.11000000000001364,phoneme,0.0,0.0,0.0,0.0,0.0,0.0,0.0,1.0,0.0,0.0,0.0,0.0,1.0,0.0,
2126,a~,287.69,0.12999999999999545,phoneme,1.0,0.0,0.0,0.0,0.0,0.0,1.0,0.0,0.0,1.0,0.0,0.0,0.0,1.0,
2127,l,287.82,0.060000000000002274,phoneme,0.0,0.0,0.0,0.0,0.0,0.0,0.0,0.0,0.0,0.0,1.0,0.0,0.0,0.0,
2128,@,287.88,0.05000000000001137,phoneme,0.0,0.0,1.0,0.0,0.0,0.0,1.0,0.0,0.0,0.0,0.0,0.0,0.0,1.0,
2129,p,287.93,0.0999999999999659,phoneme,0.0,0.0,0.0,1.0,0.0,0.0,0.0,1.0,0.0,0.0,0.0,0.0,1.0,0.0,
2130,@,288.03,0.05000000000001137,phoneme,0.0,0.0,1.0,0.0,0.0,0.0,1.0,0.0,0.0,0.0,0.0,0.0,0.0,1.0,
2131,t,288.08,0.11000000000001364,phoneme,0.0,0.0,0.0,0.0,0.0,0.0,0.0,1.0,0.0,0.0,0.0,0.0,1.0,0.0,
2132,i,288.19,0.07999999999998408,phoneme,0.0,1.0,0.0,0.0,0.0,0.0,1.0,0.0,0.0,0.0,0.0,0.0,0.0,1.0,
2133,p,288.27,0.040000000000020464,phoneme,0.0,0.0,0.0,1.0,0.0,0.0,0.0,1.0,0.0,0.0,0.0,0.0,1.0,0.0,
2134,R,288.31,0.10000000000002274,phoneme,0.0,0.0,0.0,0.0,0.0,0.0,0.0,0.0,0.0,0.0,0.0,1.0,0.0,0.0,
2135,e~,288.41,0.19999999999998863,phoneme,0.0,0.0,1.0,0.0,0.0,0.0,1.0,0.0,0.0,1.0,0.0,0.0,0.0,1.0,
2136,s,288.61,0.2799999999999727,phoneme,0.0,0.0,0.0,0.0,0.0,0.0,0.0,0.0,1.0,0.0,0.0,0.0,1.0,0.0,
2137,s,289.8,0.18000000000000682,phoneme,0.0,0.0,0.0,0.0,0.0,0.0,0.0,0.0,1.0,0.0,0.0,0.0,1.0,0.0,
2138,i,289.98,0.0999999999999659,phoneme,0.0,1.0,0.0,0.0,0.0,0.0,1.0,0.0,0.0,0.0,0.0,0.0,0.0,1.0,
2139,t,290.08,0.10000000000002274,phoneme,0.0,0.0,0.0,0.0,0.0,0.0,0.0,1.0,0.0,0.0,0.0,0.0,1.0,0.0,
2140,@,290.18,0.05000000000001137,phoneme,0.0,0.0,1.0,0.0,0.0,0.0,1.0,0.0,0.0,0.0,0.0,0.0,0.0,1.0,
2141,p,290.23,0.1099999999999568,phoneme,0.0,0.0,0.0,1.0,0.0,0.0,0.0,1.0,0.0,0.0,0.0,0.0,1.0,0.0,
2142,l,290.34,0.040000000000020464,phoneme,0.0,0.0,0.0,0.0,0.0,0.0,0.0,0.0,0.0,0.0,1.0,0.0,0.0,0.0,
2143,a,290.38,0.040000000000020464,phoneme,1.0,0.0,0.0,0.0,0.0,0.0,1.0,0.0,0.0,0.0,0.0,0.0,0.0,1.0,
2144,j,290.42,0.13999999999998636,phoneme,0.0,0.0,0.0,0.0,0.0,0.0,0.0,0.0,0.0,0.0,1.0,0.0,0.0,0.0,
2145,t,290.56,0.040000000000020464,phoneme,0.0,0.0,0.0,0.0,0.0,0.0,0.0,1.0,0.0,0.0,0.0,0.0,1.0,0.0,
2146,a,291.14,0.12999999999999545,phoneme,1.0,0.0,0.0,0.0,0.0,0.0,1.0,0.0,0.0,0.0,0.0,0.0,0.0,1.0,
2147,p,291.27,0.060000000000002274,phoneme,0.0,0.0,0.0,1.0,0.0,0.0,0.0,1.0,0.0,0.0,0.0,0.0,1.0,0.0,
2148,R,291.33,0.06999999999999318,phoneme,0.0,0.0,0.0,0.0,0.0,0.0,0.0,0.0,0.0,0.0,0.0,1.0,0.0,0.0,
2149,i,291.4,0.07000000000005002,phoneme,0.0,1.0,0.0,0.0,0.0,0.0,1.0,0.0,0.0,0.0,0.0,0.0,0.0,1.0,
2150,v,291.47,0.06999999999999318,phoneme,0.0,0.0,0.0,0.0,0.0,0.0,0.0,0.0,1.0,0.0,0.0,0.0,1.0,1.0,
2151,w,291.54,0.07999999999998408,phoneme,0.0,0.0,0.0,1.0,0.0,1.0,0.0,0.0,0.0,0.0,1.0,0.0,0.0,0.0,
2152,a,291.62,0.040000000000020464,phoneme,1.0,0.0,0.0,0.0,0.0,0.0,1.0,0.0,0.0,0.0,0.0,0.0,0.0,1.0,
2153,z,291.66,0.07999999999998408,phoneme,0.0,0.0,0.0,0.0,0.0,0.0,0.0,0.0,1.0,0.0,0.0,0.0,1.0,1.0,
2154,m,291.74,0.060000000000002274,phoneme,0.0,0.0,0.0,1.0,0.0,0.0,0.0,0.0,0.0,1.0,0.0,0.0,0.0,0.0,
2155,w,291.8,0.07999999999998408,phoneme,0.0,0.0,0.0,1.0,0.0,1.0,0.0,0.0,0.0,0.0,1.0,0.0,0.0,0.0,
2156,a,291.88,0.12000000000000455,phoneme,1.0,0.0,0.0,0.0,0.0,0.0,1.0,0.0,0.0,0.0,0.0,0.0,0.0,1.0,
2157,d,292.46,0.05000000000001137,phoneme,0.0,0.0,0.0,0.0,0.0,0.0,0.0,1.0,0.0,0.0,0.0,0.0,1.0,1.0,
2158,i,292.51,0.18000000000000682,phoneme,0.0,1.0,0.0,0.0,0.0,0.0,1.0,0.0,0.0,0.0,0.0,0.0,0.0,1.0,
2159,i,292.69,0.17000000000001592,phoneme,0.0,1.0,0.0,0.0,0.0,0.0,1.0,0.0,0.0,0.0,0.0,0.0,0.0,1.0,
2160,l,292.86,0.16999999999995907,phoneme,0.0,0.0,0.0,0.0,0.0,0.0,0.0,0.0,0.0,0.0,1.0,0.0,0.0,0.0,
2161,Z,294.11,0.11000000000001364,phoneme,0.0,0.0,0.0,0.0,0.0,0.0,0.0,0.0,1.0,0.0,0.0,0.0,1.0,1.0,
2162,@,294.22,0.06999999999999318,phoneme,0.0,0.0,1.0,0.0,0.0,0.0,1.0,0.0,0.0,0.0,0.0,0.0,0.0,1.0,
2163,v,294.29,0.049999999999954525,phoneme,0.0,0.0,0.0,0.0,0.0,0.0,0.0,0.0,1.0,0.0,0.0,0.0,1.0,1.0,
2164,2,294.34,0.09000000000003183,phoneme,0.0,0.0,1.0,0.0,0.0,0.0,1.0,0.0,0.0,0.0,0.0,0.0,0.0,1.0,
2165,b,294.43,0.029999999999972715,phoneme,0.0,0.0,0.0,1.0,0.0,0.0,0.0,1.0,0.0,0.0,0.0,0.0,1.0,1.0,
2166,j,294.46,0.12999999999999545,phoneme,0.0,0.0,0.0,0.0,0.0,0.0,0.0,0.0,0.0,0.0,1.0,0.0,0.0,0.0,
2167,e~,294.59,0.10000000000002274,phoneme,0.0,0.0,1.0,0.0,0.0,0.0,1.0,0.0,0.0,1.0,0.0,0.0,0.0,1.0,
2168,R,295.1,0.06999999999999318,phoneme,0.0,0.0,0.0,0.0,0.0,0.0,0.0,0.0,0.0,0.0,0.0,1.0,0.0,0.0,
2169,e,295.17,0.0999999999999659,phoneme,0.0,0.0,1.0,0.0,0.0,0.0,1.0,0.0,0.0,0.0,0.0,0.0,0.0,1.0,
2170,p,295.27,0.060000000000002274,phoneme,0.0,0.0,0.0,1.0,0.0,0.0,0.0,1.0,0.0,0.0,0.0,0.0,1.0,0.0,
2171,o~,295.33,0.06999999999999318,phoneme,0.0,0.0,1.0,0.0,0.0,0.0,1.0,0.0,0.0,1.0,0.0,0.0,0.0,1.0,
2172,d,295.4,0.07000000000005002,phoneme,0.0,0.0,0.0,0.0,0.0,0.0,0.0,1.0,0.0,0.0,0.0,0.0,1.0,1.0,
2173,i,295.47,0.03999999999996362,phoneme,0.0,1.0,0.0,0.0,0.0,0.0,1.0,0.0,0.0,0.0,0.0,0.0,0.0,1.0,
2174,l,295.51,0.040000000000020464,phoneme,0.0,0.0,0.0,0.0,0.0,0.0,0.0,0.0,0.0,0.0,1.0,0.0,0.0,0.0,
2175,@,295.55,0.12000000000000455,phoneme,0.0,0.0,1.0,0.0,0.0,0.0,1.0,0.0,0.0,0.0,0.0,0.0,0.0,1.0,
2176,p,295.67,0.060000000000002274,phoneme,0.0,0.0,0.0,1.0,0.0,0.0,0.0,1.0,0.0,0.0,0.0,0.0,1.0,0.0,
2177,@,295.73,0.03999999999996362,phoneme,0.0,0.0,1.0,0.0,0.0,0.0,1.0,0.0,0.0,0.0,0.0,0.0,0.0,1.0,
2178,t,295.77,0.10000000000002274,phoneme,0.0,0.0,0.0,0.0,0.0,0.0,0.0,1.0,0.0,0.0,0.0,0.0,1.0,0.0,
2179,i,295.87,0.060000000000002274,phoneme,0.0,1.0,0.0,0.0,0.0,0.0,1.0,0.0,0.0,0.0,0.0,0.0,0.0,1.0,
2180,p,295.93,0.05000000000001137,phoneme,0.0,0.0,0.0,1.0,0.0,0.0,0.0,1.0,0.0,0.0,0.0,0.0,1.0,0.0,
2181,R,295.98,0.06999999999999318,phoneme,0.0,0.0,0.0,0.0,0.0,0.0,0.0,0.0,0.0,0.0,0.0,1.0,0.0,0.0,
2182,e~,296.05,0.17000000000001592,phoneme,0.0,0.0,1.0,0.0,0.0,0.0,1.0,0.0,0.0,1.0,0.0,0.0,0.0,1.0,
2183,s,296.22,0.2799999999999727,phoneme,0.0,0.0,0.0,0.0,0.0,0.0,0.0,0.0,1.0,0.0,0.0,0.0,1.0,0.0,
2184,m,296.86,0.06999999999999318,phoneme,0.0,0.0,0.0,1.0,0.0,0.0,0.0,0.0,0.0,1.0,0.0,0.0,0.0,0.0,
2185,E,296.93,0.029999999999972715,phoneme,0.0,0.0,1.0,0.0,0.0,0.0,1.0,0.0,0.0,0.0,0.0,0.0,0.0,1.0,
2186,Z,296.96,0.09000000000003183,phoneme,0.0,0.0,0.0,0.0,0.0,0.0,0.0,0.0,1.0,0.0,0.0,0.0,1.0,1.0,
2187,@,297.05,0.07999999999998408,phoneme,0.0,0.0,1.0,0.0,0.0,0.0,1.0,0.0,0.0,0.0,0.0,0.0,0.0,1.0,
2188,a,297.13,0.040000000000020464,phoneme,1.0,0.0,0.0,0.0,0.0,0.0,1.0,0.0,0.0,0.0,0.0,0.0,0.0,1.0,
2189,i,297.17,0.07999999999998408,phoneme,0.0,1.0,0.0,0.0,0.0,0.0,1.0,0.0,0.0,0.0,0.0,0.0,0.0,1.0,
2190,p,297.25,0.06999999999999318,phoneme,0.0,0.0,0.0,1.0,0.0,0.0,0.0,1.0,0.0,0.0,0.0,0.0,1.0,0.0,
2191,a,297.32,0.07999999999998408,phoneme,1.0,0.0,0.0,0.0,0.0,0.0,1.0,0.0,0.0,0.0,0.0,0.0,0.0,1.0,
2192,b,297.4,0.03000000000002956,phoneme,0.0,0.0,0.0,1.0,0.0,0.0,0.0,1.0,0.0,0.0,0.0,0.0,1.0,1.0,
2193,o,297.43,0.12000000000000455,phoneme,0.0,0.0,1.0,0.0,0.0,0.0,1.0,0.0,0.0,0.0,0.0,0.0,0.0,1.0,
2194,k,297.55,0.07999999999998408,phoneme,0.0,0.0,0.0,0.0,0.0,1.0,0.0,1.0,0.0,0.0,0.0,0.0,1.0,0.0,
2195,u,297.63,0.03000000000002956,phoneme,0.0,1.0,0.0,0.0,0.0,0.0,1.0,0.0,0.0,0.0,0.0,0.0,0.0,1.0,
2196,d,297.66,0.060000000000002274,phoneme,0.0,0.0,0.0,0.0,0.0,0.0,0.0,1.0,0.0,0.0,0.0,0.0,1.0,1.0,
2197,@,297.72,0.05999999999994543,phoneme,0.0,0.0,1.0,0.0,0.0,0.0,1.0,0.0,0.0,0.0,0.0,0.0,0.0,1.0,
2198,t,297.78,0.160000000000025,phoneme,0.0,0.0,0.0,0.0,0.0,0.0,0.0,1.0,0.0,0.0,0.0,0.0,1.0,0.0,
2199,a~,297.94,0.10000000000002274,phoneme,1.0,0.0,0.0,0.0,0.0,0.0,1.0,0.0,0.0,1.0,0.0,0.0,0.0,1.0,
2200,t,298.04,0.049999999999954525,phoneme,0.0,0.0,0.0,0.0,0.0,0.0,0.0,1.0,0.0,0.0,0.0,0.0,1.0,0.0,
2201,Z,298.5,0.11000000000001364,phoneme,0.0,0.0,0.0,0.0,0.0,0.0,0.0,0.0,1.0,0.0,0.0,0.0,1.0,1.0,
2202,e,298.61,0.06999999999999318,phoneme,0.0,0.0,1.0,0.0,0.0,0.0,1.0,0.0,0.0,0.0,0.0,0.0,0.0,1.0,
2203,d,298.68,0.05000000000001137,phoneme,0.0,0.0,0.0,0.0,0.0,0.0,0.0,1.0,0.0,0.0,0.0,0.0,1.0,1.0,
2204,e,298.73,0.1099999999999568,phoneme,0.0,0.0,1.0,0.0,0.0,0.0,1.0,0.0,0.0,0.0,0.0,0.0,0.0,1.0,
2205,t,298.84,0.060000000000002274,phoneme,0.0,0.0,0.0,0.0,0.0,0.0,0.0,1.0,0.0,0.0,0.0,0.0,1.0,0.0,
2206,a,298.9,0.10000000000002274,phoneme,1.0,0.0,0.0,0.0,0.0,0.0,1.0,0.0,0.0,0.0,0.0,0.0,0.0,1.0,
2207,m,299.0,0.06999999999999318,phoneme,0.0,0.0,0.0,1.0,0.0,0.0,0.0,0.0,0.0,1.0,0.0,0.0,0.0,0.0,
2208,i,299.07,0.10498899999998912,phoneme,0.0,1.0,0.0,0.0,0.0,0.0,1.0,0.0,0.0,0.0,0.0,0.0,0.0,1.0,
2209,a,299.174989,0.06498800000002802,phoneme,1.0,0.0,0.0,0.0,0.0,0.0,1.0,0.0,0.0,0.0,0.0,0.0,0.0,1.0,
2210,d,299.239977,0.06002300000000105,phoneme,0.0,0.0,0.0,0.0,0.0,0.0,0.0,1.0,0.0,0.0,0.0,0.0,1.0,1.0,
2211,e,299.3,0.060000000000002274,phoneme,0.0,0.0,1.0,0.0,0.0,0.0,1.0,0.0,0.0,0.0,0.0,0.0,0.0,1.0,
2212,k,299.36,0.12000000000000455,phoneme,0.0,0.0,0.0,0.0,0.0,1.0,0.0,1.0,0.0,0.0,0.0,0.0,1.0,0.0,
2213,u,299.48,0.049999999999954525,phoneme,0.0,1.0,0.0,0.0,0.0,0.0,1.0,0.0,0.0,0.0,0.0,0.0,0.0,1.0,
2214,v,299.53,0.060000000000002274,phoneme,0.0,0.0,0.0,0.0,0.0,0.0,0.0,0.0,1.0,0.0,0.0,0.0,1.0,1.0,
2215,R,299.59,0.040000000000020464,phoneme,0.0,0.0,0.0,0.0,0.0,0.0,0.0,0.0,0.0,0.0,0.0,1.0,0.0,0.0,
2216,i,299.63,0.11000000000001364,phoneme,0.0,1.0,0.0,0.0,0.0,0.0,1.0,0.0,0.0,0.0,0.0,0.0,0.0,1.0,
2217,R,299.74,0.029999999999972715,phoneme,0.0,0.0,0.0,0.0,0.0,0.0,0.0,0.0,0.0,0.0,0.0,1.0,0.0,0.0,
2218,e,299.95,0.10000000000002274,phoneme,0.0,0.0,1.0,0.0,0.0,0.0,1.0,0.0,0.0,0.0,0.0,0.0,0.0,1.0,
2219,b,300.05,0.029999999999972715,phoneme,0.0,0.0,0.0,1.0,0.0,0.0,0.0,1.0,0.0,0.0,0.0,0.0,1.0,1.0,
2220,o,300.08,0.12999999999999545,phoneme,0.0,0.0,1.0,0.0,0.0,0.0,1.0,0.0,0.0,0.0,0.0,0.0,0.0,1.0,
2221,k,300.21,0.06999999999999318,phoneme,0.0,0.0,0.0,0.0,0.0,1.0,0.0,1.0,0.0,0.0,0.0,0.0,1.0,0.0,
2222,u,300.28,0.05000000000001137,phoneme,0.0,1.0,0.0,0.0,0.0,0.0,1.0,0.0,0.0,0.0,0.0,0.0,0.0,1.0,
2223,d,300.33,0.05000000000001137,phoneme,0.0,0.0,0.0,0.0,0.0,0.0,0.0,1.0,0.0,0.0,0.0,0.0,1.0,1.0,
2224,@,300.38,0.05000000000001137,phoneme,0.0,0.0,1.0,0.0,0.0,0.0,1.0,0.0,0.0,0.0,0.0,0.0,0.0,1.0,
2225,S,300.43,0.17000000000001592,phoneme,0.0,0.0,0.0,0.0,0.0,0.0,0.0,0.0,1.0,0.0,0.0,0.0,1.0,0.0,
2226,o,300.6,0.0999999999999659,phoneme,0.0,0.0,1.0,0.0,0.0,0.0,1.0,0.0,0.0,0.0,0.0,0.0,0.0,1.0,
2227,z,300.7,0.060000000000002274,phoneme,0.0,0.0,0.0,0.0,0.0,0.0,0.0,0.0,1.0,0.0,0.0,0.0,1.0,1.0,
2228,a,300.76,0.06999999999999318,phoneme,1.0,0.0,0.0,0.0,0.0,0.0,1.0,0.0,0.0,0.0,0.0,0.0,0.0,1.0,
2229,k,300.83,0.11000000000001364,phoneme,0.0,0.0,0.0,0.0,0.0,1.0,0.0,1.0,0.0,0.0,0.0,0.0,1.0,0.0,
2230,o,300.94,0.040000000000020464,phoneme,0.0,0.0,1.0,0.0,0.0,0.0,1.0,0.0,0.0,0.0,0.0,0.0,0.0,1.0,
2231,n,300.98,0.07999999999998408,phoneme,0.0,0.0,0.0,0.0,0.0,0.0,0.0,0.0,0.0,1.0,0.0,0.0,0.0,0.0,
2232,a,301.06,0.06999999999999318,phoneme,1.0,0.0,0.0,0.0,0.0,0.0,1.0,0.0,0.0,0.0,0.0,0.0,0.0,1.0,
2233,i,301.13,0.040000000000020464,phoneme,0.0,1.0,0.0,0.0,0.0,0.0,1.0,0.0,0.0,0.0,0.0,0.0,0.0,1.0,
2234,t,301.17,0.12000000000000455,phoneme,0.0,0.0,0.0,0.0,0.0,0.0,0.0,1.0,0.0,0.0,0.0,0.0,1.0,0.0,
2235,R,301.29,0.1099999999999568,phoneme,0.0,0.0,0.0,0.0,0.0,0.0,0.0,0.0,0.0,0.0,0.0,1.0,0.0,0.0,
2236,o~,302.63,0.13999999999998636,phoneme,0.0,0.0,1.0,0.0,0.0,0.0,1.0,0.0,0.0,1.0,0.0,0.0,0.0,1.0,
2237,n,302.77,0.05000000000001137,phoneme,0.0,0.0,0.0,0.0,0.0,0.0,0.0,0.0,0.0,1.0,0.0,0.0,0.0,0.0,
2238,@,302.82,0.06999999999999318,phoneme,0.0,0.0,1.0,0.0,0.0,0.0,1.0,0.0,0.0,0.0,0.0,0.0,0.0,1.0,
2239,k,302.89,0.09000000000003183,phoneme,0.0,0.0,0.0,0.0,0.0,1.0,0.0,1.0,0.0,0.0,0.0,0.0,1.0,0.0,
2240,o,302.98,0.029999999999972715,phoneme,0.0,0.0,1.0,0.0,0.0,0.0,1.0,0.0,0.0,0.0,0.0,0.0,0.0,1.0,
2241,n,303.01,0.10000000000002274,phoneme,0.0,0.0,0.0,0.0,0.0,0.0,0.0,0.0,0.0,1.0,0.0,0.0,0.0,0.0,
2242,a,303.11,0.029999999999972715,phoneme,1.0,0.0,0.0,0.0,0.0,0.0,1.0,0.0,0.0,0.0,0.0,0.0,0.0,1.0,
2243,j,303.14,0.03000000000002956,phoneme,0.0,0.0,0.0,0.0,0.0,0.0,0.0,0.0,0.0,0.0,1.0,0.0,0.0,0.0,
2244,t,303.17,0.029999999999972715,phoneme,0.0,0.0,0.0,0.0,0.0,0.0,0.0,1.0,0.0,0.0,0.0,0.0,1.0,0.0,
2245,k,303.2,0.07999999999998408,phoneme,0.0,0.0,0.0,0.0,0.0,1.0,0.0,1.0,0.0,0.0,0.0,0.0,1.0,0.0,
2246,@,303.28,0.060000000000002274,phoneme,0.0,0.0,1.0,0.0,0.0,0.0,1.0,0.0,0.0,0.0,0.0,0.0,0.0,1.0,
2247,l,303.34,0.040000000000020464,phoneme,0.0,0.0,0.0,0.0,0.0,0.0,0.0,0.0,0.0,0.0,1.0,0.0,0.0,0.0,
2248,e,303.38,0.07999999999998408,phoneme,0.0,0.0,1.0,0.0,0.0,0.0,1.0,0.0,0.0,0.0,0.0,0.0,0.0,1.0,
2249,S,303.46,0.1400000000000432,phoneme,0.0,0.0,0.0,0.0,0.0,0.0,0.0,0.0,1.0,0.0,0.0,0.0,1.0,0.0,
2250,o,303.6,0.12000000000000455,phoneme,0.0,0.0,1.0,0.0,0.0,0.0,1.0,0.0,0.0,0.0,0.0,0.0,0.0,1.0,
2251,z,303.72,0.05999999999994543,phoneme,0.0,0.0,0.0,0.0,0.0,0.0,0.0,0.0,1.0,0.0,0.0,0.0,1.0,1.0,
2252,k,303.78,0.09000000000003183,phoneme,0.0,0.0,0.0,0.0,0.0,1.0,0.0,1.0,0.0,0.0,0.0,0.0,1.0,0.0,
2253,@,303.87,0.060000000000002274,phoneme,0.0,0.0,1.0,0.0,0.0,0.0,1.0,0.0,0.0,0.0,0.0,0.0,0.0,1.0,
2254,l,303.93,0.029999999999972715,phoneme,0.0,0.0,0.0,0.0,0.0,0.0,0.0,0.0,0.0,0.0,1.0,0.0,0.0,0.0,
2255,o~,303.96,0.08000000000004093,phoneme,0.0,0.0,1.0,0.0,0.0,0.0,1.0,0.0,0.0,1.0,0.0,0.0,0.0,1.0,
2256,n,304.04,0.03999999999996362,phoneme,0.0,0.0,0.0,0.0,0.0,0.0,0.0,0.0,0.0,1.0,0.0,0.0,0.0,0.0,
2257,a,304.08,0.060000000000002274,phoneme,1.0,0.0,0.0,0.0,0.0,0.0,1.0,0.0,0.0,0.0,0.0,0.0,0.0,1.0,
2258,p,304.14,0.060000000000002274,phoneme,0.0,0.0,0.0,1.0,0.0,0.0,0.0,1.0,0.0,0.0,0.0,0.0,1.0,0.0,
2259,R,304.2,0.060000000000002274,phoneme,0.0,0.0,0.0,0.0,0.0,0.0,0.0,0.0,0.0,0.0,0.0,1.0,0.0,0.0,
2260,i,304.26,0.06999999999999318,phoneme,0.0,1.0,0.0,0.0,0.0,0.0,1.0,0.0,0.0,0.0,0.0,0.0,0.0,1.0,
2261,v,304.33,0.08000000000004093,phoneme,0.0,0.0,0.0,0.0,0.0,0.0,0.0,0.0,1.0,0.0,0.0,0.0,1.0,1.0,
2262,w,304.41,0.06999999999999318,phoneme,0.0,0.0,0.0,1.0,0.0,1.0,0.0,0.0,0.0,0.0,1.0,0.0,0.0,0.0,
2263,a,304.48,0.13999999999998636,phoneme,1.0,0.0,0.0,0.0,0.0,0.0,1.0,0.0,0.0,0.0,0.0,0.0,0.0,1.0,
2264,z,304.62,0.18999999999999773,phoneme,0.0,0.0,0.0,0.0,0.0,0.0,0.0,0.0,1.0,0.0,0.0,0.0,1.0,1.0,
2265,d,305.21,0.09000000000003183,phoneme,0.0,0.0,0.0,0.0,0.0,0.0,0.0,1.0,0.0,0.0,0.0,0.0,1.0,1.0,
2266,i,305.3,0.06999999999999318,phoneme,0.0,1.0,0.0,0.0,0.0,0.0,1.0,0.0,0.0,0.0,0.0,0.0,0.0,1.0,
2267,l,305.37,0.060000000000002274,phoneme,0.0,0.0,0.0,0.0,0.0,0.0,0.0,0.0,0.0,0.0,1.0,0.0,0.0,0.0,
2268,@,305.43,0.060000000000002274,phoneme,0.0,0.0,1.0,0.0,0.0,0.0,1.0,0.0,0.0,0.0,0.0,0.0,0.0,1.0,
2269,R,305.49,0.06999999999999318,phoneme,0.0,0.0,0.0,0.0,0.0,0.0,0.0,0.0,0.0,0.0,0.0,1.0,0.0,0.0,
2270,@,305.56,0.07999999999998408,phoneme,0.0,0.0,1.0,0.0,0.0,0.0,1.0,0.0,0.0,0.0,0.0,0.0,0.0,1.0,
2271,n,305.64,0.060000000000002274,phoneme,0.0,0.0,0.0,0.0,0.0,0.0,0.0,0.0,0.0,1.0,0.0,0.0,0.0,0.0,
2272,a,305.7,0.22000000000002728,phoneme,1.0,0.0,0.0,0.0,0.0,0.0,1.0,0.0,0.0,0.0,0.0,0.0,0.0,1.0,
2273,R,305.92,0.12999999999999545,phoneme,0.0,0.0,0.0,0.0,0.0,0.0,0.0,0.0,0.0,0.0,0.0,1.0,0.0,0.0,
2274,l,306.66,0.0999999999999659,phoneme,0.0,0.0,0.0,0.0,0.0,0.0,0.0,0.0,0.0,0.0,1.0,0.0,0.0,0.0,
2275,e,306.76,0.10000000000002274,phoneme,0.0,0.0,1.0,0.0,0.0,0.0,1.0,0.0,0.0,0.0,0.0,0.0,0.0,1.0,
2276,z,306.86,0.12999999999999545,phoneme,0.0,0.0,0.0,0.0,0.0,0.0,0.0,0.0,1.0,0.0,0.0,0.0,1.0,1.0,
2277,O,306.99,0.12999999999999545,phoneme,0.0,0.0,1.0,0.0,0.0,0.0,1.0,0.0,0.0,0.0,0.0,0.0,0.0,1.0,
2278,m,307.12,0.10000000000002274,phoneme,0.0,0.0,0.0,1.0,0.0,0.0,0.0,0.0,0.0,1.0,0.0,0.0,0.0,0.0,
2279,o,307.22,0.12999999999999545,phoneme,0.0,0.0,1.0,0.0,0.0,0.0,1.0,0.0,0.0,0.0,0.0,0.0,0.0,1.0,
2280,n,307.35,0.03999999999996362,phoneme,0.0,0.0,0.0,0.0,0.0,0.0,0.0,0.0,0.0,1.0,0.0,0.0,0.0,0.0,
2281,t,307.39,0.06999999999999318,phoneme,0.0,0.0,0.0,0.0,0.0,0.0,0.0,1.0,0.0,0.0,0.0,0.0,1.0,0.0,
2282,p,307.46,0.06999999999999318,phoneme,0.0,0.0,0.0,1.0,0.0,0.0,0.0,1.0,0.0,0.0,0.0,0.0,1.0,0.0,
2283,l,307.53,0.03000000000002956,phoneme,0.0,0.0,0.0,0.0,0.0,0.0,0.0,0.0,0.0,0.0,1.0,0.0,0.0,0.0,
2284,y,307.56,0.040000000000020464,phoneme,0.0,1.0,0.0,0.0,0.0,0.0,1.0,0.0,0.0,0.0,0.0,0.0,0.0,1.0,
2285,l,307.6,0.060000000000002274,phoneme,0.0,0.0,0.0,0.0,0.0,0.0,0.0,0.0,0.0,0.0,1.0,0.0,0.0,0.0,
2286,@,307.66,0.07999999999998408,phoneme,0.0,0.0,1.0,0.0,0.0,0.0,1.0,0.0,0.0,0.0,0.0,0.0,0.0,1.0,
2287,t,307.74,0.07999999999998408,phoneme,0.0,0.0,0.0,0.0,0.0,0.0,0.0,1.0,0.0,0.0,0.0,0.0,1.0,0.0,
2288,a~,307.82,0.13999999999998636,phoneme,1.0,0.0,0.0,0.0,0.0,0.0,1.0,0.0,0.0,1.0,0.0,0.0,0.0,1.0,
2289,d,307.96,0.060000000000002274,phoneme,0.0,0.0,0.0,0.0,0.0,0.0,0.0,1.0,0.0,0.0,0.0,0.0,1.0,1.0,
2290,@,308.02,0.06999999999999318,phoneme,0.0,0.0,1.0,0.0,0.0,0.0,1.0,0.0,0.0,0.0,0.0,0.0,0.0,1.0,
2291,R,308.09,0.10000000000002274,phoneme,0.0,0.0,0.0,0.0,0.0,0.0,0.0,0.0,0.0,0.0,0.0,1.0,0.0,0.0,
2292,j,308.19,0.12000000000000455,phoneme,0.0,0.0,0.0,0.0,0.0,0.0,0.0,0.0,0.0,0.0,1.0,0.0,0.0,0.0,
2293,e~,308.31,0.12999999999999545,phoneme,0.0,0.0,1.0,0.0,0.0,0.0,1.0,0.0,0.0,1.0,0.0,0.0,0.0,1.0,
2294,k,308.44,0.08999999999997499,phoneme,0.0,0.0,0.0,0.0,0.0,1.0,0.0,1.0,0.0,0.0,0.0,0.0,1.0,0.0,
2295,o,308.53,0.060000000000002274,phoneme,0.0,0.0,1.0,0.0,0.0,0.0,1.0,0.0,0.0,0.0,0.0,0.0,0.0,1.0,
2296,n,308.59,0.10000000000002274,phoneme,0.0,0.0,0.0,0.0,0.0,0.0,0.0,0.0,0.0,1.0,0.0,0.0,0.0,0.0,
2297,a,308.69,0.06999999999999318,phoneme,1.0,0.0,0.0,0.0,0.0,0.0,1.0,0.0,0.0,0.0,0.0,0.0,0.0,1.0,
2298,i,308.76,0.07999999999998408,phoneme,0.0,1.0,0.0,0.0,0.0,0.0,1.0,0.0,0.0,0.0,0.0,0.0,0.0,1.0,
2299,t,308.84,0.1500000000000341,phoneme,0.0,0.0,0.0,0.0,0.0,0.0,0.0,1.0,0.0,0.0,0.0,0.0,1.0,0.0,
2300,R,308.99,0.15999999999996817,phoneme,0.0,0.0,0.0,0.0,0.0,0.0,0.0,0.0,0.0,0.0,0.0,1.0,0.0,0.0,
2301,i,309.45,0.11000000000001364,phoneme,0.0,1.0,0.0,0.0,0.0,0.0,1.0,0.0,0.0,0.0,0.0,0.0,0.0,1.0,
2302,l,309.56,0.029999999999972715,phoneme,0.0,0.0,0.0,0.0,0.0,0.0,0.0,0.0,0.0,0.0,1.0,0.0,0.0,0.0,
2303,z,309.59,0.09000000000003183,phoneme,0.0,0.0,0.0,0.0,0.0,0.0,0.0,0.0,1.0,0.0,0.0,0.0,1.0,1.0,
2304,a,309.68,0.07999999999998408,phoneme,1.0,0.0,0.0,0.0,0.0,0.0,1.0,0.0,0.0,0.0,0.0,0.0,0.0,1.0,
2305,S,309.76,0.13999999999998636,phoneme,0.0,0.0,0.0,0.0,0.0,0.0,0.0,0.0,1.0,0.0,0.0,0.0,1.0,0.0,
2306,E,309.9,0.07000000000005002,phoneme,0.0,0.0,1.0,0.0,0.0,0.0,1.0,0.0,0.0,0.0,0.0,0.0,0.0,1.0,
2307,t,309.97,0.06999999999999318,phoneme,0.0,0.0,0.0,0.0,0.0,0.0,0.0,1.0,0.0,0.0,0.0,0.0,1.0,0.0,
2308,@,310.04,0.049999999999954525,phoneme,0.0,0.0,1.0,0.0,0.0,0.0,1.0,0.0,0.0,0.0,0.0,0.0,0.0,1.0,
2309,d,310.09,0.05000000000001137,phoneme,0.0,0.0,0.0,0.0,0.0,0.0,0.0,1.0,0.0,0.0,0.0,0.0,1.0,1.0,
2310,e,310.14,0.05000000000001137,phoneme,0.0,0.0,1.0,0.0,0.0,0.0,1.0,0.0,0.0,0.0,0.0,0.0,0.0,1.0,
2311,S,310.19,0.14999999999997726,phoneme,0.0,0.0,0.0,0.0,0.0,0.0,0.0,0.0,1.0,0.0,0.0,0.0,1.0,0.0,
2312,o,310.34,0.1500000000000341,phoneme,0.0,0.0,1.0,0.0,0.0,0.0,1.0,0.0,0.0,0.0,0.0,0.0,0.0,1.0,
2313,z,310.49,0.11000000000001364,phoneme,0.0,0.0,0.0,0.0,0.0,0.0,0.0,0.0,1.0,0.0,0.0,0.0,1.0,1.0,
2314,t,310.6,0.0999999999999659,phoneme,0.0,0.0,0.0,0.0,0.0,0.0,0.0,1.0,0.0,0.0,0.0,0.0,1.0,0.0,
2315,u,310.7,0.10000000000002274,phoneme,0.0,1.0,0.0,0.0,0.0,0.0,1.0,0.0,0.0,0.0,0.0,0.0,0.0,1.0,
2316,t,310.8,0.08999999999997499,phoneme,0.0,0.0,0.0,0.0,0.0,0.0,0.0,1.0,0.0,0.0,0.0,0.0,1.0,0.0,
2317,f,310.89,0.10000000000002274,phoneme,0.0,0.0,0.0,0.0,0.0,0.0,0.0,0.0,1.0,0.0,0.0,0.0,1.0,0.0,
2318,E,310.99,0.0999999999999659,phoneme,0.0,0.0,1.0,0.0,0.0,0.0,1.0,0.0,0.0,0.0,0.0,0.0,0.0,1.0,
2319,t,311.09,0.040000000000020464,phoneme,0.0,0.0,0.0,0.0,0.0,0.0,0.0,1.0,0.0,0.0,0.0,0.0,1.0,0.0,
2320,S,311.13,0.12999999999999545,phoneme,0.0,0.0,0.0,0.0,0.0,0.0,0.0,0.0,1.0,0.0,0.0,0.0,1.0,0.0,
2321,e,311.26,0.03000000000002956,phoneme,0.0,0.0,1.0,0.0,0.0,0.0,1.0,0.0,0.0,0.0,0.0,0.0,0.0,1.0,
2322,t,311.29,0.029999999999972715,phoneme,0.0,0.0,0.0,0.0,0.0,0.0,0.0,1.0,0.0,0.0,0.0,0.0,1.0,0.0,
2323,l,311.32,0.040000000000020464,phoneme,0.0,0.0,0.0,0.0,0.0,0.0,0.0,0.0,0.0,0.0,1.0,0.0,0.0,0.0,
2324,e,311.36,0.060000000000002274,phoneme,0.0,0.0,1.0,0.0,0.0,0.0,1.0,0.0,0.0,0.0,0.0,0.0,0.0,1.0,
2325,m,311.42,0.05000000000001137,phoneme,0.0,0.0,0.0,1.0,0.0,0.0,0.0,0.0,0.0,1.0,0.0,0.0,0.0,0.0,
2326,a,311.47,0.05999999999994543,phoneme,1.0,0.0,0.0,0.0,0.0,0.0,1.0,0.0,0.0,0.0,0.0,0.0,0.0,1.0,
2327,R,311.53,0.060000000000002274,phoneme,0.0,0.0,0.0,0.0,0.0,0.0,0.0,0.0,0.0,0.0,0.0,1.0,0.0,0.0,
2328,S,311.59,0.18000000000000682,phoneme,0.0,0.0,0.0,0.0,0.0,0.0,0.0,0.0,1.0,0.0,0.0,0.0,1.0,0.0,
2329,a~,311.77,0.06999999999999318,phoneme,1.0,0.0,0.0,0.0,0.0,0.0,1.0,0.0,0.0,1.0,0.0,0.0,0.0,1.0,
2330,t,311.84,0.07000000000005002,phoneme,0.0,0.0,0.0,0.0,0.0,0.0,0.0,1.0,0.0,0.0,0.0,0.0,1.0,0.0,
2331,m,312.35,0.060000000000002274,phoneme,0.0,0.0,0.0,1.0,0.0,0.0,0.0,0.0,0.0,1.0,0.0,0.0,0.0,0.0,
2332,E,312.41,0.060000000000002274,phoneme,0.0,0.0,1.0,0.0,0.0,0.0,1.0,0.0,0.0,0.0,0.0,0.0,0.0,1.0,
2333,k,312.47,0.07999999999998408,phoneme,0.0,0.0,0.0,0.0,0.0,1.0,0.0,1.0,0.0,0.0,0.0,0.0,1.0,0.0,
2334,O,312.55,0.07999999999998408,phoneme,0.0,0.0,1.0,0.0,0.0,0.0,1.0,0.0,0.0,0.0,0.0,0.0,0.0,1.0,
2335,m,312.63,0.0649890000000255,phoneme,0.0,0.0,0.0,1.0,0.0,0.0,0.0,0.0,0.0,1.0,0.0,0.0,0.0,0.0,
2336,i,312.694989,0.09498800000000074,phoneme,0.0,1.0,0.0,0.0,0.0,0.0,1.0,0.0,0.0,0.0,0.0,0.0,0.0,1.0,
2337,n,312.789977,0.06002300000000105,phoneme,0.0,0.0,0.0,0.0,0.0,0.0,0.0,0.0,0.0,1.0,0.0,0.0,0.0,0.0,
2338,E,312.85,0.049999999999954525,phoneme,0.0,0.0,1.0,0.0,0.0,0.0,1.0,0.0,0.0,0.0,0.0,0.0,0.0,1.0,
2339,k,312.9,0.03000000000002956,phoneme,0.0,0.0,0.0,0.0,0.0,1.0,0.0,1.0,0.0,0.0,0.0,0.0,1.0,0.0,
2340,s,312.93,0.07999999999998408,phoneme,0.0,0.0,0.0,0.0,0.0,0.0,0.0,0.0,1.0,0.0,0.0,0.0,1.0,0.0,
2341,i,313.01,0.11000000000001364,phoneme,0.0,1.0,0.0,0.0,0.0,0.0,1.0,0.0,0.0,0.0,0.0,0.0,0.0,1.0,
2342,s,313.12,0.060000000000002274,phoneme,0.0,0.0,0.0,0.0,0.0,0.0,0.0,0.0,1.0,0.0,0.0,0.0,1.0,0.0,
2343,t,313.18,0.05000000000001137,phoneme,0.0,0.0,0.0,0.0,0.0,0.0,0.0,1.0,0.0,0.0,0.0,0.0,1.0,0.0,
2344,@,313.23,0.06999999999999318,phoneme,0.0,0.0,1.0,0.0,0.0,0.0,1.0,0.0,0.0,0.0,0.0,0.0,0.0,1.0,
2345,p,313.3,0.15999999999996817,phoneme,0.0,0.0,0.0,1.0,0.0,0.0,0.0,1.0,0.0,0.0,0.0,0.0,1.0,0.0,
2346,w,313.46,0.06999999999999318,phoneme,0.0,0.0,0.0,1.0,0.0,1.0,0.0,0.0,0.0,0.0,1.0,0.0,0.0,0.0,
2347,9~,313.53,0.07000000000005002,phoneme,0.0,0.0,1.0,0.0,0.0,0.0,1.0,0.0,0.0,1.0,0.0,0.0,0.0,1.0,
2348,d,313.6,0.03999999999996362,phoneme,0.0,0.0,0.0,0.0,0.0,0.0,0.0,1.0,0.0,0.0,0.0,0.0,1.0,1.0,
2349,@,313.64,0.05000000000001137,phoneme,0.0,0.0,1.0,0.0,0.0,0.0,1.0,0.0,0.0,0.0,0.0,0.0,0.0,1.0,
2350,m,313.69,0.060000000000002274,phoneme,0.0,0.0,0.0,1.0,0.0,0.0,0.0,0.0,0.0,1.0,0.0,0.0,0.0,0.0,
2351,a,313.75,0.040000000000020464,phoneme,1.0,0.0,0.0,0.0,0.0,0.0,1.0,0.0,0.0,0.0,0.0,0.0,0.0,1.0,
2352,R,313.79,0.060000000000002274,phoneme,0.0,0.0,0.0,0.0,0.0,0.0,0.0,0.0,0.0,0.0,0.0,1.0,0.0,0.0,
2353,S,313.85,0.08999999999997499,phoneme,0.0,0.0,0.0,0.0,0.0,0.0,0.0,0.0,1.0,0.0,0.0,0.0,1.0,0.0,
2354,a~,313.94,0.08999999999997499,phoneme,1.0,0.0,0.0,0.0,0.0,0.0,1.0,0.0,0.0,1.0,0.0,0.0,0.0,1.0,
2355,d,314.03,0.08000000000004093,phoneme,0.0,0.0,0.0,0.0,0.0,0.0,0.0,1.0,0.0,0.0,0.0,0.0,1.0,1.0,
2356,a,314.11,0.06999999999999318,phoneme,1.0,0.0,0.0,0.0,0.0,0.0,1.0,0.0,0.0,0.0,0.0,0.0,0.0,1.0,
2357,m,314.18,0.08999999999997499,phoneme,0.0,0.0,0.0,1.0,0.0,0.0,0.0,0.0,0.0,1.0,0.0,0.0,0.0,0.0,
2358,i,314.27,0.18999999999999773,phoneme,0.0,1.0,0.0,0.0,0.0,0.0,1.0,0.0,0.0,0.0,0.0,0.0,0.0,1.0,
2359,l,314.81,0.10000000000002274,phoneme,0.0,0.0,0.0,0.0,0.0,0.0,0.0,0.0,0.0,0.0,1.0,0.0,0.0,0.0,
2360,e,314.91,0.07999999999998408,phoneme,0.0,0.0,1.0,0.0,0.0,0.0,1.0,0.0,0.0,0.0,0.0,0.0,0.0,1.0,
2361,z,314.99,0.12999999999999545,phoneme,0.0,0.0,0.0,0.0,0.0,0.0,0.0,0.0,1.0,0.0,0.0,0.0,1.0,1.0,
2362,O,315.12,0.12000000000000455,phoneme,0.0,0.0,1.0,0.0,0.0,0.0,1.0,0.0,0.0,0.0,0.0,0.0,0.0,1.0,
2363,m,315.24,0.029999999999972715,phoneme,0.0,0.0,0.0,1.0,0.0,0.0,0.0,0.0,0.0,1.0,0.0,0.0,0.0,0.0,
2364,@,315.27,0.11000000000001364,phoneme,0.0,0.0,1.0,0.0,0.0,0.0,1.0,0.0,0.0,0.0,0.0,0.0,0.0,1.0,
2365,o,315.38,0.09000000000003183,phoneme,0.0,0.0,1.0,0.0,0.0,0.0,1.0,0.0,0.0,0.0,0.0,0.0,0.0,1.0,
2366,n,315.47,0.029999999999972715,phoneme,0.0,0.0,0.0,0.0,0.0,0.0,0.0,0.0,0.0,1.0,0.0,0.0,0.0,0.0,
2367,t,315.5,0.060000000000002274,phoneme,0.0,0.0,0.0,0.0,0.0,0.0,0.0,1.0,0.0,0.0,0.0,0.0,1.0,0.0,
2368,p,315.56,0.05000000000001137,phoneme,0.0,0.0,0.0,1.0,0.0,0.0,0.0,1.0,0.0,0.0,0.0,0.0,1.0,0.0,
2369,l,315.61,0.029999999999972715,phoneme,0.0,0.0,0.0,0.0,0.0,0.0,0.0,0.0,0.0,0.0,1.0,0.0,0.0,0.0,
2370,y,315.64,0.03000000000002956,phoneme,0.0,1.0,0.0,0.0,0.0,0.0,1.0,0.0,0.0,0.0,0.0,0.0,0.0,1.0,
2371,d,315.67,0.060000000000002274,phoneme,0.0,0.0,0.0,0.0,0.0,0.0,0.0,1.0,0.0,0.0,0.0,0.0,1.0,1.0,
2372,a,315.73,0.07999999999998408,phoneme,1.0,0.0,0.0,0.0,0.0,0.0,1.0,0.0,0.0,0.0,0.0,0.0,0.0,1.0,
2373,m,315.81,0.060000000000002274,phoneme,0.0,0.0,0.0,1.0,0.0,0.0,0.0,0.0,0.0,1.0,0.0,0.0,0.0,0.0,
2374,i,315.87,0.17000000000001592,phoneme,0.0,1.0,0.0,0.0,0.0,0.0,1.0,0.0,0.0,0.0,0.0,0.0,0.0,1.0,
2375,s,316.77,0.08000000000004093,phoneme,0.0,0.0,0.0,0.0,0.0,0.0,0.0,0.0,1.0,0.0,0.0,0.0,1.0,0.0,
2376,i,316.85,0.06999999999999318,phoneme,0.0,1.0,0.0,0.0,0.0,0.0,1.0,0.0,0.0,0.0,0.0,0.0,0.0,1.0,
2377,t,316.92,0.06999999999999318,phoneme,0.0,0.0,0.0,0.0,0.0,0.0,0.0,1.0,0.0,0.0,0.0,0.0,1.0,0.0,
2378,y,316.99,0.06999999999999318,phoneme,0.0,1.0,0.0,0.0,0.0,0.0,1.0,0.0,0.0,0.0,0.0,0.0,0.0,1.0,
2379,v,317.06,0.11000000000001364,phoneme,0.0,0.0,0.0,0.0,0.0,0.0,0.0,0.0,1.0,0.0,0.0,0.0,1.0,1.0,
2380,2,317.17,0.07999999999998408,phoneme,0.0,0.0,1.0,0.0,0.0,0.0,1.0,0.0,0.0,0.0,0.0,0.0,0.0,1.0,
2381,9~,317.25,0.12000000000000455,phoneme,0.0,0.0,1.0,0.0,0.0,0.0,1.0,0.0,0.0,1.0,0.0,0.0,0.0,1.0,
2382,n,317.37,0.060000000000002274,phoneme,0.0,0.0,0.0,0.0,0.0,0.0,0.0,0.0,0.0,1.0,0.0,0.0,0.0,0.0,
2383,a,317.43,0.06999999999999318,phoneme,1.0,0.0,0.0,0.0,0.0,0.0,1.0,0.0,0.0,0.0,0.0,0.0,0.0,1.0,
2384,m,317.5,0.07999999999998408,phoneme,0.0,0.0,0.0,1.0,0.0,0.0,0.0,0.0,0.0,1.0,0.0,0.0,0.0,0.0,
2385,i,317.58,0.160000000000025,phoneme,0.0,1.0,0.0,0.0,0.0,0.0,1.0,0.0,0.0,0.0,0.0,0.0,0.0,1.0,
2386,a,318.07,0.06999999999999318,phoneme,1.0,0.0,0.0,0.0,0.0,0.0,1.0,0.0,0.0,0.0,0.0,0.0,0.0,1.0,
2387,p,318.14,0.09000000000003183,phoneme,0.0,0.0,0.0,1.0,0.0,0.0,0.0,1.0,0.0,0.0,0.0,0.0,1.0,0.0,
2388,R,318.23,0.049999999999954525,phoneme,0.0,0.0,0.0,0.0,0.0,0.0,0.0,0.0,0.0,0.0,0.0,1.0,0.0,0.0,
2389,i,318.28,0.07000000000005002,phoneme,0.0,1.0,0.0,0.0,0.0,0.0,1.0,0.0,0.0,0.0,0.0,0.0,0.0,1.0,
2390,v,318.35,0.060000000000002274,phoneme,0.0,0.0,0.0,0.0,0.0,0.0,0.0,0.0,1.0,0.0,0.0,0.0,1.0,1.0,
2391,w,318.41,0.06999999999999318,phoneme,0.0,0.0,0.0,1.0,0.0,1.0,0.0,0.0,0.0,0.0,1.0,0.0,0.0,0.0,
2392,a,318.48,0.03999999999996362,phoneme,1.0,0.0,0.0,0.0,0.0,0.0,1.0,0.0,0.0,0.0,0.0,0.0,0.0,1.0,
2393,z,318.52,0.060000000000002274,phoneme,0.0,0.0,0.0,0.0,0.0,0.0,0.0,0.0,1.0,0.0,0.0,0.0,1.0,1.0,
2394,m,318.58,0.05000000000001137,phoneme,0.0,0.0,0.0,1.0,0.0,0.0,0.0,0.0,0.0,1.0,0.0,0.0,0.0,0.0,
2395,w,318.63,0.060000000000002274,phoneme,0.0,0.0,0.0,1.0,0.0,1.0,0.0,0.0,0.0,0.0,1.0,0.0,0.0,0.0,
2396,a,318.69,0.10000000000002274,phoneme,1.0,0.0,0.0,0.0,0.0,0.0,1.0,0.0,0.0,0.0,0.0,0.0,0.0,1.0,
2397,k,319.76,0.07999999999998408,phoneme,0.0,0.0,0.0,0.0,0.0,1.0,0.0,1.0,0.0,0.0,0.0,0.0,1.0,0.0,
2398,@,319.84,0.060000000000002274,phoneme,0.0,0.0,1.0,0.0,0.0,0.0,1.0,0.0,0.0,0.0,0.0,0.0,0.0,1.0,
2399,f,319.9,0.060000000000002274,phoneme,0.0,0.0,0.0,0.0,0.0,0.0,0.0,0.0,1.0,0.0,0.0,0.0,1.0,0.0,
2400,o,319.96,0.10000000000002274,phoneme,0.0,0.0,1.0,0.0,0.0,0.0,1.0,0.0,0.0,0.0,0.0,0.0,0.0,1.0,
2401,i,320.06,0.160000000000025,phoneme,0.0,1.0,0.0,0.0,0.0,0.0,1.0,0.0,0.0,0.0,0.0,0.0,0.0,1.0,
2402,f,320.22,0.14999999999997726,phoneme,0.0,0.0,0.0,0.0,0.0,0.0,0.0,0.0,1.0,0.0,0.0,0.0,1.0,0.0,
2403,E,320.37,0.15999999999996817,phoneme,0.0,0.0,1.0,0.0,0.0,0.0,1.0,0.0,0.0,0.0,0.0,0.0,0.0,1.0,
2404,R,320.53,0.1400000000000432,phoneme,0.0,0.0,0.0,0.0,0.0,0.0,0.0,0.0,0.0,0.0,0.0,1.0,0.0,0.0,
2405,d,321.12,0.06999999999999318,phoneme,0.0,0.0,0.0,0.0,0.0,0.0,0.0,1.0,0.0,0.0,0.0,0.0,1.0,1.0,
2406,i,321.19,0.06999999999999318,phoneme,0.0,1.0,0.0,0.0,0.0,0.0,1.0,0.0,0.0,0.0,0.0,0.0,0.0,1.0,
2407,l,321.26,0.03000000000002956,phoneme,0.0,0.0,0.0,0.0,0.0,0.0,0.0,0.0,0.0,0.0,1.0,0.0,0.0,0.0,
2408,@,321.29,0.08999999999997499,phoneme,0.0,0.0,1.0,0.0,0.0,0.0,1.0,0.0,0.0,0.0,0.0,0.0,0.0,1.0,
2409,p,321.38,0.060000000000002274,phoneme,0.0,0.0,0.0,1.0,0.0,0.0,0.0,1.0,0.0,0.0,0.0,0.0,1.0,0.0,
2410,@,321.44,0.05000000000001137,phoneme,0.0,0.0,1.0,0.0,0.0,0.0,1.0,0.0,0.0,0.0,0.0,0.0,0.0,1.0,
2411,t,321.49,0.06999999999999318,phoneme,0.0,0.0,0.0,0.0,0.0,0.0,0.0,1.0,0.0,0.0,0.0,0.0,1.0,0.0,
2412,i,321.56,0.08999999999997499,phoneme,0.0,1.0,0.0,0.0,0.0,0.0,1.0,0.0,0.0,0.0,0.0,0.0,0.0,1.0,
2413,p,321.65,0.060000000000002274,phoneme,0.0,0.0,0.0,1.0,0.0,0.0,0.0,1.0,0.0,0.0,0.0,0.0,1.0,0.0,
2414,R,321.71,0.060000000000002274,phoneme,0.0,0.0,0.0,0.0,0.0,0.0,0.0,0.0,0.0,0.0,0.0,1.0,0.0,0.0,
2415,e~,321.77,0.18000000000000682,phoneme,0.0,0.0,1.0,0.0,0.0,0.0,1.0,0.0,0.0,1.0,0.0,0.0,0.0,1.0,
2416,s,321.95,0.2599999999999909,phoneme,0.0,0.0,0.0,0.0,0.0,0.0,0.0,0.0,1.0,0.0,0.0,0.0,1.0,0.0,
2417,i,323.07,0.160000000000025,phoneme,0.0,1.0,0.0,0.0,0.0,0.0,1.0,0.0,0.0,0.0,0.0,0.0,0.0,1.0,
2418,f,323.23,0.1099999999999568,phoneme,0.0,0.0,0.0,0.0,0.0,0.0,0.0,0.0,1.0,0.0,0.0,0.0,1.0,0.0,
2419,o,323.34,0.08000000000004093,phoneme,0.0,0.0,1.0,0.0,0.0,0.0,1.0,0.0,0.0,0.0,0.0,0.0,0.0,1.0,
2420,E,323.47,0.0999999999999659,phoneme,0.0,0.0,1.0,0.0,0.0,0.0,1.0,0.0,0.0,0.0,0.0,0.0,0.0,1.0,
2421,t,323.57,0.10000000000002274,phoneme,0.0,0.0,0.0,0.0,0.0,0.0,0.0,1.0,0.0,0.0,0.0,0.0,1.0,0.0,
2422,R,323.67,0.08999999999997499,phoneme,0.0,0.0,0.0,0.0,0.0,0.0,0.0,0.0,0.0,0.0,0.0,1.0,0.0,0.0,
2423,t,323.76,0.18999999999999773,phoneme,0.0,0.0,0.0,0.0,0.0,0.0,0.0,1.0,0.0,0.0,0.0,0.0,1.0,0.0,
2424,R,323.95,0.06999999999999318,phoneme,0.0,0.0,0.0,0.0,0.0,0.0,0.0,0.0,0.0,0.0,0.0,1.0,0.0,0.0,
2425,E,324.02,0.12000000000000455,phoneme,0.0,0.0,1.0,0.0,0.0,0.0,1.0,0.0,0.0,0.0,0.0,0.0,0.0,1.0,
2426,p,324.14,0.06999999999999318,phoneme,0.0,0.0,0.0,1.0,0.0,0.0,0.0,1.0,0.0,0.0,0.0,0.0,1.0,0.0,
2427,a,324.21,0.06999999999999318,phoneme,1.0,0.0,0.0,0.0,0.0,0.0,1.0,0.0,0.0,0.0,0.0,0.0,0.0,1.0,
2428,s,324.28,0.19000000000005457,phoneme,0.0,0.0,0.0,0.0,0.0,0.0,0.0,0.0,1.0,0.0,0.0,0.0,1.0,0.0,
2429,i,324.47,0.029999999999972715,phoneme,0.0,1.0,0.0,0.0,0.0,0.0,1.0,0.0,0.0,0.0,0.0,0.0,0.0,1.0,
2430,a~,324.5,0.07999999999998408,phoneme,1.0,0.0,0.0,0.0,0.0,0.0,1.0,0.0,0.0,1.0,0.0,0.0,0.0,1.0,
2431,R,324.93,0.08999999999997499,phoneme,0.0,0.0,0.0,0.0,0.0,0.0,0.0,0.0,0.0,0.0,0.0,1.0,0.0,0.0,
2432,e,325.02,0.11000000000001364,phoneme,0.0,0.0,1.0,0.0,0.0,0.0,1.0,0.0,0.0,0.0,0.0,0.0,0.0,1.0,
2433,p,325.13,0.040000000000020464,phoneme,0.0,0.0,0.0,1.0,0.0,0.0,0.0,1.0,0.0,0.0,0.0,0.0,1.0,0.0,
2434,o~,325.17,0.08999999999997499,phoneme,0.0,0.0,1.0,0.0,0.0,0.0,1.0,0.0,0.0,1.0,0.0,0.0,0.0,1.0,
2435,d,325.26,0.12000000000000455,phoneme,0.0,0.0,0.0,0.0,0.0,0.0,0.0,1.0,0.0,0.0,0.0,0.0,1.0,1.0,
2436,i,325.38,0.05000000000001137,phoneme,0.0,1.0,0.0,0.0,0.0,0.0,1.0,0.0,0.0,0.0,0.0,0.0,0.0,1.0,
2437,l,325.43,0.029999999999972715,phoneme,0.0,0.0,0.0,0.0,0.0,0.0,0.0,0.0,0.0,0.0,1.0,0.0,0.0,0.0,
2438,@,325.46,0.06999999999999318,phoneme,0.0,0.0,1.0,0.0,0.0,0.0,1.0,0.0,0.0,0.0,0.0,0.0,0.0,1.0,
2439,R,325.53,0.12000000000000455,phoneme,0.0,0.0,0.0,0.0,0.0,0.0,0.0,0.0,0.0,0.0,0.0,1.0,0.0,0.0,
2440,@,325.65,0.03000000000002956,phoneme,0.0,0.0,1.0,0.0,0.0,0.0,1.0,0.0,0.0,0.0,0.0,0.0,0.0,1.0,
2441,n,325.68,0.05000000000001137,phoneme,0.0,0.0,0.0,0.0,0.0,0.0,0.0,0.0,0.0,1.0,0.0,0.0,0.0,0.0,
2442,a,325.73,0.19999999999998863,phoneme,1.0,0.0,0.0,0.0,0.0,0.0,1.0,0.0,0.0,0.0,0.0,0.0,0.0,1.0,
2443,R,325.93,0.15999999999996817,phoneme,0.0,0.0,0.0,0.0,0.0,0.0,0.0,0.0,0.0,0.0,0.0,1.0,0.0,0.0,
2444,t,326.94,0.06999999999999318,phoneme,0.0,0.0,0.0,0.0,0.0,0.0,0.0,1.0,0.0,0.0,0.0,0.0,1.0,0.0,
2445,y,327.01,0.060000000000002274,phoneme,0.0,1.0,0.0,0.0,0.0,0.0,1.0,0.0,0.0,0.0,0.0,0.0,0.0,1.0,
2446,t,327.07,0.060000000000002274,phoneme,0.0,0.0,0.0,0.0,0.0,0.0,0.0,1.0,0.0,0.0,0.0,0.0,1.0,0.0,
2447,a,327.13,0.060000000000002274,phoneme,1.0,0.0,0.0,0.0,0.0,0.0,1.0,0.0,0.0,0.0,0.0,0.0,0.0,1.0,
2448,s,327.19,0.11000000000001364,phoneme,0.0,0.0,0.0,0.0,0.0,0.0,0.0,0.0,1.0,0.0,0.0,0.0,1.0,0.0,
2449,w,327.3,0.029999999999972715,phoneme,0.0,0.0,0.0,1.0,0.0,1.0,0.0,0.0,0.0,0.0,1.0,0.0,0.0,0.0,
2450,a,327.33,0.040000000000020464,phoneme,1.0,0.0,0.0,0.0,0.0,0.0,1.0,0.0,0.0,0.0,0.0,0.0,0.0,1.0,
2451,R,327.37,0.06999999999999318,phoneme,0.0,0.0,0.0,0.0,0.0,0.0,0.0,0.0,0.0,0.0,0.0,1.0,0.0,0.0,
2452,a,327.44,0.10000000000002274,phoneme,1.0,0.0,0.0,0.0,0.0,0.0,1.0,0.0,0.0,0.0,0.0,0.0,0.0,1.0,
2453,d,327.54,0.03999999999996362,phoneme,0.0,0.0,0.0,0.0,0.0,0.0,0.0,1.0,0.0,0.0,0.0,0.0,1.0,1.0,
2454,a,327.58,0.09000000000003183,phoneme,1.0,0.0,0.0,0.0,0.0,0.0,1.0,0.0,0.0,0.0,0.0,0.0,0.0,1.0,
2455,b,327.67,0.05000000000001137,phoneme,0.0,0.0,0.0,1.0,0.0,0.0,0.0,1.0,0.0,0.0,0.0,0.0,1.0,1.0,
2456,O,327.72,0.16999999999995907,phoneme,0.0,0.0,1.0,0.0,0.0,0.0,1.0,0.0,0.0,0.0,0.0,0.0,0.0,1.0,
2457,R,327.89,0.08000000000004093,phoneme,0.0,0.0,0.0,0.0,0.0,0.0,0.0,0.0,0.0,0.0,0.0,1.0,0.0,0.0,
2458,9~,327.97,0.1099999999999568,phoneme,0.0,0.0,1.0,0.0,0.0,0.0,1.0,0.0,0.0,1.0,0.0,0.0,0.0,1.0,
2459,p,328.08,0.06999999999999318,phoneme,0.0,0.0,0.0,1.0,0.0,0.0,0.0,1.0,0.0,0.0,0.0,0.0,1.0,0.0,
2460,2,328.15,0.08000000000004093,phoneme,0.0,0.0,1.0,0.0,0.0,0.0,1.0,0.0,0.0,0.0,0.0,0.0,0.0,1.0,
2461,l,328.23,0.060000000000002274,phoneme,0.0,0.0,0.0,0.0,0.0,0.0,0.0,0.0,0.0,0.0,1.0,0.0,0.0,0.0,
2462,w,328.29,0.08999999999997499,phoneme,0.0,0.0,0.0,1.0,0.0,1.0,0.0,0.0,0.0,0.0,1.0,0.0,0.0,0.0,
2463,e~,328.38,0.040000000000020464,phoneme,0.0,0.0,1.0,0.0,0.0,0.0,1.0,0.0,0.0,1.0,0.0,0.0,0.0,1.0,
2464,d,328.42,0.060000000000002274,phoneme,0.0,0.0,0.0,0.0,0.0,0.0,0.0,1.0,0.0,0.0,0.0,0.0,1.0,1.0,
2465,@,328.48,0.060000000000002274,phoneme,0.0,0.0,1.0,0.0,0.0,0.0,1.0,0.0,0.0,0.0,0.0,0.0,0.0,1.0,
2466,m,328.54,0.08999999999997499,phoneme,0.0,0.0,0.0,1.0,0.0,0.0,0.0,0.0,0.0,1.0,0.0,0.0,0.0,0.0,
2467,w,328.63,0.12999999999999545,phoneme,0.0,0.0,0.0,1.0,0.0,1.0,0.0,0.0,0.0,0.0,1.0,0.0,0.0,0.0,
2468,a,328.76,0.03000000000002956,phoneme,1.0,0.0,0.0,0.0,0.0,0.0,1.0,0.0,0.0,0.0,0.0,0.0,0.0,1.0,
2469,k,329.16,0.06999999999999318,phoneme,0.0,0.0,0.0,0.0,0.0,1.0,0.0,1.0,0.0,0.0,0.0,0.0,1.0,0.0,
2470,O,329.23,0.06999999999999318,phoneme,0.0,0.0,1.0,0.0,0.0,0.0,1.0,0.0,0.0,0.0,0.0,0.0,0.0,1.0,
2471,m,329.3,0.060000000000002274,phoneme,0.0,0.0,0.0,1.0,0.0,0.0,0.0,0.0,0.0,1.0,0.0,0.0,0.0,0.0,
2472,s,329.36,0.16999999999995907,phoneme,0.0,0.0,0.0,0.0,0.0,0.0,0.0,0.0,1.0,0.0,0.0,0.0,1.0,0.0,
2473,a,329.53,0.11000000000001364,phoneme,1.0,0.0,0.0,0.0,0.0,0.0,1.0,0.0,0.0,0.0,0.0,0.0,0.0,1.0,
2474,d,329.97,0.07999999999998408,phoneme,0.0,0.0,0.0,0.0,0.0,0.0,0.0,1.0,0.0,0.0,0.0,0.0,1.0,1.0,
2475,a~,330.05,0.11000000000001364,phoneme,1.0,0.0,0.0,0.0,0.0,0.0,1.0,0.0,0.0,1.0,0.0,0.0,0.0,1.0,
2476,l,330.16,0.08999999999997499,phoneme,0.0,0.0,0.0,0.0,0.0,0.0,0.0,0.0,0.0,0.0,1.0,0.0,0.0,0.0,
2477,E,330.25,0.12999999999999545,phoneme,0.0,0.0,1.0,0.0,0.0,0.0,1.0,0.0,0.0,0.0,0.0,0.0,0.0,1.0,
2478,R,330.38,0.12000000000000455,phoneme,0.0,0.0,0.0,0.0,0.0,0.0,0.0,0.0,0.0,0.0,0.0,1.0,0.0,0.0,
2479,b,330.5,0.08999999999997499,phoneme,0.0,0.0,0.0,1.0,0.0,0.0,0.0,1.0,0.0,0.0,0.0,0.0,1.0,1.0,
2480,Z,331.39,0.12999999999999545,phoneme,0.0,0.0,0.0,0.0,0.0,0.0,0.0,0.0,1.0,0.0,0.0,0.0,1.0,1.0,
2481,@,331.52,0.03000000000002956,phoneme,0.0,0.0,1.0,0.0,0.0,0.0,1.0,0.0,0.0,0.0,0.0,0.0,0.0,1.0,
2482,t,331.55,0.11000000000001364,phoneme,0.0,0.0,0.0,0.0,0.0,0.0,0.0,1.0,0.0,0.0,0.0,0.0,1.0,0.0,
2483,@,331.66,0.060000000000002274,phoneme,0.0,0.0,1.0,0.0,0.0,0.0,1.0,0.0,0.0,0.0,0.0,0.0,0.0,1.0,
2484,R,331.72,0.07999999999998408,phoneme,0.0,0.0,0.0,0.0,0.0,0.0,0.0,0.0,0.0,0.0,0.0,1.0,0.0,0.0,
2485,@,331.8,0.029999999999972715,phoneme,0.0,0.0,1.0,0.0,0.0,0.0,1.0,0.0,0.0,0.0,0.0,0.0,0.0,1.0,
2486,g,331.83,0.10000000000002274,phoneme,0.0,0.0,0.0,0.0,0.0,1.0,0.0,1.0,0.0,0.0,0.0,0.0,1.0,1.0,
2487,a,331.93,0.029999999999972715,phoneme,1.0,0.0,0.0,0.0,0.0,0.0,1.0,0.0,0.0,0.0,0.0,0.0,0.0,1.0,
2488,R,331.96,0.060000000000002274,phoneme,0.0,0.0,0.0,0.0,0.0,0.0,0.0,0.0,0.0,0.0,0.0,1.0,0.0,0.0,
2489,d,332.02,0.060000000000002274,phoneme,0.0,0.0,0.0,0.0,0.0,0.0,0.0,1.0,0.0,0.0,0.0,0.0,1.0,1.0,
2490,@,332.08,0.06999999999999318,phoneme,0.0,0.0,1.0,0.0,0.0,0.0,1.0,0.0,0.0,0.0,0.0,0.0,0.0,1.0,
2491,R,332.15,0.09000000000003183,phoneme,0.0,0.0,0.0,0.0,0.0,0.0,0.0,0.0,0.0,0.0,0.0,1.0,0.0,0.0,
2492,e,332.24,0.060000000000002274,phoneme,0.0,0.0,1.0,0.0,0.0,0.0,1.0,0.0,0.0,0.0,0.0,0.0,0.0,1.0,
2493,d,332.3,0.060000000000002274,phoneme,0.0,0.0,0.0,0.0,0.0,0.0,0.0,1.0,0.0,0.0,0.0,0.0,1.0,1.0,
2494,y,332.36,0.03999999999996362,phoneme,0.0,1.0,0.0,0.0,0.0,0.0,1.0,0.0,0.0,0.0,0.0,0.0,0.0,1.0,
2495,k,332.4,0.12999999999999545,phoneme,0.0,0.0,0.0,0.0,0.0,1.0,0.0,1.0,0.0,0.0,0.0,0.0,1.0,0.0,
2496,w,332.53,0.03000000000002956,phoneme,0.0,0.0,0.0,1.0,0.0,1.0,0.0,0.0,0.0,0.0,1.0,0.0,0.0,0.0,
2497,e~,332.56,0.05000000000001137,phoneme,0.0,0.0,1.0,0.0,0.0,0.0,1.0,0.0,0.0,1.0,0.0,0.0,0.0,1.0,
2498,d,332.61,0.060000000000002274,phoneme,0.0,0.0,0.0,0.0,0.0,0.0,0.0,1.0,0.0,0.0,0.0,0.0,1.0,1.0,
2499,@,332.67,0.03999999999996362,phoneme,0.0,0.0,1.0,0.0,0.0,0.0,1.0,0.0,0.0,0.0,0.0,0.0,0.0,1.0,
2500,l,332.71,0.08000000000004093,phoneme,0.0,0.0,0.0,0.0,0.0,0.0,0.0,0.0,0.0,0.0,1.0,0.0,0.0,0.0,
2501,@,332.79,0.14999999999997726,phoneme,0.0,0.0,1.0,0.0,0.0,0.0,1.0,0.0,0.0,0.0,0.0,0.0,0.0,1.0,
2502,i,332.94,0.07999999999998408,phoneme,0.0,1.0,0.0,0.0,0.0,0.0,1.0,0.0,0.0,0.0,0.0,0.0,0.0,1.0,
2503,j,333.02,0.06999999999999318,phoneme,0.0,0.0,0.0,0.0,0.0,0.0,0.0,0.0,0.0,0.0,1.0,0.0,0.0,0.0,
2504,e,333.09,0.10000000000002274,phoneme,0.0,0.0,1.0,0.0,0.0,0.0,1.0,0.0,0.0,0.0,0.0,0.0,0.0,1.0,
2505,t,333.28,0.22000000000002728,phoneme,0.0,0.0,0.0,0.0,0.0,0.0,0.0,1.0,0.0,0.0,0.0,0.0,1.0,0.0,
2506,n,333.5,0.040000000000020464,phoneme,0.0,0.0,0.0,0.0,0.0,0.0,0.0,0.0,0.0,1.0,0.0,0.0,0.0,0.0,
2507,@,333.54,0.07999999999998408,phoneme,0.0,0.0,1.0,0.0,0.0,0.0,1.0,0.0,0.0,0.0,0.0,0.0,0.0,1.0,
2508,d,333.62,0.05000000000001137,phoneme,0.0,0.0,0.0,0.0,0.0,0.0,0.0,1.0,0.0,0.0,0.0,0.0,1.0,1.0,
2509,i,333.67,0.0999999999999659,phoneme,0.0,1.0,0.0,0.0,0.0,0.0,1.0,0.0,0.0,0.0,0.0,0.0,0.0,1.0,
2510,R,333.77,0.05000000000001137,phoneme,0.0,0.0,0.0,0.0,0.0,0.0,0.0,0.0,0.0,0.0,0.0,1.0,0.0,0.0,
2511,a,333.82,0.10000000000002274,phoneme,1.0,0.0,0.0,0.0,0.0,0.0,1.0,0.0,0.0,0.0,0.0,0.0,0.0,1.0,
2512,R,333.92,0.08999999999997499,phoneme,0.0,0.0,0.0,0.0,0.0,0.0,0.0,0.0,0.0,0.0,0.0,1.0,0.0,0.0,
2513,j,334.01,0.06999999999999318,phoneme,0.0,0.0,0.0,0.0,0.0,0.0,0.0,0.0,0.0,0.0,1.0,0.0,0.0,0.0,
2514,e~,334.08,0.11000000000001364,phoneme,0.0,0.0,1.0,0.0,0.0,0.0,1.0,0.0,0.0,1.0,0.0,0.0,0.0,1.0,
2515,l,334.95,0.07999999999998408,phoneme,0.0,0.0,0.0,0.0,0.0,0.0,0.0,0.0,0.0,0.0,1.0,0.0,0.0,0.0,
2516,@,335.03,0.08000000000004093,phoneme,0.0,0.0,1.0,0.0,0.0,0.0,1.0,0.0,0.0,0.0,0.0,0.0,0.0,1.0,
2517,l,335.11,0.08999999999997499,phoneme,0.0,0.0,0.0,0.0,0.0,0.0,0.0,0.0,0.0,0.0,1.0,0.0,0.0,0.0,
2518,a~,335.2,0.07999999999998408,phoneme,1.0,0.0,0.0,0.0,0.0,0.0,1.0,0.0,0.0,1.0,0.0,0.0,0.0,1.0,
2519,g,335.28,0.08000000000004093,phoneme,0.0,0.0,0.0,0.0,0.0,1.0,0.0,1.0,0.0,0.0,0.0,0.0,1.0,1.0,
2520,a,335.36,0.18000000000000682,phoneme,1.0,0.0,0.0,0.0,0.0,0.0,1.0,0.0,0.0,0.0,0.0,0.0,0.0,1.0,
2521,Z,335.54,0.07999999999998408,phoneme,0.0,0.0,0.0,0.0,0.0,0.0,0.0,0.0,1.0,0.0,0.0,0.0,1.0,1.0,
2522,E,335.62,0.07999999999998408,phoneme,0.0,0.0,1.0,0.0,0.0,0.0,1.0,0.0,0.0,0.0,0.0,0.0,0.0,1.0,
2523,s,335.7,0.11000000000001364,phoneme,0.0,0.0,0.0,0.0,0.0,0.0,0.0,0.0,1.0,0.0,0.0,0.0,1.0,0.0,
2524,u,335.81,0.13999999999998636,phoneme,0.0,1.0,0.0,0.0,0.0,0.0,1.0,0.0,0.0,0.0,0.0,0.0,0.0,1.0,
2525,R,335.95,0.040000000000020464,phoneme,0.0,0.0,0.0,0.0,0.0,0.0,0.0,0.0,0.0,0.0,0.0,1.0,0.0,0.0,
2526,s,335.99,0.08999999999997499,phoneme,0.0,0.0,0.0,0.0,0.0,0.0,0.0,0.0,1.0,0.0,0.0,0.0,1.0,0.0,
2527,d,336.08,0.09000000000003183,phoneme,0.0,0.0,0.0,0.0,0.0,0.0,0.0,1.0,0.0,0.0,0.0,0.0,1.0,1.0,
2528,@,336.17,0.05498899999997775,phoneme,0.0,0.0,1.0,0.0,0.0,0.0,1.0,0.0,0.0,0.0,0.0,0.0,0.0,1.0,
2529,m,336.224989,0.06498800000002802,phoneme,0.0,0.0,0.0,1.0,0.0,0.0,0.0,0.0,0.0,1.0,0.0,0.0,0.0,0.0,
2530,a,336.289977,0.03002299999997149,phoneme,1.0,0.0,0.0,0.0,0.0,0.0,1.0,0.0,0.0,0.0,0.0,0.0,0.0,1.0,
2531,l,336.32,0.060000000000002274,phoneme,0.0,0.0,0.0,0.0,0.0,0.0,0.0,0.0,0.0,0.0,1.0,0.0,0.0,0.0,
2532,a~,336.38,0.09000000000003183,phoneme,1.0,0.0,0.0,0.0,0.0,0.0,1.0,0.0,0.0,1.0,0.0,0.0,0.0,1.0,
2533,t,336.47,0.08999999999997499,phoneme,0.0,0.0,0.0,0.0,0.0,0.0,0.0,1.0,0.0,0.0,0.0,0.0,1.0,0.0,
2534,a~,336.56,0.11000000000001364,phoneme,1.0,0.0,0.0,0.0,0.0,0.0,1.0,0.0,0.0,1.0,0.0,0.0,0.0,1.0,
2535,d,336.67,0.07999999999998408,phoneme,0.0,0.0,0.0,0.0,0.0,0.0,0.0,1.0,0.0,0.0,0.0,0.0,1.0,1.0,
2536,y,336.75,0.18000000000000682,phoneme,0.0,1.0,0.0,0.0,0.0,0.0,1.0,0.0,0.0,0.0,0.0,0.0,0.0,1.0,
2537,m,337.82,0.12999999999999545,phoneme,0.0,0.0,0.0,1.0,0.0,0.0,0.0,0.0,0.0,1.0,0.0,0.0,0.0,0.0,
2538,E,337.95,0.21000000000003638,phoneme,0.0,0.0,1.0,0.0,0.0,0.0,1.0,0.0,0.0,0.0,0.0,0.0,0.0,1.0,
2539,S,338.42,0.16999999999995907,phoneme,0.0,0.0,0.0,0.0,0.0,0.0,0.0,0.0,1.0,0.0,0.0,0.0,1.0,0.0,
2540,a,338.59,0.08000000000004093,phoneme,1.0,0.0,0.0,0.0,0.0,0.0,1.0,0.0,0.0,0.0,0.0,0.0,0.0,1.0,
2541,k,338.67,0.0999999999999659,phoneme,0.0,0.0,0.0,0.0,0.0,1.0,0.0,1.0,0.0,0.0,0.0,0.0,1.0,0.0,
2542,@,338.77,0.08000000000004093,phoneme,0.0,0.0,1.0,0.0,0.0,0.0,1.0,0.0,0.0,0.0,0.0,0.0,0.0,1.0,
2543,Z,338.85,0.12000000000000455,phoneme,0.0,0.0,0.0,0.0,0.0,0.0,0.0,0.0,1.0,0.0,0.0,0.0,1.0,1.0,
2544,u,338.97,0.2699999999999818,phoneme,0.0,1.0,0.0,0.0,0.0,0.0,1.0,0.0,0.0,0.0,0.0,0.0,0.0,1.0,
2545,R,339.24,0.08999999999997499,phoneme,0.0,0.0,0.0,0.0,0.0,0.0,0.0,0.0,0.0,0.0,0.0,1.0,0.0,0.0,
2546,t,339.48,0.060000000000002274,phoneme,0.0,0.0,0.0,0.0,0.0,0.0,0.0,1.0,0.0,0.0,0.0,0.0,1.0,0.0,
2547,y,339.54,0.07999999999998408,phoneme,0.0,1.0,0.0,0.0,0.0,0.0,1.0,0.0,0.0,0.0,0.0,0.0,0.0,1.0,
2548,p,339.62,0.08999999999997499,phoneme,0.0,0.0,0.0,1.0,0.0,0.0,0.0,1.0,0.0,0.0,0.0,0.0,1.0,0.0,
2549,u,339.71,0.060000000000002274,phoneme,0.0,1.0,0.0,0.0,0.0,0.0,1.0,0.0,0.0,0.0,0.0,0.0,0.0,1.0,
2550,R,339.77,0.09000000000003183,phoneme,0.0,0.0,0.0,0.0,0.0,0.0,0.0,0.0,0.0,0.0,0.0,1.0,0.0,0.0,
2551,a,339.86,0.03999999999996362,phoneme,1.0,0.0,0.0,0.0,0.0,0.0,1.0,0.0,0.0,0.0,0.0,0.0,0.0,1.0,
2552,t,339.9,0.08000000000004093,phoneme,0.0,0.0,0.0,0.0,0.0,0.0,0.0,1.0,0.0,0.0,0.0,0.0,1.0,0.0,
2553,a,339.98,0.07999999999998408,phoneme,1.0,0.0,0.0,0.0,0.0,0.0,1.0,0.0,0.0,0.0,0.0,0.0,0.0,1.0,
2554,s,340.06,0.12000000000000455,phoneme,0.0,0.0,0.0,0.0,0.0,0.0,0.0,0.0,1.0,0.0,0.0,0.0,1.0,0.0,
2555,w,340.18,0.060000000000002274,phoneme,0.0,0.0,0.0,1.0,0.0,1.0,0.0,0.0,0.0,0.0,1.0,0.0,0.0,0.0,
2556,a,340.24,0.03999999999996362,phoneme,1.0,0.0,0.0,0.0,0.0,0.0,1.0,0.0,0.0,0.0,0.0,0.0,0.0,1.0,
2557,R,340.28,0.08000000000004093,phoneme,0.0,0.0,0.0,0.0,0.0,0.0,0.0,0.0,0.0,0.0,0.0,1.0,0.0,0.0,
2558,9~,340.53,0.21000000000003638,phoneme,0.0,0.0,1.0,0.0,0.0,0.0,1.0,0.0,0.0,1.0,0.0,0.0,0.0,1.0,
2559,p,340.74,0.12000000000000455,phoneme,0.0,0.0,0.0,1.0,0.0,0.0,0.0,1.0,0.0,0.0,0.0,0.0,1.0,0.0,
2560,2,340.86,0.06999999999999318,phoneme,0.0,0.0,1.0,0.0,0.0,0.0,1.0,0.0,0.0,0.0,0.0,0.0,0.0,1.0,
2561,p,340.93,0.12000000000000455,phoneme,0.0,0.0,0.0,1.0,0.0,0.0,0.0,1.0,0.0,0.0,0.0,0.0,1.0,0.0,
2562,l,341.05,0.029999999999972715,phoneme,0.0,0.0,0.0,0.0,0.0,0.0,0.0,0.0,0.0,0.0,1.0,0.0,0.0,0.0,
2563,y,341.08,0.040000000000020464,phoneme,0.0,1.0,0.0,0.0,0.0,0.0,1.0,0.0,0.0,0.0,0.0,0.0,0.0,1.0,
2564,p,341.12,0.08999999999997499,phoneme,0.0,0.0,0.0,1.0,0.0,0.0,0.0,1.0,0.0,0.0,0.0,0.0,1.0,0.0,
2565,R,341.21,0.11000000000001364,phoneme,0.0,0.0,0.0,0.0,0.0,0.0,0.0,0.0,0.0,0.0,0.0,1.0,0.0,0.0,
2566,E,341.32,0.12999999999999545,phoneme,0.0,0.0,1.0,0.0,0.0,0.0,1.0,0.0,0.0,0.0,0.0,0.0,0.0,1.0,
2567,t,341.45,0.06999999999999318,phoneme,0.0,0.0,0.0,0.0,0.0,0.0,0.0,1.0,0.0,0.0,0.0,0.0,1.0,0.0,
2568,l,342.84,0.10000000000002274,phoneme,0.0,0.0,0.0,0.0,0.0,0.0,0.0,0.0,0.0,0.0,1.0,0.0,0.0,0.0,
2569,@,342.94,0.06999999999999318,phoneme,0.0,0.0,1.0,0.0,0.0,0.0,1.0,0.0,0.0,0.0,0.0,0.0,0.0,1.0,
2570,l,343.01,0.09000000000003183,phoneme,0.0,0.0,0.0,0.0,0.0,0.0,0.0,0.0,0.0,0.0,1.0,0.0,0.0,0.0,
2571,a~,343.1,0.1099999999999568,phoneme,1.0,0.0,0.0,0.0,0.0,0.0,1.0,0.0,0.0,1.0,0.0,0.0,0.0,1.0,
2572,d,343.21,0.060000000000002274,phoneme,0.0,0.0,0.0,0.0,0.0,0.0,0.0,1.0,0.0,0.0,0.0,0.0,1.0,1.0,
2573,@,343.27,0.06999999999999318,phoneme,0.0,0.0,1.0,0.0,0.0,0.0,1.0,0.0,0.0,0.0,0.0,0.0,0.0,1.0,
2574,m,343.34,0.07000000000005002,phoneme,0.0,0.0,0.0,1.0,0.0,0.0,0.0,0.0,0.0,1.0,0.0,0.0,0.0,0.0,
2575,e~,343.41,0.1199999999999477,phoneme,0.0,0.0,1.0,0.0,0.0,0.0,1.0,0.0,0.0,1.0,0.0,0.0,0.0,1.0,
2576,R,343.53,0.10000000000002274,phoneme,0.0,0.0,0.0,0.0,0.0,0.0,0.0,0.0,0.0,0.0,0.0,1.0,0.0,0.0,
2577,@,343.63,0.07999999999998408,phoneme,0.0,0.0,1.0,0.0,0.0,0.0,1.0,0.0,0.0,0.0,0.0,0.0,0.0,1.0,
2578,v,343.71,0.03000000000002956,phoneme,0.0,0.0,0.0,0.0,0.0,0.0,0.0,0.0,1.0,0.0,0.0,0.0,1.0,1.0,
2579,9~,343.74,0.11000000000001364,phoneme,0.0,0.0,1.0,0.0,0.0,0.0,1.0,0.0,0.0,1.0,0.0,0.0,0.0,1.0,
2580,l,343.85,0.049999999999954525,phoneme,0.0,0.0,0.0,0.0,0.0,0.0,0.0,0.0,0.0,0.0,1.0,0.0,0.0,0.0,
2581,@,343.9,0.09000000000003183,phoneme,0.0,0.0,1.0,0.0,0.0,0.0,1.0,0.0,0.0,0.0,0.0,0.0,0.0,1.0,
2582,p,343.99,0.05000000000001137,phoneme,0.0,0.0,0.0,1.0,0.0,0.0,0.0,1.0,0.0,0.0,0.0,0.0,1.0,0.0,
2583,@,344.04,0.049999999999954525,phoneme,0.0,0.0,1.0,0.0,0.0,0.0,1.0,0.0,0.0,0.0,0.0,0.0,0.0,1.0,
2584,t,344.09,0.12000000000000455,phoneme,0.0,0.0,0.0,0.0,0.0,0.0,0.0,1.0,0.0,0.0,0.0,0.0,1.0,0.0,
2585,i,344.21,0.06999999999999318,phoneme,0.0,1.0,0.0,0.0,0.0,0.0,1.0,0.0,0.0,0.0,0.0,0.0,0.0,1.0,
2586,p,344.28,0.05000000000001137,phoneme,0.0,0.0,0.0,1.0,0.0,0.0,0.0,1.0,0.0,0.0,0.0,0.0,1.0,0.0,
2587,R,344.33,0.060000000000002274,phoneme,0.0,0.0,0.0,0.0,0.0,0.0,0.0,0.0,0.0,0.0,0.0,1.0,0.0,0.0,
2588,e~,344.39,0.18999999999999773,phoneme,0.0,0.0,1.0,0.0,0.0,0.0,1.0,0.0,0.0,1.0,0.0,0.0,0.0,1.0,
2589,s,344.58,0.27000000000003865,phoneme,0.0,0.0,0.0,0.0,0.0,0.0,0.0,0.0,1.0,0.0,0.0,0.0,1.0,0.0,
2590,i,345.83,0.160000000000025,phoneme,0.0,1.0,0.0,0.0,0.0,0.0,1.0,0.0,0.0,0.0,0.0,0.0,0.0,1.0,
2591,y,345.99,0.05000000000001137,phoneme,0.0,1.0,0.0,0.0,0.0,0.0,1.0,0.0,0.0,0.0,0.0,0.0,0.0,1.0,
2592,m,346.04,0.0999999999999659,phoneme,0.0,0.0,0.0,1.0,0.0,0.0,0.0,0.0,0.0,1.0,0.0,0.0,0.0,0.0,
2593,j,346.14,0.12999999999999545,phoneme,0.0,0.0,0.0,0.0,0.0,0.0,0.0,0.0,0.0,0.0,1.0,0.0,0.0,0.0,
2594,2,346.27,0.06999999999999318,phoneme,0.0,0.0,1.0,0.0,0.0,0.0,1.0,0.0,0.0,0.0,0.0,0.0,0.0,1.0,
2595,v,346.34,0.03000000000002956,phoneme,0.0,0.0,0.0,0.0,0.0,0.0,0.0,0.0,1.0,0.0,0.0,0.0,1.0,1.0,
2596,a,346.37,0.11000000000001364,phoneme,1.0,0.0,0.0,0.0,0.0,0.0,1.0,0.0,0.0,0.0,0.0,0.0,0.0,1.0,
2597,l,346.48,0.060000000000002274,phoneme,0.0,0.0,0.0,0.0,0.0,0.0,0.0,0.0,0.0,0.0,1.0,0.0,0.0,0.0,
2598,y,346.54,0.1099999999999568,phoneme,0.0,1.0,0.0,0.0,0.0,0.0,1.0,0.0,0.0,0.0,0.0,0.0,0.0,1.0,
2599,R,346.65,0.07000000000005002,phoneme,0.0,0.0,0.0,0.0,0.0,0.0,0.0,0.0,0.0,0.0,0.0,1.0,0.0,0.0,
2600,@,346.72,0.06999999999999318,phoneme,0.0,0.0,1.0,0.0,0.0,0.0,1.0,0.0,0.0,0.0,0.0,0.0,0.0,1.0,
2601,v,346.79,0.049999999999954525,phoneme,0.0,0.0,0.0,0.0,0.0,0.0,0.0,0.0,1.0,0.0,0.0,0.0,1.0,1.0,
2602,@,346.84,0.060000000000002274,phoneme,0.0,0.0,1.0,0.0,0.0,0.0,1.0,0.0,0.0,0.0,0.0,0.0,0.0,1.0,
2603,n,346.9,0.10000000000002274,phoneme,0.0,0.0,0.0,0.0,0.0,0.0,0.0,0.0,0.0,1.0,0.0,0.0,0.0,0.0,
2604,i,347.0,0.06999999999999318,phoneme,0.0,1.0,0.0,0.0,0.0,0.0,1.0,0.0,0.0,0.0,0.0,0.0,0.0,1.0,
2605,R,347.07,0.09000000000003183,phoneme,0.0,0.0,0.0,0.0,0.0,0.0,0.0,0.0,0.0,0.0,0.0,1.0,0.0,0.0,
2606,a,347.16,0.03999999999996362,phoneme,1.0,0.0,0.0,0.0,0.0,0.0,1.0,0.0,0.0,0.0,0.0,0.0,0.0,1.0,
2607,l,347.2,0.03000000000002956,phoneme,0.0,0.0,0.0,0.0,0.0,0.0,0.0,0.0,0.0,0.0,1.0,0.0,0.0,0.0,
2608,a,347.23,0.06999999999999318,phoneme,1.0,0.0,0.0,0.0,0.0,0.0,1.0,0.0,0.0,0.0,0.0,0.0,0.0,1.0,
2609,m,347.3,0.060000000000002274,phoneme,0.0,0.0,0.0,1.0,0.0,0.0,0.0,0.0,0.0,1.0,0.0,0.0,0.0,0.0,
2610,E,347.36,0.07999999999998408,phoneme,0.0,0.0,1.0,0.0,0.0,0.0,1.0,0.0,0.0,0.0,0.0,0.0,0.0,1.0,
2611,m,347.44,0.060000000000002274,phoneme,0.0,0.0,0.0,1.0,0.0,0.0,0.0,0.0,0.0,1.0,0.0,0.0,0.0,0.0,
2612,@,347.5,0.12999999999999545,phoneme,0.0,0.0,1.0,0.0,0.0,0.0,1.0,0.0,0.0,0.0,0.0,0.0,0.0,1.0,
2613,9,347.63,0.040000000000020464,phoneme,0.0,0.0,1.0,0.0,0.0,0.0,1.0,0.0,0.0,0.0,0.0,0.0,0.0,1.0,
2614,R,347.67,0.15999999999996817,phoneme,0.0,0.0,0.0,0.0,0.0,0.0,0.0,0.0,0.0,0.0,0.0,1.0,0.0,0.0,
2615,d,348.24,0.12999999999999545,phoneme,0.0,0.0,0.0,0.0,0.0,0.0,0.0,1.0,0.0,0.0,0.0,0.0,1.0,1.0,
2616,i,348.37,0.040000000000020464,phoneme,0.0,1.0,0.0,0.0,0.0,0.0,1.0,0.0,0.0,0.0,0.0,0.0,0.0,1.0,
2617,l,348.41,0.060000000000002274,phoneme,0.0,0.0,0.0,0.0,0.0,0.0,0.0,0.0,0.0,0.0,1.0,0.0,0.0,0.0,
2618,@,348.47,0.049999999999954525,phoneme,0.0,0.0,1.0,0.0,0.0,0.0,1.0,0.0,0.0,0.0,0.0,0.0,0.0,1.0,
2619,R,348.52,0.06999999999999318,phoneme,0.0,0.0,0.0,0.0,0.0,0.0,0.0,0.0,0.0,0.0,0.0,1.0,0.0,0.0,
2620,@,348.59,0.05000000000001137,phoneme,0.0,0.0,1.0,0.0,0.0,0.0,1.0,0.0,0.0,0.0,0.0,0.0,0.0,1.0,
2621,n,348.64,0.08000000000004093,phoneme,0.0,0.0,0.0,0.0,0.0,0.0,0.0,0.0,0.0,1.0,0.0,0.0,0.0,0.0,
2622,a,348.72,0.15999999999996817,phoneme,1.0,0.0,0.0,0.0,0.0,0.0,1.0,0.0,0.0,0.0,0.0,0.0,0.0,1.0,
2623,R,348.88,0.17000000000001592,phoneme,0.0,0.0,0.0,0.0,0.0,0.0,0.0,0.0,0.0,0.0,0.0,1.0,0.0,0.0,
2624,s,349.67,0.14999999999997726,phoneme,0.0,0.0,0.0,0.0,0.0,0.0,0.0,0.0,1.0,0.0,0.0,0.0,1.0,0.0,
2625,i,349.82,0.07999999999998408,phoneme,0.0,1.0,0.0,0.0,0.0,0.0,1.0,0.0,0.0,0.0,0.0,0.0,0.0,1.0,
2626,t,349.9,0.10000000000002274,phoneme,0.0,0.0,0.0,0.0,0.0,0.0,0.0,1.0,0.0,0.0,0.0,0.0,1.0,0.0,
2627,y,350.0,0.07999999999998408,phoneme,0.0,1.0,0.0,0.0,0.0,0.0,1.0,0.0,0.0,0.0,0.0,0.0,0.0,1.0,
2628,v,350.08,0.03000000000002956,phoneme,0.0,0.0,0.0,0.0,0.0,0.0,0.0,0.0,1.0,0.0,0.0,0.0,1.0,1.0,
2629,j,350.11,0.13999999999998636,phoneme,0.0,0.0,0.0,0.0,0.0,0.0,0.0,0.0,0.0,0.0,1.0,0.0,0.0,0.0,
2630,e~,350.25,0.13999999999998636,phoneme,0.0,0.0,1.0,0.0,0.0,0.0,1.0,0.0,0.0,1.0,0.0,0.0,0.0,1.0,
2631,p,350.39,0.09000000000003183,phoneme,0.0,0.0,0.0,1.0,0.0,0.0,0.0,1.0,0.0,0.0,0.0,0.0,1.0,0.0,
2632,a,350.48,0.029999999999972715,phoneme,1.0,0.0,0.0,0.0,0.0,0.0,1.0,0.0,0.0,0.0,0.0,0.0,0.0,1.0,
2633,R,350.51,0.07999999999998408,phoneme,0.0,0.0,0.0,0.0,0.0,0.0,0.0,0.0,0.0,0.0,0.0,1.0,0.0,0.0,
2634,E,350.59,0.07000000000005002,phoneme,0.0,0.0,1.0,0.0,0.0,0.0,1.0,0.0,0.0,0.0,0.0,0.0,0.0,1.0,
2635,g,350.66,0.03999999999996362,phoneme,0.0,0.0,0.0,0.0,0.0,1.0,0.0,1.0,0.0,0.0,0.0,0.0,1.0,1.0,
2636,z,350.7,0.12000000000000455,phoneme,0.0,0.0,0.0,0.0,0.0,0.0,0.0,0.0,1.0,0.0,0.0,0.0,1.0,1.0,
2637,a~,350.82,0.17000000000001592,phoneme,1.0,0.0,0.0,0.0,0.0,0.0,1.0,0.0,0.0,1.0,0.0,0.0,0.0,1.0,
2638,p,350.99,0.11000000000001364,phoneme,0.0,0.0,0.0,1.0,0.0,0.0,0.0,1.0,0.0,0.0,0.0,0.0,1.0,0.0,
2639,l,351.1,0.06999999999999318,phoneme,0.0,0.0,0.0,0.0,0.0,0.0,0.0,0.0,0.0,0.0,1.0,0.0,0.0,0.0,
2640,a,351.28,0.07000000000005002,phoneme,1.0,0.0,0.0,0.0,0.0,0.0,1.0,0.0,0.0,0.0,0.0,0.0,0.0,1.0,
2641,k,351.35,0.12000000000000455,phoneme,0.0,0.0,0.0,0.0,0.0,1.0,0.0,1.0,0.0,0.0,0.0,0.0,1.0,0.0,
2642,a,351.47,0.05999999999994543,phoneme,1.0,0.0,0.0,0.0,0.0,0.0,1.0,0.0,0.0,0.0,0.0,0.0,0.0,1.0,
2643,t,351.53,0.08000000000004093,phoneme,0.0,0.0,0.0,0.0,0.0,0.0,0.0,1.0,0.0,0.0,0.0,0.0,1.0,0.0,
2644,R,351.61,0.07999999999998408,phoneme,0.0,0.0,0.0,0.0,0.0,0.0,0.0,0.0,0.0,0.0,0.0,1.0,0.0,0.0,
2645,9,351.69,0.11000000000001364,phoneme,0.0,0.0,1.0,0.0,0.0,0.0,1.0,0.0,0.0,0.0,0.0,0.0,0.0,1.0,
2646,R,351.8,0.029999999999972715,phoneme,0.0,0.0,0.0,0.0,0.0,0.0,0.0,0.0,0.0,0.0,0.0,1.0,0.0,0.0,
2647,d,351.83,0.03000000000002956,phoneme,0.0,0.0,0.0,0.0,0.0,0.0,0.0,1.0,0.0,0.0,0.0,0.0,1.0,1.0,
2648,@,351.86,0.06999999999999318,phoneme,0.0,0.0,1.0,0.0,0.0,0.0,1.0,0.0,0.0,0.0,0.0,0.0,0.0,1.0,
2649,l,351.93,0.060000000000002274,phoneme,0.0,0.0,0.0,0.0,0.0,0.0,0.0,0.0,0.0,0.0,1.0,0.0,0.0,0.0,
2650,a,351.99,0.03999999999996362,phoneme,1.0,0.0,0.0,0.0,0.0,0.0,1.0,0.0,0.0,0.0,0.0,0.0,0.0,1.0,
2651,p,352.03,0.05000000000001137,phoneme,0.0,0.0,0.0,1.0,0.0,0.0,0.0,1.0,0.0,0.0,0.0,0.0,1.0,0.0,
2652,R,352.08,0.060000000000002274,phoneme,0.0,0.0,0.0,0.0,0.0,0.0,0.0,0.0,0.0,0.0,0.0,1.0,0.0,0.0,
2653,E,352.14,0.08000000000004093,phoneme,0.0,0.0,1.0,0.0,0.0,0.0,1.0,0.0,0.0,0.0,0.0,0.0,0.0,1.0,
2654,m,352.22,0.05999999999994543,phoneme,0.0,0.0,0.0,1.0,0.0,0.0,0.0,0.0,0.0,1.0,0.0,0.0,0.0,0.0,
2655,i,352.28,0.08000000000004093,phoneme,0.0,1.0,0.0,0.0,0.0,0.0,1.0,0.0,0.0,0.0,0.0,0.0,0.0,1.0,
2656,d,352.36,0.060000000000002274,phoneme,0.0,0.0,0.0,0.0,0.0,0.0,0.0,1.0,0.0,0.0,0.0,0.0,1.0,1.0,
2657,i,352.42,0.21999999999997044,phoneme,0.0,1.0,0.0,0.0,0.0,0.0,1.0,0.0,0.0,0.0,0.0,0.0,0.0,1.0,
2658,d,353.06,0.06999999999999318,phoneme,0.0,0.0,0.0,0.0,0.0,0.0,0.0,1.0,0.0,0.0,0.0,0.0,1.0,1.0,
2659,E,353.13,0.12999999999999545,phoneme,0.0,0.0,1.0,0.0,0.0,0.0,1.0,0.0,0.0,0.0,0.0,0.0,0.0,1.0,
2660,t,353.26,0.10000000000002274,phoneme,0.0,0.0,0.0,0.0,0.0,0.0,0.0,1.0,0.0,0.0,0.0,0.0,1.0,0.0,
2661,R,353.36,0.07999999999998408,phoneme,0.0,0.0,0.0,0.0,0.0,0.0,0.0,0.0,0.0,0.0,0.0,1.0,0.0,0.0,
2662,w,353.44,0.08999999999997499,phoneme,0.0,0.0,0.0,1.0,0.0,1.0,0.0,0.0,0.0,0.0,1.0,0.0,0.0,0.0,
2663,a,353.53,0.09000000000003183,phoneme,1.0,0.0,0.0,0.0,0.0,0.0,1.0,0.0,0.0,0.0,0.0,0.0,0.0,1.0,
2664,9,353.69,0.2300000000000182,phoneme,0.0,0.0,1.0,0.0,0.0,0.0,1.0,0.0,0.0,0.0,0.0,0.0,0.0,1.0,
2665,R,353.92,0.05000000000001137,phoneme,0.0,0.0,0.0,0.0,0.0,0.0,0.0,0.0,0.0,0.0,0.0,1.0,0.0,0.0,
2666,Z,353.97,0.1099999999999568,phoneme,0.0,0.0,0.0,0.0,0.0,0.0,0.0,0.0,1.0,0.0,0.0,0.0,1.0,1.0,
2667,k,354.08,0.160000000000025,phoneme,0.0,0.0,0.0,0.0,0.0,1.0,0.0,1.0,0.0,0.0,0.0,0.0,1.0,0.0,
2668,o,354.24,0.07999999999998408,phoneme,0.0,0.0,1.0,0.0,0.0,0.0,1.0,0.0,0.0,0.0,0.0,0.0,0.0,1.0,
2669,m,354.32,0.03000000000002956,phoneme,0.0,0.0,0.0,1.0,0.0,0.0,0.0,0.0,0.0,1.0,0.0,0.0,0.0,0.0,
2670,a~,354.35,0.0999999999999659,phoneme,1.0,0.0,0.0,0.0,0.0,0.0,1.0,0.0,0.0,1.0,0.0,0.0,0.0,1.0,
2671,s,354.45,0.1500000000000341,phoneme,0.0,0.0,0.0,0.0,0.0,0.0,0.0,0.0,1.0,0.0,0.0,0.0,1.0,0.0,
2672,@,354.6,0.03999999999996362,phoneme,0.0,0.0,1.0,0.0,0.0,0.0,1.0,0.0,0.0,0.0,0.0,0.0,0.0,1.0,
2673,R,354.64,0.09000000000003183,phoneme,0.0,0.0,0.0,0.0,0.0,0.0,0.0,0.0,0.0,0.0,0.0,1.0,0.0,0.0,
2674,e,354.73,0.1099999999999568,phoneme,0.0,0.0,1.0,0.0,0.0,0.0,1.0,0.0,0.0,0.0,0.0,0.0,0.0,1.0,
2675,t,354.84,0.05000000000001137,phoneme,0.0,0.0,0.0,0.0,0.0,0.0,0.0,1.0,0.0,0.0,0.0,0.0,1.0,0.0,
2676,d,354.89,0.03000000000002956,phoneme,0.0,0.0,0.0,0.0,0.0,0.0,0.0,1.0,0.0,0.0,0.0,0.0,1.0,1.0,
2677,E,354.92,0.06999999999999318,phoneme,0.0,0.0,1.0,0.0,0.0,0.0,1.0,0.0,0.0,0.0,0.0,0.0,0.0,1.0,
2678,t,354.99,0.18999999999999773,phoneme,0.0,0.0,0.0,0.0,0.0,0.0,0.0,1.0,0.0,0.0,0.0,0.0,1.0,0.0,
2679,2,355.18,0.060000000000002274,phoneme,0.0,0.0,1.0,0.0,0.0,0.0,1.0,0.0,0.0,0.0,0.0,0.0,0.0,1.0,
2680,R,355.24,0.060000000000002274,phoneme,0.0,0.0,0.0,0.0,0.0,0.0,0.0,0.0,0.0,0.0,0.0,1.0,0.0,0.0,
2681,2,355.3,0.11000000000001364,phoneme,0.0,0.0,1.0,0.0,0.0,0.0,1.0,0.0,0.0,0.0,0.0,0.0,0.0,1.0,
2682,p,356.45,0.11000000000001364,phoneme,0.0,0.0,0.0,1.0,0.0,0.0,0.0,1.0,0.0,0.0,0.0,0.0,1.0,0.0,
2683,l,356.56,0.06999999999999318,phoneme,0.0,0.0,0.0,0.0,0.0,0.0,0.0,0.0,0.0,0.0,1.0,0.0,0.0,0.0,
2684,y,356.63,0.13999999999998636,phoneme,0.0,1.0,0.0,0.0,0.0,0.0,1.0,0.0,0.0,0.0,0.0,0.0,0.0,1.0,
2685,l,356.77,0.03000000000002956,phoneme,0.0,0.0,0.0,0.0,0.0,0.0,0.0,0.0,0.0,0.0,1.0,0.0,0.0,0.0,
2686,9,356.8,0.14999999999997726,phoneme,0.0,0.0,1.0,0.0,0.0,0.0,1.0,0.0,0.0,0.0,0.0,0.0,0.0,1.0,
2687,R,356.95,0.11000000000001364,phoneme,0.0,0.0,0.0,0.0,0.0,0.0,0.0,0.0,0.0,0.0,0.0,1.0,0.0,0.0,
2688,a,357.06,0.06999999999999318,phoneme,1.0,0.0,0.0,0.0,0.0,0.0,1.0,0.0,0.0,0.0,0.0,0.0,0.0,1.0,
2689,v,357.13,0.060000000000002274,phoneme,0.0,0.0,0.0,0.0,0.0,0.0,0.0,0.0,1.0,0.0,0.0,0.0,1.0,1.0,
2690,a~,357.19,0.10000000000002274,phoneme,1.0,0.0,0.0,0.0,0.0,0.0,1.0,0.0,0.0,1.0,0.0,0.0,0.0,1.0,
2691,s,357.29,0.14999999999997726,phoneme,0.0,0.0,0.0,0.0,0.0,0.0,0.0,0.0,1.0,0.0,0.0,0.0,1.0,0.0,
2692,@,357.44,0.040000000000020464,phoneme,0.0,0.0,1.0,0.0,0.0,0.0,1.0,0.0,0.0,0.0,0.0,0.0,0.0,1.0,
2693,R,357.48,0.1099999999999568,phoneme,0.0,0.0,0.0,0.0,0.0,0.0,0.0,0.0,0.0,0.0,0.0,1.0,0.0,0.0,
2694,a,357.59,0.040000000000020464,phoneme,1.0,0.0,0.0,0.0,0.0,0.0,1.0,0.0,0.0,0.0,0.0,0.0,0.0,1.0,
2695,p,357.94,0.12999999999999545,phoneme,0.0,0.0,0.0,1.0,0.0,0.0,0.0,1.0,0.0,0.0,0.0,0.0,1.0,0.0,
2696,l,358.07,0.05000000000001137,phoneme,0.0,0.0,0.0,0.0,0.0,0.0,0.0,0.0,0.0,0.0,1.0,0.0,0.0,0.0,
2697,y,358.12,0.12999999999999545,phoneme,0.0,1.0,0.0,0.0,0.0,0.0,1.0,0.0,0.0,0.0,0.0,0.0,0.0,1.0,
2698,Z,358.25,0.10000000000002274,phoneme,0.0,0.0,0.0,0.0,0.0,0.0,0.0,0.0,1.0,0.0,0.0,0.0,1.0,1.0,
2699,@,358.35,0.060000000000002274,phoneme,0.0,0.0,1.0,0.0,0.0,0.0,1.0,0.0,0.0,0.0,0.0,0.0,0.0,1.0,
2700,m,358.41,0.049999999999954525,phoneme,0.0,0.0,0.0,1.0,0.0,0.0,0.0,0.0,0.0,1.0,0.0,0.0,0.0,0.0,
2701,@,358.46,0.08000000000004093,phoneme,0.0,0.0,1.0,0.0,0.0,0.0,1.0,0.0,0.0,0.0,0.0,0.0,0.0,1.0,
2702,s,358.54,0.13999999999998636,phoneme,0.0,0.0,0.0,0.0,0.0,0.0,0.0,0.0,1.0,0.0,0.0,0.0,1.0,0.0,
2703,a~,358.68,0.11000000000001364,phoneme,1.0,0.0,0.0,0.0,0.0,0.0,1.0,0.0,0.0,1.0,0.0,0.0,0.0,1.0,
2704,t,358.79,0.12999999999999545,phoneme,0.0,0.0,0.0,0.0,0.0,0.0,0.0,1.0,0.0,0.0,0.0,0.0,1.0,0.0,
2705,i,358.92,0.060000000000002274,phoneme,0.0,1.0,0.0,0.0,0.0,0.0,1.0,0.0,0.0,0.0,0.0,0.0,0.0,1.0,
2706,R,358.98,0.06999999999999318,phoneme,0.0,0.0,0.0,0.0,0.0,0.0,0.0,0.0,0.0,0.0,0.0,1.0,0.0,0.0,
2707,e,359.05,0.09498899999999821,phoneme,0.0,0.0,1.0,0.0,0.0,0.0,1.0,0.0,0.0,0.0,0.0,0.0,0.0,1.0,
2708,2,359.144989,0.12498799999997345,phoneme,0.0,0.0,1.0,0.0,0.0,0.0,1.0,0.0,0.0,0.0,0.0,0.0,0.0,1.0,
2709,R,359.269977,0.13002299999999423,phoneme,0.0,0.0,0.0,0.0,0.0,0.0,0.0,0.0,0.0,0.0,0.0,1.0,0.0,0.0,
2710,2,359.4,0.12999999999999545,phoneme,0.0,0.0,1.0,0.0,0.0,0.0,1.0,0.0,0.0,0.0,0.0,0.0,0.0,1.0,
2711,a,360.53,0.1400000000000432,phoneme,1.0,0.0,0.0,0.0,0.0,0.0,1.0,0.0,0.0,0.0,0.0,0.0,0.0,1.0,
2712,k,360.67,0.0999999999999659,phoneme,0.0,0.0,0.0,0.0,0.0,1.0,0.0,1.0,0.0,0.0,0.0,0.0,1.0,0.0,
2713,a,360.77,0.060000000000002274,phoneme,1.0,0.0,0.0,0.0,0.0,0.0,1.0,0.0,0.0,0.0,0.0,0.0,0.0,1.0,
2714,t,360.83,0.09000000000003183,phoneme,0.0,0.0,0.0,0.0,0.0,0.0,0.0,1.0,0.0,0.0,0.0,0.0,1.0,0.0,
2715,R,360.92,0.05000000000001137,phoneme,0.0,0.0,0.0,0.0,0.0,0.0,0.0,0.0,0.0,0.0,0.0,1.0,0.0,0.0,
2716,9,360.97,0.22999999999996135,phoneme,0.0,0.0,1.0,0.0,0.0,0.0,1.0,0.0,0.0,0.0,0.0,0.0,0.0,1.0,
2717,R,361.2,0.03000000000002956,phoneme,0.0,0.0,0.0,0.0,0.0,0.0,0.0,0.0,0.0,0.0,0.0,1.0,0.0,0.0,
2718,d,361.23,0.060000000000002274,phoneme,0.0,0.0,0.0,0.0,0.0,0.0,0.0,1.0,0.0,0.0,0.0,0.0,1.0,1.0,
2719,e,361.29,0.07999999999998408,phoneme,0.0,0.0,1.0,0.0,0.0,0.0,1.0,0.0,0.0,0.0,0.0,0.0,0.0,1.0,
2720,Z,361.37,0.07999999999998408,phoneme,0.0,0.0,0.0,0.0,0.0,0.0,0.0,0.0,1.0,0.0,0.0,0.0,1.0,1.0,
2721,a,361.45,0.18000000000000682,phoneme,1.0,0.0,0.0,0.0,0.0,0.0,1.0,0.0,0.0,0.0,0.0,0.0,0.0,1.0,
2722,Z,361.92,0.1549890000000005,phoneme,0.0,0.0,0.0,0.0,0.0,0.0,0.0,0.0,1.0,0.0,0.0,0.0,1.0,1.0,
2723,m,362.074989,0.12498799999997345,phoneme,0.0,0.0,0.0,1.0,0.0,0.0,0.0,0.0,0.0,1.0,0.0,0.0,0.0,0.0,
2724,a,362.199977,0.07002299999999195,phoneme,1.0,0.0,0.0,0.0,0.0,0.0,1.0,0.0,0.0,0.0,0.0,0.0,0.0,1.0,
2725,Z,362.27,0.08000000000004093,phoneme,0.0,0.0,0.0,0.0,0.0,0.0,0.0,0.0,1.0,0.0,0.0,0.0,1.0,1.0,
2726,i,362.35,0.08999999999997499,phoneme,0.0,1.0,0.0,0.0,0.0,0.0,1.0,0.0,0.0,0.0,0.0,0.0,0.0,1.0,
2727,t,362.44,0.06999999999999318,phoneme,0.0,0.0,0.0,0.0,0.0,0.0,0.0,1.0,0.0,0.0,0.0,0.0,1.0,0.0,
2728,@,362.51,0.060000000000002274,phoneme,0.0,0.0,1.0,0.0,0.0,0.0,1.0,0.0,0.0,0.0,0.0,0.0,0.0,1.0,
2729,R,362.57,0.10000000000002274,phoneme,0.0,0.0,0.0,0.0,0.0,0.0,0.0,0.0,0.0,0.0,0.0,1.0,0.0,0.0,
2730,e,362.67,0.029999999999972715,phoneme,0.0,0.0,1.0,0.0,0.0,0.0,1.0,0.0,0.0,0.0,0.0,0.0,0.0,1.0,
2731,e,362.7,0.18999999999999773,phoneme,0.0,0.0,1.0,0.0,0.0,0.0,1.0,0.0,0.0,0.0,0.0,0.0,0.0,1.0,
2732,t,362.89,0.060000000000002274,phoneme,0.0,0.0,0.0,0.0,0.0,0.0,0.0,1.0,0.0,0.0,0.0,0.0,1.0,0.0,
2733,m,362.95,0.040000000000020464,phoneme,0.0,0.0,0.0,1.0,0.0,0.0,0.0,0.0,0.0,1.0,0.0,0.0,0.0,0.0,
2734,e~,362.99,0.0999999999999659,phoneme,0.0,0.0,1.0,0.0,0.0,0.0,1.0,0.0,0.0,1.0,0.0,0.0,0.0,1.0,
2735,k,363.09,0.1500000000000341,phoneme,0.0,0.0,0.0,0.0,0.0,1.0,0.0,1.0,0.0,0.0,0.0,0.0,1.0,0.0,
2736,i,363.24,0.03999999999996362,phoneme,0.0,1.0,0.0,0.0,0.0,0.0,1.0,0.0,0.0,0.0,0.0,0.0,0.0,1.0,
2737,e,363.28,0.07000000000005002,phoneme,0.0,0.0,1.0,0.0,0.0,0.0,1.0,0.0,0.0,0.0,0.0,0.0,0.0,1.0,
2738,t,363.35,0.06999999999999318,phoneme,0.0,0.0,0.0,0.0,0.0,0.0,0.0,1.0,0.0,0.0,0.0,0.0,1.0,0.0,
2739,@,363.42,0.03999999999996362,phoneme,0.0,0.0,1.0,0.0,0.0,0.0,1.0,0.0,0.0,0.0,0.0,0.0,0.0,1.0,
2740,R,363.46,0.1500000000000341,phoneme,0.0,0.0,0.0,0.0,0.0,0.0,0.0,0.0,0.0,0.0,0.0,1.0,0.0,0.0,
2741,e,363.61,0.15999999999996817,phoneme,0.0,0.0,1.0,0.0,0.0,0.0,1.0,0.0,0.0,0.0,0.0,0.0,0.0,1.0,
2742,Z,364.01,0.11000000000001364,phoneme,0.0,0.0,0.0,0.0,0.0,0.0,0.0,0.0,1.0,0.0,0.0,0.0,1.0,1.0,
2743,@,364.12,0.05000000000001137,phoneme,0.0,0.0,1.0,0.0,0.0,0.0,1.0,0.0,0.0,0.0,0.0,0.0,0.0,1.0,
2744,d,364.17,0.07999999999998408,phoneme,0.0,0.0,0.0,0.0,0.0,0.0,0.0,1.0,0.0,0.0,0.0,0.0,1.0,1.0,
2745,e,364.25,0.060000000000002274,phoneme,0.0,0.0,1.0,0.0,0.0,0.0,1.0,0.0,0.0,0.0,0.0,0.0,0.0,1.0,
2746,k,364.31,0.11000000000001364,phoneme,0.0,0.0,0.0,0.0,0.0,1.0,0.0,1.0,0.0,0.0,0.0,0.0,1.0,0.0,
2747,u,364.42,0.03999999999996362,phoneme,0.0,1.0,0.0,0.0,0.0,0.0,1.0,0.0,0.0,0.0,0.0,0.0,0.0,1.0,
2748,v,364.46,0.05000000000001137,phoneme,0.0,0.0,0.0,0.0,0.0,0.0,0.0,0.0,1.0,0.0,0.0,0.0,1.0,1.0,
2749,R,364.51,0.05000000000001137,phoneme,0.0,0.0,0.0,0.0,0.0,0.0,0.0,0.0,0.0,0.0,0.0,1.0,0.0,0.0,
2750,i,364.56,0.11000000000001364,phoneme,0.0,1.0,0.0,0.0,0.0,0.0,1.0,0.0,0.0,0.0,0.0,0.0,0.0,1.0,
2751,R,364.67,0.07999999999998408,phoneme,0.0,0.0,0.0,0.0,0.0,0.0,0.0,0.0,0.0,0.0,0.0,1.0,0.0,0.0,
2752,e,364.75,0.029999999999972715,phoneme,0.0,0.0,1.0,0.0,0.0,0.0,1.0,0.0,0.0,0.0,0.0,0.0,0.0,1.0,
2753,l,364.78,0.07000000000005002,phoneme,0.0,0.0,0.0,0.0,0.0,0.0,0.0,0.0,0.0,0.0,1.0,0.0,0.0,0.0,
2754,@,364.85,0.06999999999999318,phoneme,0.0,0.0,1.0,0.0,0.0,0.0,1.0,0.0,0.0,0.0,0.0,0.0,0.0,1.0,
2755,p,364.92,0.1099999999999568,phoneme,0.0,0.0,0.0,1.0,0.0,0.0,0.0,1.0,0.0,0.0,0.0,0.0,1.0,0.0,
2756,R,365.03,0.1300000000000523,phoneme,0.0,0.0,0.0,0.0,0.0,0.0,0.0,0.0,0.0,0.0,0.0,1.0,0.0,0.0,
2757,i,365.16,0.16999999999995907,phoneme,0.0,1.0,0.0,0.0,0.0,0.0,1.0,0.0,0.0,0.0,0.0,0.0,0.0,1.0,
2758,d,365.33,0.060000000000002274,phoneme,0.0,0.0,0.0,0.0,0.0,0.0,0.0,1.0,0.0,0.0,0.0,0.0,1.0,1.0,
2759,y,365.39,0.06999999999999318,phoneme,0.0,1.0,0.0,0.0,0.0,0.0,1.0,0.0,0.0,0.0,0.0,0.0,0.0,1.0,
2760,b,365.46,0.040000000000020464,phoneme,0.0,0.0,0.0,1.0,0.0,0.0,0.0,1.0,0.0,0.0,0.0,0.0,1.0,1.0,
2761,o,365.5,0.08999999999997499,phoneme,0.0,0.0,1.0,0.0,0.0,0.0,1.0,0.0,0.0,0.0,0.0,0.0,0.0,1.0,
2762,n,365.59,0.09000000000003183,phoneme,0.0,0.0,0.0,0.0,0.0,0.0,0.0,0.0,0.0,1.0,0.0,0.0,0.0,0.0,
2763,9,365.68,0.2599999999999909,phoneme,0.0,0.0,1.0,0.0,0.0,0.0,1.0,0.0,0.0,0.0,0.0,0.0,0.0,1.0,
2764,R,365.94,0.160000000000025,phoneme,0.0,0.0,0.0,0.0,0.0,0.0,0.0,0.0,0.0,0.0,0.0,1.0,0.0,0.0,
2765,m,366.95,0.09000000000003183,phoneme,0.0,0.0,0.0,1.0,0.0,0.0,0.0,0.0,0.0,1.0,0.0,0.0,0.0,0.0,
2766,E,367.04,0.03999999999996362,phoneme,0.0,0.0,1.0,0.0,0.0,0.0,1.0,0.0,0.0,0.0,0.0,0.0,0.0,1.0,
2767,z,367.08,0.08000000000004093,phoneme,0.0,0.0,0.0,0.0,0.0,0.0,0.0,0.0,1.0,0.0,0.0,0.0,1.0,1.0,
2768,s,367.16,0.060000000000002274,phoneme,0.0,0.0,0.0,0.0,0.0,0.0,0.0,0.0,1.0,0.0,0.0,0.0,1.0,0.0,
2769,i,367.22,0.05999999999994543,phoneme,0.0,1.0,0.0,0.0,0.0,0.0,1.0,0.0,0.0,0.0,0.0,0.0,0.0,1.0,
2770,t,367.28,0.08000000000004093,phoneme,0.0,0.0,0.0,0.0,0.0,0.0,0.0,1.0,0.0,0.0,0.0,0.0,1.0,0.0,
2771,y,367.36,0.12000000000000455,phoneme,0.0,1.0,0.0,0.0,0.0,0.0,1.0,0.0,0.0,0.0,0.0,0.0,0.0,1.0,
2772,v,367.48,0.029999999999972715,phoneme,0.0,0.0,0.0,0.0,0.0,0.0,0.0,0.0,1.0,0.0,0.0,0.0,1.0,1.0,
2773,j,367.51,0.05000000000001137,phoneme,0.0,0.0,0.0,0.0,0.0,0.0,0.0,0.0,0.0,0.0,1.0,0.0,0.0,0.0,
2774,e~,367.56,0.07999999999998408,phoneme,0.0,0.0,1.0,0.0,0.0,0.0,1.0,0.0,0.0,1.0,0.0,0.0,0.0,1.0,
2775,n,367.64,0.05000000000001137,phoneme,0.0,0.0,0.0,0.0,0.0,0.0,0.0,0.0,0.0,1.0,0.0,0.0,0.0,0.0,
2776,e~,367.69,0.060000000000002274,phoneme,0.0,0.0,1.0,0.0,0.0,0.0,1.0,0.0,0.0,1.0,0.0,0.0,0.0,1.0,
2777,p,367.75,0.08999999999997499,phoneme,0.0,0.0,0.0,1.0,0.0,0.0,0.0,1.0,0.0,0.0,0.0,0.0,1.0,0.0,
2778,O,367.84,0.03000000000002956,phoneme,0.0,0.0,1.0,0.0,0.0,0.0,1.0,0.0,0.0,0.0,0.0,0.0,0.0,1.0,
2779,R,367.87,0.060000000000002274,phoneme,0.0,0.0,0.0,0.0,0.0,0.0,0.0,0.0,0.0,0.0,0.0,1.0,0.0,0.0,
2780,t,367.93,0.07999999999998408,phoneme,0.0,0.0,0.0,0.0,0.0,0.0,0.0,1.0,0.0,0.0,0.0,0.0,1.0,0.0,
2781,@,368.01,0.040000000000020464,phoneme,0.0,0.0,1.0,0.0,0.0,0.0,1.0,0.0,0.0,0.0,0.0,0.0,0.0,1.0,
2782,k,368.05,0.12000000000000455,phoneme,0.0,0.0,0.0,0.0,0.0,1.0,0.0,1.0,0.0,0.0,0.0,0.0,1.0,0.0,
2783,a~,368.17,0.19999999999998863,phoneme,1.0,0.0,0.0,0.0,0.0,0.0,1.0,0.0,0.0,1.0,0.0,0.0,0.0,1.0,
2784,Z,368.52,0.12000000000000455,phoneme,0.0,0.0,0.0,0.0,0.0,0.0,0.0,0.0,1.0,0.0,0.0,0.0,1.0,1.0,
2785,@,368.64,0.03000000000002956,phoneme,0.0,0.0,1.0,0.0,0.0,0.0,1.0,0.0,0.0,0.0,0.0,0.0,0.0,1.0,
2786,n,368.67,0.060000000000002274,phoneme,0.0,0.0,0.0,0.0,0.0,0.0,0.0,0.0,0.0,1.0,0.0,0.0,0.0,0.0,
2787,@,368.73,0.07999999999998408,phoneme,0.0,0.0,1.0,0.0,0.0,0.0,1.0,0.0,0.0,0.0,0.0,0.0,0.0,1.0,
2788,s,368.81,0.10000000000002274,phoneme,0.0,0.0,0.0,0.0,0.0,0.0,0.0,0.0,1.0,0.0,0.0,0.0,1.0,0.0,
2789,o,368.91,0.03999999999996362,phoneme,0.0,0.0,1.0,0.0,0.0,0.0,1.0,0.0,0.0,0.0,0.0,0.0,0.0,1.0,
2790,R,368.95,0.07999999999998408,phoneme,0.0,0.0,0.0,0.0,0.0,0.0,0.0,0.0,0.0,0.0,0.0,1.0,0.0,0.0,
2791,e,369.03,0.05000000000001137,phoneme,0.0,0.0,1.0,0.0,0.0,0.0,1.0,0.0,0.0,0.0,0.0,0.0,0.0,1.0,
2792,Z,369.08,0.10000000000002274,phoneme,0.0,0.0,0.0,0.0,0.0,0.0,0.0,0.0,1.0,0.0,0.0,0.0,1.0,1.0,
2793,a,369.18,0.060000000000002274,phoneme,1.0,0.0,0.0,0.0,0.0,0.0,1.0,0.0,0.0,0.0,0.0,0.0,0.0,1.0,
2794,m,369.24,0.08999999999997499,phoneme,0.0,0.0,0.0,1.0,0.0,0.0,0.0,0.0,0.0,1.0,0.0,0.0,0.0,0.0,
2795,E,369.33,0.06999999999999318,phoneme,0.0,0.0,1.0,0.0,0.0,0.0,1.0,0.0,0.0,0.0,0.0,0.0,0.0,1.0,
2796,z,369.4,0.07000000000005002,phoneme,0.0,0.0,0.0,0.0,0.0,0.0,0.0,0.0,1.0,0.0,0.0,0.0,1.0,1.0,
2797,a,369.47,0.05999999999994543,phoneme,1.0,0.0,0.0,0.0,0.0,0.0,1.0,0.0,0.0,0.0,0.0,0.0,0.0,1.0,
2798,k,369.53,0.12000000000000455,phoneme,0.0,0.0,0.0,0.0,0.0,1.0,0.0,1.0,0.0,0.0,0.0,0.0,1.0,0.0,
2799,E,369.65,0.07000000000005002,phoneme,0.0,0.0,1.0,0.0,0.0,0.0,1.0,0.0,0.0,0.0,0.0,0.0,0.0,1.0,
2800,l,369.72,0.049999999999954525,phoneme,0.0,0.0,0.0,0.0,0.0,0.0,0.0,0.0,0.0,0.0,1.0,0.0,0.0,0.0,
2801,9,369.77,0.11000000000001364,phoneme,0.0,0.0,1.0,0.0,0.0,0.0,1.0,0.0,0.0,0.0,0.0,0.0,0.0,1.0,
2802,R,369.88,0.044988999999986845,phoneme,0.0,0.0,0.0,0.0,0.0,0.0,0.0,0.0,0.0,0.0,0.0,1.0,0.0,0.0,
2803,m,369.924989,0.06498800000002802,phoneme,0.0,0.0,0.0,1.0,0.0,0.0,0.0,0.0,0.0,1.0,0.0,0.0,0.0,0.0,
2804,a,369.989977,0.06002300000000105,phoneme,1.0,0.0,0.0,0.0,0.0,0.0,1.0,0.0,0.0,0.0,0.0,0.0,0.0,1.0,
2805,b,370.05,0.03999999999996362,phoneme,0.0,0.0,0.0,1.0,0.0,0.0,0.0,1.0,0.0,0.0,0.0,0.0,1.0,1.0,
2806,i,370.09,0.1500000000000341,phoneme,0.0,1.0,0.0,0.0,0.0,0.0,1.0,0.0,0.0,0.0,0.0,0.0,0.0,1.0,
2807,j,370.24,0.060000000000002274,phoneme,0.0,0.0,0.0,0.0,0.0,0.0,0.0,0.0,0.0,0.0,1.0,0.0,0.0,0.0,
2808,e,370.3,0.03999999999996362,phoneme,0.0,0.0,1.0,0.0,0.0,0.0,1.0,0.0,0.0,0.0,0.0,0.0,0.0,1.0,
2809,l,370.34,0.060000000000002274,phoneme,0.0,0.0,0.0,0.0,0.0,0.0,0.0,0.0,0.0,0.0,1.0,0.0,0.0,0.0,
2810,@,370.4,0.08000000000004093,phoneme,0.0,0.0,1.0,0.0,0.0,0.0,1.0,0.0,0.0,0.0,0.0,0.0,0.0,1.0,
2811,k,370.48,0.1099999999999568,phoneme,0.0,0.0,0.0,0.0,0.0,1.0,0.0,1.0,0.0,0.0,0.0,0.0,1.0,0.0,
2812,y,370.59,0.160000000000025,phoneme,0.0,1.0,0.0,0.0,0.0,0.0,1.0,0.0,0.0,0.0,0.0,0.0,0.0,1.0,
2813,R,370.75,0.29000000000002046,phoneme,0.0,0.0,0.0,0.0,0.0,0.0,0.0,0.0,0.0,0.0,0.0,1.0,0.0,0.0,
2814,i,371.37,0.15999999999996817,phoneme,0.0,1.0,0.0,0.0,0.0,0.0,1.0,0.0,0.0,0.0,0.0,0.0,0.0,1.0,
2815,f,371.53,0.09000000000003183,phoneme,0.0,0.0,0.0,0.0,0.0,0.0,0.0,0.0,1.0,0.0,0.0,0.0,1.0,0.0,
2816,o,371.62,0.05000000000001137,phoneme,0.0,0.0,1.0,0.0,0.0,0.0,1.0,0.0,0.0,0.0,0.0,0.0,0.0,1.0,
2817,d,371.67,0.060000000000002274,phoneme,0.0,0.0,0.0,0.0,0.0,0.0,0.0,1.0,0.0,0.0,0.0,0.0,1.0,1.0,
2818,e,371.73,0.08999999999997499,phoneme,0.0,0.0,1.0,0.0,0.0,0.0,1.0,0.0,0.0,0.0,0.0,0.0,0.0,1.0,
2819,R,371.82,0.06999999999999318,phoneme,0.0,0.0,0.0,0.0,0.0,0.0,0.0,0.0,0.0,0.0,0.0,1.0,0.0,0.0,
2820,i,371.89,0.12999999999999545,phoneme,0.0,1.0,0.0,0.0,0.0,0.0,1.0,0.0,0.0,0.0,0.0,0.0,0.0,1.0,
2821,t,372.02,0.18000000000000682,phoneme,0.0,0.0,0.0,0.0,0.0,0.0,0.0,1.0,0.0,0.0,0.0,0.0,1.0,0.0,
2822,k,373.36,0.13999999999998636,phoneme,0.0,0.0,0.0,0.0,0.0,1.0,0.0,1.0,0.0,0.0,0.0,0.0,1.0,0.0,
2823,t,373.5,0.07999999999998408,phoneme,0.0,0.0,0.0,0.0,0.0,0.0,0.0,1.0,0.0,0.0,0.0,0.0,1.0,0.0,
2824,s,373.58,0.040000000000020464,phoneme,0.0,0.0,0.0,0.0,0.0,0.0,0.0,0.0,1.0,0.0,0.0,0.0,1.0,0.0,
2825,k,373.62,0.07999999999998408,phoneme,0.0,0.0,0.0,0.0,0.0,1.0,0.0,1.0,0.0,0.0,0.0,0.0,1.0,0.0,
2826,y,373.7,0.08498900000000731,phoneme,0.0,1.0,0.0,0.0,0.0,0.0,1.0,0.0,0.0,0.0,0.0,0.0,0.0,1.0,
2827,R,373.784989,0.08498800000000983,phoneme,0.0,0.0,0.0,0.0,0.0,0.0,0.0,0.0,0.0,0.0,0.0,1.0,0.0,0.0,
2828,i,373.869977,0.1800230000000056,phoneme,0.0,1.0,0.0,0.0,0.0,0.0,1.0,0.0,0.0,0.0,0.0,0.0,0.0,1.0,
2829,t,374.05,0.07999999999998408,phoneme,0.0,0.0,0.0,0.0,0.0,0.0,0.0,1.0,0.0,0.0,0.0,0.0,1.0,0.0,
2830,d,374.63,0.09000000000003183,phoneme,0.0,0.0,0.0,0.0,0.0,0.0,0.0,1.0,0.0,0.0,0.0,0.0,1.0,1.0,
2831,i,374.72,0.07999999999998408,phoneme,0.0,1.0,0.0,0.0,0.0,0.0,1.0,0.0,0.0,0.0,0.0,0.0,0.0,1.0,
2832,l,374.8,0.029999999999972715,phoneme,0.0,0.0,0.0,0.0,0.0,0.0,0.0,0.0,0.0,0.0,1.0,0.0,0.0,0.0,
2833,@,374.83,0.05000000000001137,phoneme,0.0,0.0,1.0,0.0,0.0,0.0,1.0,0.0,0.0,0.0,0.0,0.0,0.0,1.0,
2834,p,374.88,0.10000000000002274,phoneme,0.0,0.0,0.0,1.0,0.0,0.0,0.0,1.0,0.0,0.0,0.0,0.0,1.0,0.0,
2835,@,374.98,0.049999999999954525,phoneme,0.0,0.0,1.0,0.0,0.0,0.0,1.0,0.0,0.0,0.0,0.0,0.0,0.0,1.0,
2836,t,375.03,0.09000000000003183,phoneme,0.0,0.0,0.0,0.0,0.0,0.0,0.0,1.0,0.0,0.0,0.0,0.0,1.0,0.0,
2837,i,375.12,0.08999999999997499,phoneme,0.0,1.0,0.0,0.0,0.0,0.0,1.0,0.0,0.0,0.0,0.0,0.0,0.0,1.0,
2838,p,375.21,0.040000000000020464,phoneme,0.0,0.0,0.0,1.0,0.0,0.0,0.0,1.0,0.0,0.0,0.0,0.0,1.0,0.0,
2839,R,375.25,0.08999999999997499,phoneme,0.0,0.0,0.0,0.0,0.0,0.0,0.0,0.0,0.0,0.0,0.0,1.0,0.0,0.0,
2840,e~,375.34,0.160000000000025,phoneme,0.0,0.0,1.0,0.0,0.0,0.0,1.0,0.0,0.0,1.0,0.0,0.0,0.0,1.0,
2841,s,375.5,0.2599999999999909,phoneme,0.0,0.0,0.0,0.0,0.0,0.0,0.0,0.0,1.0,0.0,0.0,0.0,1.0,0.0,
2842,s,376.49,0.12000000000000455,phoneme,0.0,0.0,0.0,0.0,0.0,0.0,0.0,0.0,1.0,0.0,0.0,0.0,1.0,0.0,
2843,e,376.61,0.06999999999999318,phoneme,0.0,0.0,1.0,0.0,0.0,0.0,1.0,0.0,0.0,0.0,0.0,0.0,0.0,1.0,
2844,t,376.68,0.06999999999999318,phoneme,0.0,0.0,0.0,0.0,0.0,0.0,0.0,1.0,0.0,0.0,0.0,0.0,1.0,0.0,
2845,o,376.75,0.06999999999999318,phoneme,0.0,0.0,1.0,0.0,0.0,0.0,1.0,0.0,0.0,0.0,0.0,0.0,0.0,1.0,
2846,s,376.82,0.12000000000000455,phoneme,0.0,0.0,0.0,0.0,0.0,0.0,0.0,0.0,1.0,0.0,0.0,0.0,1.0,0.0,
2847,i,376.94,0.08999999999997499,phoneme,0.0,1.0,0.0,0.0,0.0,0.0,1.0,0.0,0.0,0.0,0.0,0.0,0.0,1.0,
2848,k,377.03,0.060000000000002274,phoneme,0.0,0.0,0.0,0.0,0.0,1.0,0.0,1.0,0.0,0.0,0.0,0.0,1.0,0.0,
2849,E,377.09,0.08000000000004093,phoneme,0.0,0.0,1.0,0.0,0.0,0.0,1.0,0.0,0.0,0.0,0.0,0.0,0.0,1.0,
2850,l,377.17,0.029999999999972715,phoneme,0.0,0.0,0.0,0.0,0.0,0.0,0.0,0.0,0.0,0.0,1.0,0.0,0.0,0.0,
2851,k,377.2,0.11000000000001364,phoneme,0.0,0.0,0.0,0.0,0.0,1.0,0.0,1.0,0.0,0.0,0.0,0.0,1.0,0.0,
2852,S,377.31,0.12999999999999545,phoneme,0.0,0.0,0.0,0.0,0.0,0.0,0.0,0.0,1.0,0.0,0.0,0.0,1.0,0.0,
2853,o,377.44,0.10000000000002274,phoneme,0.0,0.0,1.0,0.0,0.0,0.0,1.0,0.0,0.0,0.0,0.0,0.0,0.0,1.0,
2854,z,377.54,0.049999999999954525,phoneme,0.0,0.0,0.0,0.0,0.0,0.0,0.0,0.0,1.0,0.0,0.0,0.0,1.0,1.0,
2855,d,377.59,0.040000000000020464,phoneme,0.0,0.0,0.0,0.0,0.0,0.0,0.0,1.0,0.0,0.0,0.0,0.0,1.0,1.0,
2856,@,377.63,0.06999999999999318,phoneme,0.0,0.0,1.0,0.0,0.0,0.0,1.0,0.0,0.0,0.0,0.0,0.0,0.0,1.0,
2857,t,377.7,0.060000000000002274,phoneme,0.0,0.0,0.0,0.0,0.0,0.0,0.0,1.0,0.0,0.0,0.0,0.0,1.0,0.0,
2858,R,377.76,0.060000000000002274,phoneme,0.0,0.0,0.0,0.0,0.0,0.0,0.0,0.0,0.0,0.0,0.0,1.0,0.0,0.0,
2859,o,377.82,0.13498900000001868,phoneme,0.0,0.0,1.0,0.0,0.0,0.0,1.0,0.0,0.0,0.0,0.0,0.0,0.0,1.0,
2860,u,377.954989,0.10498799999999164,phoneme,0.0,1.0,0.0,0.0,0.0,0.0,1.0,0.0,0.0,0.0,0.0,0.0,0.0,1.0,
2861,b,378.059977,0.05002300000001014,phoneme,0.0,0.0,0.0,1.0,0.0,0.0,0.0,1.0,0.0,0.0,0.0,0.0,1.0,1.0,
2862,l,378.11,0.03999999999996362,phoneme,0.0,0.0,0.0,0.0,0.0,0.0,0.0,0.0,0.0,0.0,1.0,0.0,0.0,0.0,
2863,i,378.15,0.21000000000003638,phoneme,0.0,1.0,0.0,0.0,0.0,0.0,1.0,0.0,0.0,0.0,0.0,0.0,0.0,1.0,
2864,e,378.36,0.12999999999999545,phoneme,0.0,0.0,1.0,0.0,0.0,0.0,1.0,0.0,0.0,0.0,0.0,0.0,0.0,1.0,
2865,d,378.9,0.09000000000003183,phoneme,0.0,0.0,0.0,0.0,0.0,0.0,0.0,1.0,0.0,0.0,0.0,0.0,1.0,1.0,
2866,i,378.99,0.060000000000002274,phoneme,0.0,1.0,0.0,0.0,0.0,0.0,1.0,0.0,0.0,0.0,0.0,0.0,0.0,1.0,
2867,l,379.05,0.029999999999972715,phoneme,0.0,0.0,0.0,0.0,0.0,0.0,0.0,0.0,0.0,0.0,1.0,0.0,0.0,0.0,
2868,@,379.08,0.10000000000002274,phoneme,0.0,0.0,1.0,0.0,0.0,0.0,1.0,0.0,0.0,0.0,0.0,0.0,0.0,1.0,
2869,R,379.18,0.11000000000001364,phoneme,0.0,0.0,0.0,0.0,0.0,0.0,0.0,0.0,0.0,0.0,0.0,1.0,0.0,0.0,
2870,@,379.29,0.029999999999972715,phoneme,0.0,0.0,1.0,0.0,0.0,0.0,1.0,0.0,0.0,0.0,0.0,0.0,0.0,1.0,
2871,n,379.32,0.160000000000025,phoneme,0.0,0.0,0.0,0.0,0.0,0.0,0.0,0.0,0.0,1.0,0.0,0.0,0.0,0.0,
2872,a,379.48,0.08999999999997499,phoneme,1.0,0.0,0.0,0.0,0.0,0.0,1.0,0.0,0.0,0.0,0.0,0.0,0.0,1.0,
2873,R,379.57,0.18000000000000682,phoneme,0.0,0.0,0.0,0.0,0.0,0.0,0.0,0.0,0.0,0.0,0.0,1.0,0.0,0.0,
2874,k,380.34,0.040000000000020464,phoneme,0.0,0.0,0.0,0.0,0.0,1.0,0.0,1.0,0.0,0.0,0.0,0.0,1.0,0.0,
2875,s,380.38,0.06999999999999318,phoneme,0.0,0.0,0.0,0.0,0.0,0.0,0.0,0.0,1.0,0.0,0.0,0.0,1.0,0.0,
2876,t,380.45,0.03000000000002956,phoneme,0.0,0.0,0.0,0.0,0.0,0.0,0.0,1.0,0.0,0.0,0.0,0.0,1.0,0.0,
2877,@,380.48,0.03999999999996362,phoneme,0.0,0.0,1.0,0.0,0.0,0.0,1.0,0.0,0.0,0.0,0.0,0.0,0.0,1.0,
2878,s,380.52,0.10000000000002274,phoneme,0.0,0.0,0.0,0.0,0.0,0.0,0.0,0.0,1.0,0.0,0.0,0.0,1.0,0.0,
2879,@,380.62,0.040000000000020464,phoneme,0.0,0.0,1.0,0.0,0.0,0.0,1.0,0.0,0.0,0.0,0.0,0.0,0.0,1.0,
2880,k,380.66,0.1199999999999477,phoneme,0.0,0.0,0.0,0.0,0.0,1.0,0.0,1.0,0.0,0.0,0.0,0.0,1.0,0.0,
2881,i,380.78,0.07000000000005002,phoneme,0.0,1.0,0.0,0.0,0.0,0.0,1.0,0.0,0.0,0.0,0.0,0.0,0.0,1.0,
2882,f,380.85,0.07999999999998408,phoneme,0.0,0.0,0.0,0.0,0.0,0.0,0.0,0.0,1.0,0.0,0.0,0.0,1.0,0.0,
2883,E,380.93,0.07999999999998408,phoneme,0.0,0.0,1.0,0.0,0.0,0.0,1.0,0.0,0.0,0.0,0.0,0.0,0.0,1.0,
2884,k,381.01,0.07999999999998408,phoneme,0.0,0.0,0.0,0.0,0.0,1.0,0.0,1.0,0.0,0.0,0.0,0.0,1.0,0.0,
2885,y,381.09,0.12000000000000455,phoneme,0.0,1.0,0.0,0.0,0.0,0.0,1.0,0.0,0.0,0.0,0.0,0.0,0.0,1.0,
2886,Z,381.21,0.12000000000000455,phoneme,0.0,0.0,0.0,0.0,0.0,0.0,0.0,0.0,1.0,0.0,0.0,0.0,1.0,1.0,
2887,u,381.33,0.12000000000000455,phoneme,0.0,1.0,0.0,0.0,0.0,0.0,1.0,0.0,0.0,0.0,0.0,0.0,0.0,1.0,
2888,R,381.45,0.06999999999999318,phoneme,0.0,0.0,0.0,0.0,0.0,0.0,0.0,0.0,0.0,0.0,0.0,1.0,0.0,0.0,
2889,e,381.52,0.05000000000001137,phoneme,0.0,0.0,1.0,0.0,0.0,0.0,1.0,0.0,0.0,0.0,0.0,0.0,0.0,1.0,
2890,t,381.57,0.06999999999999318,phoneme,0.0,0.0,0.0,0.0,0.0,0.0,0.0,1.0,0.0,0.0,0.0,0.0,1.0,0.0,
2891,d,381.64,0.03000000000002956,phoneme,0.0,0.0,0.0,0.0,0.0,0.0,0.0,1.0,0.0,0.0,0.0,0.0,1.0,1.0,
2892,i,381.67,0.029999999999972715,phoneme,0.0,1.0,0.0,0.0,0.0,0.0,1.0,0.0,0.0,0.0,0.0,0.0,0.0,1.0,
2893,f,381.7,0.10000000000002274,phoneme,0.0,0.0,0.0,0.0,0.0,0.0,0.0,0.0,1.0,0.0,0.0,0.0,1.0,0.0,
2894,e,381.8,0.05000000000001137,phoneme,0.0,0.0,1.0,0.0,0.0,0.0,1.0,0.0,0.0,0.0,0.0,0.0,0.0,1.0,
2895,R,381.85,0.060000000000002274,phoneme,0.0,0.0,0.0,0.0,0.0,0.0,0.0,0.0,0.0,0.0,0.0,1.0,0.0,0.0,
2896,a~,381.91,0.060000000000002274,phoneme,1.0,0.0,0.0,0.0,0.0,0.0,1.0,0.0,0.0,1.0,0.0,0.0,0.0,1.0,
2897,d,381.97,0.08999999999997499,phoneme,0.0,0.0,0.0,0.0,0.0,0.0,0.0,1.0,0.0,0.0,0.0,0.0,1.0,1.0,
2898,e,382.06,0.06999999999999318,phoneme,0.0,0.0,1.0,0.0,0.0,0.0,1.0,0.0,0.0,0.0,0.0,0.0,0.0,1.0,
2899,z,382.13,0.07999999999998408,phoneme,0.0,0.0,0.0,0.0,0.0,0.0,0.0,0.0,1.0,0.0,0.0,0.0,1.0,1.0,
2900,o,382.21,0.09000000000003183,phoneme,0.0,0.0,1.0,0.0,0.0,0.0,1.0,0.0,0.0,0.0,0.0,0.0,0.0,1.0,
2901,t,382.3,0.0999999999999659,phoneme,0.0,0.0,0.0,0.0,0.0,0.0,0.0,1.0,0.0,0.0,0.0,0.0,1.0,0.0,
2902,R,382.4,0.03000000000002956,phoneme,0.0,0.0,0.0,0.0,0.0,0.0,0.0,0.0,0.0,0.0,0.0,1.0,0.0,0.0,
2903,Z,382.43,0.12999999999999545,phoneme,0.0,0.0,0.0,0.0,0.0,0.0,0.0,0.0,1.0,0.0,0.0,0.0,1.0,1.0,
2904,u,382.56,0.2300000000000182,phoneme,0.0,1.0,0.0,0.0,0.0,0.0,1.0,0.0,0.0,0.0,0.0,0.0,0.0,1.0,
2905,R,382.79,0.060000000000002274,phoneme,0.0,0.0,0.0,0.0,0.0,0.0,0.0,0.0,0.0,0.0,0.0,1.0,0.0,0.0,
2906,y,383.16,0.13999999999998636,phoneme,0.0,1.0,0.0,0.0,0.0,0.0,1.0,0.0,0.0,0.0,0.0,0.0,0.0,1.0,
2907,n,383.3,0.11000000000001364,phoneme,0.0,0.0,0.0,0.0,0.0,0.0,0.0,0.0,0.0,1.0,0.0,0.0,0.0,0.0,
2908,@,383.41,0.16999999999995907,phoneme,0.0,0.0,1.0,0.0,0.0,0.0,1.0,0.0,0.0,0.0,0.0,0.0,0.0,1.0,
2909,9,383.58,0.060000000000002274,phoneme,0.0,0.0,1.0,0.0,0.0,0.0,1.0,0.0,0.0,0.0,0.0,0.0,0.0,1.0,
2910,R,383.64,0.10000000000002274,phoneme,0.0,0.0,0.0,0.0,0.0,0.0,0.0,0.0,0.0,0.0,0.0,1.0,0.0,0.0,
2911,d,383.74,0.060000000000002274,phoneme,0.0,0.0,0.0,0.0,0.0,0.0,0.0,1.0,0.0,0.0,0.0,0.0,1.0,1.0,
2912,e,383.8,0.060000000000002274,phoneme,0.0,0.0,1.0,0.0,0.0,0.0,1.0,0.0,0.0,0.0,0.0,0.0,0.0,1.0,
2913,z,383.86,0.08999999999997499,phoneme,0.0,0.0,0.0,0.0,0.0,0.0,0.0,0.0,1.0,0.0,0.0,0.0,1.0,1.0,
2914,o,384.13,0.12000000000000455,phoneme,0.0,0.0,1.0,0.0,0.0,0.0,1.0,0.0,0.0,0.0,0.0,0.0,0.0,1.0,
2915,t,384.25,0.08999999999997499,phoneme,0.0,0.0,0.0,0.0,0.0,0.0,0.0,1.0,0.0,0.0,0.0,0.0,1.0,0.0,
2916,R,384.34,0.040000000000020464,phoneme,0.0,0.0,0.0,0.0,0.0,0.0,0.0,0.0,0.0,0.0,0.0,1.0,0.0,0.0,
2917,9,384.38,0.18999999999999773,phoneme,0.0,0.0,1.0,0.0,0.0,0.0,1.0,0.0,0.0,0.0,0.0,0.0,0.0,1.0,
2918,R,384.57,0.13999999999998636,phoneme,0.0,0.0,0.0,0.0,0.0,0.0,0.0,0.0,0.0,0.0,0.0,1.0,0.0,0.0,
2919,i,385.65,0.05000000000001137,phoneme,0.0,1.0,0.0,0.0,0.0,0.0,1.0,0.0,0.0,0.0,0.0,0.0,0.0,1.0,
2920,j,385.7,0.12999999999999545,phoneme,0.0,0.0,0.0,0.0,0.0,0.0,0.0,0.0,0.0,0.0,1.0,0.0,0.0,0.0,
2921,a,385.83,0.12999999999999545,phoneme,1.0,0.0,0.0,0.0,0.0,0.0,1.0,0.0,0.0,0.0,0.0,0.0,0.0,1.0,
2922,9~,385.96,0.11000000000001364,phoneme,0.0,0.0,1.0,0.0,0.0,0.0,1.0,0.0,0.0,1.0,0.0,0.0,0.0,1.0,
2923,R,386.07,0.040000000000020464,phoneme,0.0,0.0,0.0,0.0,0.0,0.0,0.0,0.0,0.0,0.0,0.0,1.0,0.0,0.0,
2924,i,386.11,0.14999999999997726,phoneme,0.0,1.0,0.0,0.0,0.0,0.0,1.0,0.0,0.0,0.0,0.0,0.0,0.0,1.0,
2925,t,386.26,0.09000000000003183,phoneme,0.0,0.0,0.0,0.0,0.0,0.0,0.0,1.0,0.0,0.0,0.0,0.0,1.0,0.0,
2926,p,386.4,0.05000000000001137,phoneme,0.0,0.0,0.0,1.0,0.0,0.0,0.0,1.0,0.0,0.0,0.0,0.0,1.0,0.0,
2927,a,386.45,0.05000000000001137,phoneme,1.0,0.0,0.0,0.0,0.0,0.0,1.0,0.0,0.0,0.0,0.0,0.0,0.0,1.0,
2928,R,386.5,0.06999999999999318,phoneme,0.0,0.0,0.0,0.0,0.0,0.0,0.0,0.0,0.0,0.0,0.0,1.0,0.0,0.0,
2929,E,386.57,0.05000000000001137,phoneme,0.0,0.0,1.0,0.0,0.0,0.0,1.0,0.0,0.0,0.0,0.0,0.0,0.0,1.0,
2930,g,386.62,0.060000000000002274,phoneme,0.0,0.0,0.0,0.0,0.0,1.0,0.0,1.0,0.0,0.0,0.0,0.0,1.0,1.0,
2931,z,386.68,0.08999999999997499,phoneme,0.0,0.0,0.0,0.0,0.0,0.0,0.0,0.0,1.0,0.0,0.0,0.0,1.0,1.0,
2932,a~,386.77,0.1400000000000432,phoneme,1.0,0.0,0.0,0.0,0.0,0.0,1.0,0.0,0.0,1.0,0.0,0.0,0.0,1.0,
2933,p,386.91,0.12999999999999545,phoneme,0.0,0.0,0.0,1.0,0.0,0.0,0.0,1.0,0.0,0.0,0.0,0.0,1.0,0.0,
2934,l,387.04,0.07999999999998408,phoneme,0.0,0.0,0.0,0.0,0.0,0.0,0.0,0.0,0.0,0.0,1.0,0.0,0.0,0.0,
2935,S,387.18,0.14999999999997726,phoneme,0.0,0.0,0.0,0.0,0.0,0.0,0.0,0.0,1.0,0.0,0.0,0.0,1.0,0.0,
2936,e,387.33,0.040000000000020464,phoneme,0.0,0.0,1.0,0.0,0.0,0.0,1.0,0.0,0.0,0.0,0.0,0.0,0.0,1.0,
2937,m,387.37,0.060000000000002274,phoneme,0.0,0.0,0.0,1.0,0.0,0.0,0.0,0.0,0.0,1.0,0.0,0.0,0.0,0.0,
2938,e,387.43,0.029999999999972715,phoneme,0.0,0.0,1.0,0.0,0.0,0.0,1.0,0.0,0.0,0.0,0.0,0.0,0.0,1.0,
2939,S,387.46,0.1500000000000341,phoneme,0.0,0.0,0.0,0.0,0.0,0.0,0.0,0.0,1.0,0.0,0.0,0.0,1.0,0.0,
2940,a,387.61,0.060000000000002274,phoneme,1.0,0.0,0.0,0.0,0.0,0.0,1.0,0.0,0.0,0.0,0.0,0.0,0.0,1.0,
2941,s,387.67,0.16999999999995907,phoneme,0.0,0.0,0.0,0.0,0.0,0.0,0.0,0.0,1.0,0.0,0.0,0.0,1.0,0.0,
2942,9,387.84,0.20000000000004547,phoneme,0.0,0.0,1.0,0.0,0.0,0.0,1.0,0.0,0.0,0.0,0.0,0.0,0.0,1.0,
2943,R,388.04,0.06999999999999318,phoneme,0.0,0.0,0.0,0.0,0.0,0.0,0.0,0.0,0.0,0.0,0.0,1.0,0.0,0.0,
2944,i,388.96,0.160000000000025,phoneme,0.0,1.0,0.0,0.0,0.0,0.0,1.0,0.0,0.0,0.0,0.0,0.0,0.0,1.0,
2945,d,389.12,0.10000000000002274,phoneme,0.0,0.0,0.0,0.0,0.0,0.0,0.0,1.0,0.0,0.0,0.0,0.0,1.0,1.0,
2946,a~,389.22,0.17999999999994998,phoneme,1.0,0.0,0.0,0.0,0.0,0.0,1.0,0.0,0.0,1.0,0.0,0.0,0.0,1.0,
2947,s,389.4,0.10000000000002274,phoneme,0.0,0.0,0.0,0.0,0.0,0.0,0.0,0.0,1.0,0.0,0.0,0.0,1.0,0.0,
2948,l,389.5,0.06999999999999318,phoneme,0.0,0.0,0.0,0.0,0.0,0.0,0.0,0.0,0.0,0.0,1.0,0.0,0.0,0.0,
2949,@,389.57,0.040000000000020464,phoneme,0.0,0.0,1.0,0.0,0.0,0.0,1.0,0.0,0.0,0.0,0.0,0.0,0.0,1.0,
2950,Z,389.61,0.12999999999999545,phoneme,0.0,0.0,0.0,0.0,0.0,0.0,0.0,0.0,1.0,0.0,0.0,0.0,1.0,1.0,
2951,2,389.74,0.06999999999999318,phoneme,0.0,0.0,1.0,0.0,0.0,0.0,1.0,0.0,0.0,0.0,0.0,0.0,0.0,1.0,
2952,d,389.81,0.07999999999998408,phoneme,0.0,0.0,0.0,0.0,0.0,0.0,0.0,1.0,0.0,0.0,0.0,0.0,1.0,1.0,
2953,i,389.89,0.1500000000000341,phoneme,0.0,1.0,0.0,0.0,0.0,0.0,1.0,0.0,0.0,0.0,0.0,0.0,0.0,1.0,
2954,a,390.04,0.06999999999999318,phoneme,1.0,0.0,0.0,0.0,0.0,0.0,1.0,0.0,0.0,0.0,0.0,0.0,0.0,1.0,
2955,v,390.11,0.029999999999972715,phoneme,0.0,0.0,0.0,0.0,0.0,0.0,0.0,0.0,1.0,0.0,0.0,0.0,1.0,1.0,
2956,E,390.14,0.06999999999999318,phoneme,0.0,0.0,1.0,0.0,0.0,0.0,1.0,0.0,0.0,0.0,0.0,0.0,0.0,1.0,
2957,k,390.21,0.08000000000004093,phoneme,0.0,0.0,0.0,0.0,0.0,1.0,0.0,1.0,0.0,0.0,0.0,0.0,1.0,0.0,
2958,l,390.29,0.029999999999972715,phoneme,0.0,0.0,0.0,0.0,0.0,0.0,0.0,0.0,0.0,0.0,1.0,0.0,0.0,0.0,
2959,e,390.32,0.060000000000002274,phoneme,0.0,0.0,1.0,0.0,0.0,0.0,1.0,0.0,0.0,0.0,0.0,0.0,0.0,1.0,
2960,f,390.38,0.11000000000001364,phoneme,0.0,0.0,0.0,0.0,0.0,0.0,0.0,0.0,1.0,0.0,0.0,0.0,1.0,0.0,
2961,i,390.49,0.12000000000000455,phoneme,0.0,1.0,0.0,0.0,0.0,0.0,1.0,0.0,0.0,0.0,0.0,0.0,0.0,1.0,
2962,j,390.61,0.029999999999972715,phoneme,0.0,0.0,0.0,0.0,0.0,0.0,0.0,0.0,0.0,0.0,1.0,0.0,0.0,0.0,
2963,d,390.64,0.060000000000002274,phoneme,0.0,0.0,0.0,0.0,0.0,0.0,0.0,1.0,0.0,0.0,0.0,0.0,1.0,1.0,
2964,y,390.7,0.040000000000020464,phoneme,0.0,1.0,0.0,0.0,0.0,0.0,1.0,0.0,0.0,0.0,0.0,0.0,0.0,1.0,
2965,v,390.74,0.029999999999972715,phoneme,0.0,0.0,0.0,0.0,0.0,0.0,0.0,0.0,1.0,0.0,0.0,0.0,1.0,1.0,
2966,i,390.77,0.11000000000001364,phoneme,0.0,1.0,0.0,0.0,0.0,0.0,1.0,0.0,0.0,0.0,0.0,0.0,0.0,1.0,
2967,l,390.88,0.060000000000002274,phoneme,0.0,0.0,0.0,0.0,0.0,0.0,0.0,0.0,0.0,0.0,1.0,0.0,0.0,0.0,
2968,a,390.94,0.160000000000025,phoneme,1.0,0.0,0.0,0.0,0.0,0.0,1.0,0.0,0.0,0.0,0.0,0.0,0.0,1.0,
2969,Z,391.1,0.2599999999999909,phoneme,0.0,0.0,0.0,0.0,0.0,0.0,0.0,0.0,1.0,0.0,0.0,0.0,1.0,1.0,
2970,a,391.97,0.12999999999999545,phoneme,1.0,0.0,0.0,0.0,0.0,0.0,1.0,0.0,0.0,0.0,0.0,0.0,0.0,1.0,
2971,l,392.1,0.060000000000002274,phoneme,0.0,0.0,0.0,0.0,0.0,0.0,0.0,0.0,0.0,0.0,1.0,0.0,0.0,0.0,
2972,O,392.16,0.13999999999998636,phoneme,0.0,0.0,1.0,0.0,0.0,0.0,1.0,0.0,0.0,0.0,0.0,0.0,0.0,1.0,
2973,R,392.3,0.08999999999997499,phoneme,0.0,0.0,0.0,0.0,0.0,0.0,0.0,0.0,0.0,0.0,0.0,1.0,0.0,0.0,
2974,l,392.44,0.040000000000020464,phoneme,0.0,0.0,0.0,0.0,0.0,0.0,0.0,0.0,0.0,0.0,1.0,0.0,0.0,0.0,
2975,@,392.48,0.049999999999954525,phoneme,0.0,0.0,1.0,0.0,0.0,0.0,1.0,0.0,0.0,0.0,0.0,0.0,0.0,1.0,
2976,Z,392.53,0.17000000000001592,phoneme,0.0,0.0,0.0,0.0,0.0,0.0,0.0,0.0,1.0,0.0,0.0,0.0,1.0,1.0,
2977,2,392.7,0.05000000000001137,phoneme,0.0,0.0,1.0,0.0,0.0,0.0,1.0,0.0,0.0,0.0,0.0,0.0,0.0,1.0,
2978,d,392.75,0.08999999999997499,phoneme,0.0,0.0,0.0,0.0,0.0,0.0,0.0,1.0,0.0,0.0,0.0,0.0,1.0,1.0,
2979,i,392.84,0.1500000000000341,phoneme,0.0,1.0,0.0,0.0,0.0,0.0,1.0,0.0,0.0,0.0,0.0,0.0,0.0,1.0,
2980,e,392.99,0.15999999999996817,phoneme,0.0,0.0,1.0,0.0,0.0,0.0,1.0,0.0,0.0,0.0,0.0,0.0,0.0,1.0,
2981,Z,393.15,0.11000000000001364,phoneme,0.0,0.0,0.0,0.0,0.0,0.0,0.0,0.0,1.0,0.0,0.0,0.0,1.0,1.0,
2982,u,393.26,0.12000000000000455,phoneme,0.0,1.0,0.0,0.0,0.0,0.0,1.0,0.0,0.0,0.0,0.0,0.0,0.0,1.0,
2983,R,393.38,0.09000000000003183,phoneme,0.0,0.0,0.0,0.0,0.0,0.0,0.0,0.0,0.0,0.0,0.0,1.0,0.0,0.0,
2984,m,393.47,0.25,phoneme,0.0,0.0,0.0,1.0,0.0,0.0,0.0,0.0,0.0,1.0,0.0,0.0,0.0,0.0,
2985,E,393.72,0.1199999999999477,phoneme,0.0,0.0,1.0,0.0,0.0,0.0,1.0,0.0,0.0,0.0,0.0,0.0,0.0,1.0,
2986,R,393.84,0.09000000000003183,phoneme,0.0,0.0,0.0,0.0,0.0,0.0,0.0,0.0,0.0,0.0,0.0,1.0,0.0,0.0,
2987,v,393.93,0.07999999999998408,phoneme,0.0,0.0,0.0,0.0,0.0,0.0,0.0,0.0,1.0,0.0,0.0,0.0,1.0,1.0,
2988,E,394.01,0.040000000000020464,phoneme,0.0,0.0,1.0,0.0,0.0,0.0,1.0,0.0,0.0,0.0,0.0,0.0,0.0,1.0,
2989,j,394.05,0.20999999999997954,phoneme,0.0,0.0,0.0,0.0,0.0,0.0,0.0,0.0,0.0,0.0,1.0,0.0,0.0,0.0,
2990,2,394.26,0.10000000000002274,phoneme,0.0,0.0,1.0,0.0,0.0,0.0,1.0,0.0,0.0,0.0,0.0,0.0,0.0,1.0,
2991,Z,395.11,0.15999999999996817,phoneme,0.0,0.0,0.0,0.0,0.0,0.0,0.0,0.0,1.0,0.0,0.0,0.0,1.0,1.0,
2992,@,395.27,0.05000000000001137,phoneme,0.0,0.0,1.0,0.0,0.0,0.0,1.0,0.0,0.0,0.0,0.0,0.0,0.0,1.0,
2993,v,395.32,0.05000000000001137,phoneme,0.0,0.0,0.0,0.0,0.0,0.0,0.0,0.0,1.0,0.0,0.0,0.0,1.0,1.0,
2994,E,395.37,0.10000000000002274,phoneme,0.0,0.0,1.0,0.0,0.0,0.0,1.0,0.0,0.0,0.0,0.0,0.0,0.0,1.0,
2995,m,395.47,0.049999999999954525,phoneme,0.0,0.0,0.0,1.0,0.0,0.0,0.0,0.0,0.0,1.0,0.0,0.0,0.0,0.0,
2996,@,395.52,0.060000000000002274,phoneme,0.0,0.0,1.0,0.0,0.0,0.0,1.0,0.0,0.0,0.0,0.0,0.0,0.0,1.0,
2997,p,395.58,0.11000000000001364,phoneme,0.0,0.0,0.0,1.0,0.0,0.0,0.0,1.0,0.0,0.0,0.0,0.0,1.0,0.0,
2998,R,395.69,0.03000000000002956,phoneme,0.0,0.0,0.0,0.0,0.0,0.0,0.0,0.0,0.0,0.0,0.0,1.0,0.0,0.0,
2999,o,395.72,0.029999999999972715,phoneme,0.0,0.0,1.0,0.0,0.0,0.0,1.0,0.0,0.0,0.0,0.0,0.0,0.0,1.0,
3000,m,395.75,0.07999999999998408,phoneme,0.0,0.0,0.0,1.0,0.0,0.0,0.0,0.0,0.0,1.0,0.0,0.0,0.0,0.0,
3001,@,395.83,0.05000000000001137,phoneme,0.0,0.0,1.0,0.0,0.0,0.0,1.0,0.0,0.0,0.0,0.0,0.0,0.0,1.0,
3002,n,395.88,0.05000000000001137,phoneme,0.0,0.0,0.0,0.0,0.0,0.0,0.0,0.0,0.0,1.0,0.0,0.0,0.0,0.0,
3003,e,395.93,0.12999999999999545,phoneme,0.0,0.0,1.0,0.0,0.0,0.0,1.0,0.0,0.0,0.0,0.0,0.0,0.0,1.0,
3004,Z,396.06,0.05000000000001137,phoneme,0.0,0.0,0.0,0.0,0.0,0.0,0.0,0.0,1.0,0.0,0.0,0.0,1.0,1.0,
3005,y,396.11,0.03999999999996362,phoneme,0.0,1.0,0.0,0.0,0.0,0.0,1.0,0.0,0.0,0.0,0.0,0.0,0.0,1.0,
3006,s,396.15,0.10000000000002274,phoneme,0.0,0.0,0.0,0.0,0.0,0.0,0.0,0.0,1.0,0.0,0.0,0.0,1.0,0.0,
3007,k,396.25,0.06999999999999318,phoneme,0.0,0.0,0.0,0.0,0.0,1.0,0.0,1.0,0.0,0.0,0.0,0.0,1.0,0.0,
3008,a,396.32,0.05000000000001137,phoneme,1.0,0.0,0.0,0.0,0.0,0.0,1.0,0.0,0.0,0.0,0.0,0.0,0.0,1.0,
3009,l,396.37,0.05000000000001137,phoneme,0.0,0.0,0.0,0.0,0.0,0.0,0.0,0.0,0.0,0.0,1.0,0.0,0.0,0.0,
3010,a,396.42,0.08999999999997499,phoneme,1.0,0.0,0.0,0.0,0.0,0.0,1.0,0.0,0.0,0.0,0.0,0.0,0.0,1.0,
3011,v,396.51,0.05000000000001137,phoneme,0.0,0.0,0.0,0.0,0.0,0.0,0.0,0.0,1.0,0.0,0.0,0.0,1.0,1.0,
3012,i,396.56,0.14999999999997726,phoneme,0.0,1.0,0.0,0.0,0.0,0.0,1.0,0.0,0.0,0.0,0.0,0.0,0.0,1.0,
3013,J,396.71,0.27000000000003865,phoneme,0.0,0.0,0.0,0.0,0.0,0.0,0.0,0.0,0.0,1.0,0.0,0.0,0.0,0.0,
3014,s,397.47,0.1099999999999568,phoneme,0.0,0.0,0.0,0.0,0.0,0.0,0.0,0.0,1.0,0.0,0.0,0.0,1.0,0.0,
3015,i,397.58,0.05000000000001137,phoneme,0.0,1.0,0.0,0.0,0.0,0.0,1.0,0.0,0.0,0.0,0.0,0.0,0.0,1.0,
3016,l,397.63,0.040000000000020464,phoneme,0.0,0.0,0.0,0.0,0.0,0.0,0.0,0.0,0.0,0.0,1.0,0.0,0.0,0.0,
3017,e,397.67,0.060000000000002274,phoneme,0.0,0.0,1.0,0.0,0.0,0.0,1.0,0.0,0.0,0.0,0.0,0.0,0.0,1.0,
3018,S,397.73,0.14999999999997726,phoneme,0.0,0.0,0.0,0.0,0.0,0.0,0.0,0.0,1.0,0.0,0.0,0.0,1.0,0.0,
3019,a,397.88,0.060000000000002274,phoneme,1.0,0.0,0.0,0.0,0.0,0.0,1.0,0.0,0.0,0.0,0.0,0.0,0.0,1.0,
3020,s,397.94,0.14999999999997726,phoneme,0.0,0.0,0.0,0.0,0.0,0.0,0.0,0.0,1.0,0.0,0.0,0.0,1.0,0.0,
3021,9,398.09,0.1400000000000432,phoneme,0.0,0.0,1.0,0.0,0.0,0.0,1.0,0.0,0.0,0.0,0.0,0.0,0.0,1.0,
3022,R,398.23,0.029999999999972715,phoneme,0.0,0.0,0.0,0.0,0.0,0.0,0.0,0.0,0.0,0.0,0.0,1.0,0.0,0.0,
3023,d,398.26,0.05000000000001137,phoneme,0.0,0.0,0.0,0.0,0.0,0.0,0.0,1.0,0.0,0.0,0.0,0.0,1.0,1.0,
3024,a~,398.31,0.12000000000000455,phoneme,1.0,0.0,0.0,0.0,0.0,0.0,1.0,0.0,0.0,1.0,0.0,0.0,0.0,1.0,
3025,s,398.43,0.12000000000000455,phoneme,0.0,0.0,0.0,0.0,0.0,0.0,0.0,0.0,1.0,0.0,0.0,0.0,1.0,0.0,
3026,E,398.55,0.10498899999998912,phoneme,0.0,0.0,1.0,0.0,0.0,0.0,1.0,0.0,0.0,0.0,0.0,0.0,0.0,1.0,
3027,n,398.654989,0.11498799999998255,phoneme,0.0,0.0,0.0,0.0,0.0,0.0,0.0,0.0,0.0,1.0,0.0,0.0,0.0,0.0,
3028,e~,398.769977,0.10002300000002151,phoneme,0.0,0.0,1.0,0.0,0.0,0.0,1.0,0.0,0.0,1.0,0.0,0.0,0.0,1.0,
3029,p,398.87,0.08999999999997499,phoneme,0.0,0.0,0.0,1.0,0.0,0.0,0.0,1.0,0.0,0.0,0.0,0.0,1.0,0.0,
3030,O,398.96,0.05000000000001137,phoneme,0.0,0.0,1.0,0.0,0.0,0.0,1.0,0.0,0.0,0.0,0.0,0.0,0.0,1.0,
3031,R,399.01,0.05000000000001137,phoneme,0.0,0.0,0.0,0.0,0.0,0.0,0.0,0.0,0.0,0.0,0.0,1.0,0.0,0.0,
3032,t,399.06,0.11000000000001364,phoneme,0.0,0.0,0.0,0.0,0.0,0.0,0.0,1.0,0.0,0.0,0.0,0.0,1.0,0.0,
3033,k,399.17,0.14999999999997726,phoneme,0.0,0.0,0.0,0.0,0.0,1.0,0.0,1.0,0.0,0.0,0.0,0.0,1.0,0.0,
3034,a~,399.32,0.18000000000000682,phoneme,1.0,0.0,0.0,0.0,0.0,0.0,1.0,0.0,0.0,1.0,0.0,0.0,0.0,1.0,
3035,t,399.5,0.06999999999999318,phoneme,0.0,0.0,0.0,0.0,0.0,0.0,0.0,1.0,0.0,0.0,0.0,0.0,1.0,0.0,
3036,l,399.87,0.029999999999972715,phoneme,0.0,0.0,0.0,0.0,0.0,0.0,0.0,0.0,0.0,0.0,1.0,0.0,0.0,0.0,
3037,e,399.9,0.10000000000002274,phoneme,0.0,0.0,1.0,0.0,0.0,0.0,1.0,0.0,0.0,0.0,0.0,0.0,0.0,1.0,
3038,Z,400.0,0.12000000000000455,phoneme,0.0,0.0,0.0,0.0,0.0,0.0,0.0,0.0,1.0,0.0,0.0,0.0,1.0,1.0,
3039,u,400.12,0.12000000000000455,phoneme,0.0,1.0,0.0,0.0,0.0,0.0,1.0,0.0,0.0,0.0,0.0,0.0,0.0,1.0,
3040,R,400.24,0.03999999999996362,phoneme,0.0,0.0,0.0,0.0,0.0,0.0,0.0,0.0,0.0,0.0,0.0,1.0,0.0,0.0,
3041,s,400.28,0.11000000000001364,phoneme,0.0,0.0,0.0,0.0,0.0,0.0,0.0,0.0,1.0,0.0,0.0,0.0,1.0,0.0,
3042,@,400.39,0.03000000000002956,phoneme,0.0,0.0,1.0,0.0,0.0,0.0,1.0,0.0,0.0,0.0,0.0,0.0,0.0,1.0,
3043,R,400.42,0.05000000000001137,phoneme,0.0,0.0,0.0,0.0,0.0,0.0,0.0,0.0,0.0,0.0,0.0,1.0,0.0,0.0,
3044,@,400.47,0.07999999999998408,phoneme,0.0,0.0,1.0,0.0,0.0,0.0,1.0,0.0,0.0,0.0,0.0,0.0,0.0,1.0,
3045,s,400.55,0.08999999999997499,phoneme,0.0,0.0,0.0,0.0,0.0,0.0,0.0,0.0,1.0,0.0,0.0,0.0,1.0,0.0,
3046,a~,400.64,0.12000000000000455,phoneme,1.0,0.0,0.0,0.0,0.0,0.0,1.0,0.0,0.0,1.0,0.0,0.0,0.0,1.0,
3047,b,400.76,0.03000000000002956,phoneme,0.0,0.0,0.0,1.0,0.0,0.0,0.0,1.0,0.0,0.0,0.0,0.0,1.0,1.0,
3048,l,400.79,0.029999999999972715,phoneme,0.0,0.0,0.0,0.0,0.0,0.0,0.0,0.0,0.0,0.0,1.0,0.0,0.0,0.0,
3049,@,400.82,0.040000000000020464,phoneme,0.0,0.0,1.0,0.0,0.0,0.0,1.0,0.0,0.0,0.0,0.0,0.0,0.0,1.0,
3050,R,400.86,0.06999999999999318,phoneme,0.0,0.0,0.0,0.0,0.0,0.0,0.0,0.0,0.0,0.0,0.0,1.0,0.0,0.0,
3051,E,400.93,0.06999999999999318,phoneme,0.0,0.0,1.0,0.0,0.0,0.0,1.0,0.0,0.0,0.0,0.0,0.0,0.0,1.0,
3052,t,401.0,0.12000000000000455,phoneme,0.0,0.0,0.0,0.0,0.0,0.0,0.0,1.0,0.0,0.0,0.0,0.0,1.0,0.0,
3053,u,401.12,0.11000000000001364,phoneme,0.0,1.0,0.0,0.0,0.0,0.0,1.0,0.0,0.0,0.0,0.0,0.0,0.0,1.0,
3054,s,401.23,0.2599999999999909,phoneme,0.0,0.0,0.0,0.0,0.0,0.0,0.0,0.0,1.0,0.0,0.0,0.0,1.0,0.0,
3055,e,401.73,0.03999999999996362,phoneme,0.0,0.0,1.0,0.0,0.0,0.0,1.0,0.0,0.0,0.0,0.0,0.0,0.0,1.0,
3056,Z,401.77,0.1400000000000432,phoneme,0.0,0.0,0.0,0.0,0.0,0.0,0.0,0.0,1.0,0.0,0.0,0.0,1.0,1.0,
3057,n,401.91,0.06999999999999318,phoneme,0.0,0.0,0.0,0.0,0.0,0.0,0.0,0.0,0.0,1.0,0.0,0.0,0.0,0.0,
3058,o,401.98,0.060000000000002274,phoneme,0.0,0.0,1.0,0.0,0.0,0.0,1.0,0.0,0.0,0.0,0.0,0.0,0.0,1.0,
3059,R,402.04,0.06999999999999318,phoneme,0.0,0.0,0.0,0.0,0.0,0.0,0.0,0.0,0.0,0.0,0.0,1.0,0.0,0.0,
3060,E,402.11,0.06999999999999318,phoneme,0.0,0.0,1.0,0.0,0.0,0.0,1.0,0.0,0.0,0.0,0.0,0.0,0.0,1.0,
3061,p,402.18,0.12000000000000455,phoneme,0.0,0.0,0.0,1.0,0.0,0.0,0.0,1.0,0.0,0.0,0.0,0.0,1.0,0.0,
3062,w,402.3,0.05000000000001137,phoneme,0.0,0.0,0.0,1.0,0.0,1.0,0.0,0.0,0.0,0.0,1.0,0.0,0.0,0.0,
3063,9~,402.35,0.07999999999998408,phoneme,0.0,0.0,1.0,0.0,0.0,0.0,1.0,0.0,0.0,1.0,0.0,0.0,0.0,1.0,
3064,d,402.43,0.040000000000020464,phoneme,0.0,0.0,0.0,0.0,0.0,0.0,0.0,1.0,0.0,0.0,0.0,0.0,1.0,1.0,
3065,@,402.47,0.049999999999954525,phoneme,0.0,0.0,1.0,0.0,0.0,0.0,1.0,0.0,0.0,0.0,0.0,0.0,0.0,1.0,
3066,v,402.52,0.040000000000020464,phoneme,0.0,0.0,0.0,0.0,0.0,0.0,0.0,0.0,1.0,0.0,0.0,0.0,1.0,1.0,
3067,a,402.56,0.07999999999998408,phoneme,1.0,0.0,0.0,0.0,0.0,0.0,1.0,0.0,0.0,0.0,0.0,0.0,0.0,1.0,
3068,k,402.64,0.12999999999999545,phoneme,0.0,0.0,0.0,0.0,0.0,1.0,0.0,1.0,0.0,0.0,0.0,0.0,1.0,0.0,
3069,a~,402.77,0.1500000000000341,phoneme,1.0,0.0,0.0,0.0,0.0,0.0,1.0,0.0,0.0,1.0,0.0,0.0,0.0,1.0,
3070,s,402.92,0.22999999999996135,phoneme,0.0,0.0,0.0,0.0,0.0,0.0,0.0,0.0,1.0,0.0,0.0,0.0,1.0,0.0,
3071,e~,404.76,0.13999999999998636,phoneme,0.0,0.0,1.0,0.0,0.0,0.0,1.0,0.0,0.0,1.0,0.0,0.0,0.0,1.0,
3072,s,404.9,0.21000000000003638,phoneme,0.0,0.0,0.0,0.0,0.0,0.0,0.0,0.0,1.0,0.0,0.0,0.0,1.0,0.0,
3073,i,405.11,0.060000000000002274,phoneme,0.0,1.0,0.0,0.0,0.0,0.0,1.0,0.0,0.0,0.0,0.0,0.0,0.0,1.0,
3074,l,405.17,0.060000000000002274,phoneme,0.0,0.0,0.0,0.0,0.0,0.0,0.0,0.0,0.0,0.0,1.0,0.0,0.0,0.0,
3075,@,405.23,0.0999999999999659,phoneme,0.0,0.0,1.0,0.0,0.0,0.0,1.0,0.0,0.0,0.0,0.0,0.0,0.0,1.0,
3076,p,405.33,0.05000000000001137,phoneme,0.0,0.0,0.0,1.0,0.0,0.0,0.0,1.0,0.0,0.0,0.0,0.0,1.0,0.0,
3077,@,405.38,0.06999999999999318,phoneme,0.0,0.0,1.0,0.0,0.0,0.0,1.0,0.0,0.0,0.0,0.0,0.0,0.0,1.0,
3078,t,405.45,0.07999999999998408,phoneme,0.0,0.0,0.0,0.0,0.0,0.0,0.0,1.0,0.0,0.0,0.0,0.0,1.0,0.0,
3079,i,405.53,0.10000000000002274,phoneme,0.0,1.0,0.0,0.0,0.0,0.0,1.0,0.0,0.0,0.0,0.0,0.0,0.0,1.0,
3080,p,405.63,0.040000000000020464,phoneme,0.0,0.0,0.0,1.0,0.0,0.0,0.0,1.0,0.0,0.0,0.0,0.0,1.0,0.0,
3081,R,405.67,0.07999999999998408,phoneme,0.0,0.0,0.0,0.0,0.0,0.0,0.0,0.0,0.0,0.0,0.0,1.0,0.0,0.0,
3082,e~,405.75,0.14999999999997726,phoneme,0.0,0.0,1.0,0.0,0.0,0.0,1.0,0.0,0.0,1.0,0.0,0.0,0.0,1.0,
3083,s,405.9,0.1500000000000341,phoneme,0.0,0.0,0.0,0.0,0.0,0.0,0.0,0.0,1.0,0.0,0.0,0.0,1.0,0.0,
3084,a,406.14,0.10000000000002274,phoneme,1.0,0.0,0.0,0.0,0.0,0.0,1.0,0.0,0.0,0.0,0.0,0.0,0.0,1.0,
3085,p,406.24,0.05000000000001137,phoneme,0.0,0.0,0.0,1.0,0.0,0.0,0.0,1.0,0.0,0.0,0.0,0.0,1.0,0.0,
3086,R,406.29,0.060000000000002274,phoneme,0.0,0.0,0.0,0.0,0.0,0.0,0.0,0.0,0.0,0.0,0.0,1.0,0.0,0.0,
3087,i,406.35,0.08999999999997499,phoneme,0.0,1.0,0.0,0.0,0.0,0.0,1.0,0.0,0.0,0.0,0.0,0.0,0.0,1.0,
3088,v,406.44,0.060000000000002274,phoneme,0.0,0.0,0.0,0.0,0.0,0.0,0.0,0.0,1.0,0.0,0.0,0.0,1.0,1.0,
3089,w,406.5,0.07999999999998408,phoneme,0.0,0.0,0.0,1.0,0.0,1.0,0.0,0.0,0.0,0.0,1.0,0.0,0.0,0.0,
3090,a,406.58,0.05000000000001137,phoneme,1.0,0.0,0.0,0.0,0.0,0.0,1.0,0.0,0.0,0.0,0.0,0.0,0.0,1.0,
3091,z,406.63,0.060000000000002274,phoneme,0.0,0.0,0.0,0.0,0.0,0.0,0.0,0.0,1.0,0.0,0.0,0.0,1.0,1.0,
3092,a,406.69,0.11000000000001364,phoneme,1.0,0.0,0.0,0.0,0.0,0.0,1.0,0.0,0.0,0.0,0.0,0.0,0.0,1.0,
3093,l,406.8,0.05000000000001137,phoneme,0.0,0.0,0.0,0.0,0.0,0.0,0.0,0.0,0.0,0.0,1.0,0.0,0.0,0.0,
3094,@,406.85,0.07999999999998408,phoneme,0.0,0.0,1.0,0.0,0.0,0.0,1.0,0.0,0.0,0.0,0.0,0.0,0.0,1.0,
3095,R,406.93,0.12000000000000455,phoneme,0.0,0.0,0.0,0.0,0.0,0.0,0.0,0.0,0.0,0.0,0.0,1.0,0.0,0.0,
3096,@,407.05,0.029999999999972715,phoneme,0.0,0.0,1.0,0.0,0.0,0.0,1.0,0.0,0.0,0.0,0.0,0.0,0.0,1.0,
3097,n,407.08,0.08000000000004093,phoneme,0.0,0.0,0.0,0.0,0.0,0.0,0.0,0.0,0.0,1.0,0.0,0.0,0.0,0.0,
3098,a,407.16,0.21999999999997044,phoneme,1.0,0.0,0.0,0.0,0.0,0.0,1.0,0.0,0.0,0.0,0.0,0.0,0.0,1.0,
3099,R,407.38,0.17000000000001592,phoneme,0.0,0.0,0.0,0.0,0.0,0.0,0.0,0.0,0.0,0.0,0.0,1.0,0.0,0.0,
3100,e,408.18,0.05000000000001137,phoneme,0.0,0.0,1.0,0.0,0.0,0.0,1.0,0.0,0.0,0.0,0.0,0.0,0.0,1.0,
3101,k,408.23,0.18000000000000682,phoneme,0.0,0.0,0.0,0.0,0.0,1.0,0.0,1.0,0.0,0.0,0.0,0.0,1.0,0.0,
3102,a~,408.41,0.0999999999999659,phoneme,1.0,0.0,0.0,0.0,0.0,0.0,1.0,0.0,0.0,1.0,0.0,0.0,0.0,1.0,
3103,l,408.51,0.10000000000002274,phoneme,0.0,0.0,0.0,0.0,0.0,0.0,0.0,0.0,0.0,0.0,1.0,0.0,0.0,0.0,
3104,9,408.61,0.14999999999997726,phoneme,0.0,0.0,1.0,0.0,0.0,0.0,1.0,0.0,0.0,0.0,0.0,0.0,0.0,1.0,
3105,R,408.76,0.03000000000002956,phoneme,0.0,0.0,0.0,0.0,0.0,0.0,0.0,0.0,0.0,0.0,0.0,1.0,0.0,0.0,
3106,d,408.79,0.03999999999996362,phoneme,0.0,0.0,0.0,0.0,0.0,0.0,0.0,1.0,0.0,0.0,0.0,0.0,1.0,1.0,
3107,y,408.83,0.10000000000002274,phoneme,0.0,1.0,0.0,0.0,0.0,0.0,1.0,0.0,0.0,0.0,0.0,0.0,0.0,1.0,
3108,d,408.93,0.05000000000001137,phoneme,0.0,0.0,0.0,0.0,0.0,0.0,0.0,1.0,0.0,0.0,0.0,0.0,1.0,1.0,
3109,e,408.98,0.12000000000000455,phoneme,0.0,0.0,1.0,0.0,0.0,0.0,1.0,0.0,0.0,0.0,0.0,0.0,0.0,1.0,
3110,p,409.1,0.060000000000002274,phoneme,0.0,0.0,0.0,1.0,0.0,0.0,0.0,1.0,0.0,0.0,0.0,0.0,1.0,0.0,
3111,a,409.16,0.0999999999999659,phoneme,1.0,0.0,0.0,0.0,0.0,0.0,1.0,0.0,0.0,0.0,0.0,0.0,0.0,1.0,
3112,R,409.26,0.09000000000003183,phoneme,0.0,0.0,0.0,0.0,0.0,0.0,0.0,0.0,0.0,0.0,0.0,1.0,0.0,0.0,
3113,f,409.35,0.0999999999999659,phoneme,0.0,0.0,0.0,0.0,0.0,0.0,0.0,0.0,1.0,0.0,0.0,0.0,1.0,0.0,
3114,y,409.45,0.060000000000002274,phoneme,0.0,1.0,0.0,0.0,0.0,0.0,1.0,0.0,0.0,0.0,0.0,0.0,0.0,1.0,
3115,p,409.51,0.09000000000003183,phoneme,0.0,0.0,0.0,1.0,0.0,0.0,0.0,1.0,0.0,0.0,0.0,0.0,1.0,0.0,
3116,R,409.6,0.1099999999999568,phoneme,0.0,0.0,0.0,0.0,0.0,0.0,0.0,0.0,0.0,0.0,0.0,1.0,0.0,0.0,
3117,O,409.71,0.10000000000002274,phoneme,0.0,0.0,1.0,0.0,0.0,0.0,1.0,0.0,0.0,0.0,0.0,0.0,0.0,1.0,
3118,S,409.81,0.2699999999999818,phoneme,0.0,0.0,0.0,0.0,0.0,0.0,0.0,0.0,1.0,0.0,0.0,0.0,1.0,0.0,
3119,a,411.21,0.30000000000001137,phoneme,1.0,0.0,0.0,0.0,0.0,0.0,1.0,0.0,0.0,0.0,0.0,0.0,0.0,1.0,
3120,d,411.94,0.07999999999998408,phoneme,0.0,0.0,0.0,0.0,0.0,0.0,0.0,1.0,0.0,0.0,0.0,0.0,1.0,1.0,
3121,i,412.02,0.06999999999999318,phoneme,0.0,1.0,0.0,0.0,0.0,0.0,1.0,0.0,0.0,0.0,0.0,0.0,0.0,1.0,
3122,l,412.09,0.05000000000001137,phoneme,0.0,0.0,0.0,0.0,0.0,0.0,0.0,0.0,0.0,0.0,1.0,0.0,0.0,0.0,
3123,@,412.14,0.06999999999999318,phoneme,0.0,0.0,1.0,0.0,0.0,0.0,1.0,0.0,0.0,0.0,0.0,0.0,0.0,1.0,
3124,R,412.21,0.08000000000004093,phoneme,0.0,0.0,0.0,0.0,0.0,0.0,0.0,0.0,0.0,0.0,0.0,1.0,0.0,0.0,
3125,@,412.29,0.060000000000002274,phoneme,0.0,0.0,1.0,0.0,0.0,0.0,1.0,0.0,0.0,0.0,0.0,0.0,0.0,1.0,
3126,n,412.35,0.07999999999998408,phoneme,0.0,0.0,0.0,0.0,0.0,0.0,0.0,0.0,0.0,1.0,0.0,0.0,0.0,0.0,
3127,a,412.43,0.17000000000001592,phoneme,1.0,0.0,0.0,0.0,0.0,0.0,1.0,0.0,0.0,0.0,0.0,0.0,0.0,1.0,
3128,R,412.6,0.25,phoneme,0.0,0.0,0.0,0.0,0.0,0.0,0.0,0.0,0.0,0.0,0.0,1.0,0.0,0.0,
3129,S,413.47,0.13999999999998636,phoneme,0.0,0.0,0.0,0.0,0.0,0.0,0.0,0.0,1.0,0.0,0.0,0.0,1.0,0.0,
3130,p,413.61,0.15999999999996817,phoneme,0.0,0.0,0.0,1.0,0.0,0.0,0.0,1.0,0.0,0.0,0.0,0.0,1.0,0.0,
3131,l,413.77,0.09000000000003183,phoneme,0.0,0.0,0.0,0.0,0.0,0.0,0.0,0.0,0.0,0.0,1.0,0.0,0.0,0.0,
3132,2,413.86,0.06999999999999318,phoneme,0.0,0.0,1.0,0.0,0.0,0.0,1.0,0.0,0.0,0.0,0.0,0.0,0.0,1.0,
3133,R,413.93,0.08999999999997499,phoneme,0.0,0.0,0.0,0.0,0.0,0.0,0.0,0.0,0.0,0.0,0.0,1.0,0.0,0.0,
3134,@,414.02,0.11000000000001364,phoneme,0.0,0.0,1.0,0.0,0.0,0.0,1.0,0.0,0.0,0.0,0.0,0.0,0.0,1.0,
3135,R,414.13,0.10000000000002274,phoneme,0.0,0.0,0.0,0.0,0.0,0.0,0.0,0.0,0.0,0.0,0.0,1.0,0.0,0.0,
3136,e,414.23,0.12999999999999545,phoneme,0.0,0.0,1.0,0.0,0.0,0.0,1.0,0.0,0.0,0.0,0.0,0.0,0.0,1.0,
3137,s,415.53,0.1400000000000432,phoneme,0.0,0.0,0.0,0.0,0.0,0.0,0.0,0.0,1.0,0.0,0.0,0.0,1.0,0.0,
3138,E,415.67,0.06999999999999318,phoneme,0.0,0.0,1.0,0.0,0.0,0.0,1.0,0.0,0.0,0.0,0.0,0.0,0.0,1.0,
3139,t,415.74,0.08999999999997499,phoneme,0.0,0.0,0.0,0.0,0.0,0.0,0.0,1.0,0.0,0.0,0.0,0.0,1.0,0.0,
3140,a,415.83,0.10000000000002274,phoneme,1.0,0.0,0.0,0.0,0.0,0.0,1.0,0.0,0.0,0.0,0.0,0.0,0.0,1.0,
3141,f,415.93,0.12999999999999545,phoneme,0.0,0.0,0.0,0.0,0.0,0.0,0.0,0.0,1.0,0.0,0.0,0.0,1.0,0.0,
3142,o,416.06,0.160000000000025,phoneme,0.0,0.0,1.0,0.0,0.0,0.0,1.0,0.0,0.0,0.0,0.0,0.0,0.0,1.0,
3143,t,416.22,0.25,phoneme,0.0,0.0,0.0,0.0,0.0,0.0,0.0,1.0,0.0,0.0,0.0,0.0,1.0,0.0,
3144,d,416.65,0.12999999999999545,phoneme,0.0,0.0,0.0,0.0,0.0,0.0,0.0,1.0,0.0,0.0,0.0,0.0,1.0,1.0,
3145,i,416.78,0.060000000000002274,phoneme,0.0,1.0,0.0,0.0,0.0,0.0,1.0,0.0,0.0,0.0,0.0,0.0,0.0,1.0,
3146,l,416.84,0.03000000000002956,phoneme,0.0,0.0,0.0,0.0,0.0,0.0,0.0,0.0,0.0,0.0,1.0,0.0,0.0,0.0,
3147,@,416.87,0.06999999999999318,phoneme,0.0,0.0,1.0,0.0,0.0,0.0,1.0,0.0,0.0,0.0,0.0,0.0,0.0,1.0,
3148,p,416.94,0.040000000000020464,phoneme,0.0,0.0,0.0,1.0,0.0,0.0,0.0,1.0,0.0,0.0,0.0,0.0,1.0,0.0,
3149,@,416.98,0.08999999999997499,phoneme,0.0,0.0,1.0,0.0,0.0,0.0,1.0,0.0,0.0,0.0,0.0,0.0,0.0,1.0,
3150,t,417.07,0.09000000000003183,phoneme,0.0,0.0,0.0,0.0,0.0,0.0,0.0,1.0,0.0,0.0,0.0,0.0,1.0,0.0,
3151,i,417.16,0.07999999999998408,phoneme,0.0,1.0,0.0,0.0,0.0,0.0,1.0,0.0,0.0,0.0,0.0,0.0,0.0,1.0,
3152,p,417.24,0.029999999999972715,phoneme,0.0,0.0,0.0,1.0,0.0,0.0,0.0,1.0,0.0,0.0,0.0,0.0,1.0,0.0,
3153,R,417.27,0.10000000000002274,phoneme,0.0,0.0,0.0,0.0,0.0,0.0,0.0,0.0,0.0,0.0,0.0,1.0,0.0,0.0,
3154,e~,417.37,0.14999999999997726,phoneme,0.0,0.0,1.0,0.0,0.0,0.0,1.0,0.0,0.0,1.0,0.0,0.0,0.0,1.0,
3155,s,417.52,0.2599999999999909,phoneme,0.0,0.0,0.0,0.0,0.0,0.0,0.0,0.0,1.0,0.0,0.0,0.0,1.0,0.0,
3156,Z,418.17,0.1099999999999568,phoneme,0.0,0.0,0.0,0.0,0.0,0.0,0.0,0.0,1.0,0.0,0.0,0.0,1.0,1.0,
3157,@,418.28,0.05000000000001137,phoneme,0.0,0.0,1.0,0.0,0.0,0.0,1.0,0.0,0.0,0.0,0.0,0.0,0.0,1.0,
3158,n,418.33,0.040000000000020464,phoneme,0.0,0.0,0.0,0.0,0.0,0.0,0.0,0.0,0.0,1.0,0.0,0.0,0.0,0.0,
3159,@,418.37,0.05000000000001137,phoneme,0.0,0.0,1.0,0.0,0.0,0.0,1.0,0.0,0.0,0.0,0.0,0.0,0.0,1.0,
3160,t,418.42,0.07999999999998408,phoneme,0.0,0.0,0.0,0.0,0.0,0.0,0.0,1.0,0.0,0.0,0.0,0.0,1.0,0.0,
3161,@,418.5,0.0649890000000255,phoneme,0.0,0.0,1.0,0.0,0.0,0.0,1.0,0.0,0.0,0.0,0.0,0.0,0.0,1.0,
3162,s,418.564989,0.08498799999995299,phoneme,0.0,0.0,0.0,0.0,0.0,0.0,0.0,0.0,1.0,0.0,0.0,0.0,1.0,0.0,
3163,u,418.649977,0.06002300000000105,phoneme,0.0,1.0,0.0,0.0,0.0,0.0,1.0,0.0,0.0,0.0,0.0,0.0,0.0,1.0,
3164,E,418.71,0.060000000000002274,phoneme,0.0,0.0,1.0,0.0,0.0,0.0,1.0,0.0,0.0,0.0,0.0,0.0,0.0,1.0,
3165,t,418.77,0.06999999999999318,phoneme,0.0,0.0,0.0,0.0,0.0,0.0,0.0,1.0,0.0,0.0,0.0,0.0,1.0,0.0,
3166,E,418.84,0.09000000000003183,phoneme,0.0,0.0,1.0,0.0,0.0,0.0,1.0,0.0,0.0,0.0,0.0,0.0,0.0,1.0,
3167,p,418.93,0.08999999999997499,phoneme,0.0,0.0,0.0,1.0,0.0,0.0,0.0,1.0,0.0,0.0,0.0,0.0,1.0,0.0,
3168,w,419.02,0.040000000000020464,phoneme,0.0,0.0,0.0,1.0,0.0,1.0,0.0,0.0,0.0,0.0,1.0,0.0,0.0,0.0,
3169,e~,419.06,0.06999999999999318,phoneme,0.0,0.0,1.0,0.0,0.0,0.0,1.0,0.0,0.0,1.0,0.0,0.0,0.0,1.0,
3170,d,419.13,0.060000000000002274,phoneme,0.0,0.0,0.0,0.0,0.0,0.0,0.0,1.0,0.0,0.0,0.0,0.0,1.0,1.0,
3171,@,419.19,0.0749890000000164,phoneme,0.0,0.0,1.0,0.0,0.0,0.0,1.0,0.0,0.0,0.0,0.0,0.0,0.0,1.0,
3172,m,419.264989,0.08498800000000983,phoneme,0.0,0.0,0.0,1.0,0.0,0.0,0.0,0.0,0.0,1.0,0.0,0.0,0.0,0.0,
3173,a,419.349977,0.0500229999999533,phoneme,1.0,0.0,0.0,0.0,0.0,0.0,1.0,0.0,0.0,0.0,0.0,0.0,0.0,1.0,
3174,l,419.4,0.2300000000000182,phoneme,0.0,0.0,0.0,0.0,0.0,0.0,0.0,0.0,0.0,0.0,1.0,0.0,0.0,0.0,
3175,m,419.85,0.06999999999999318,phoneme,0.0,0.0,0.0,1.0,0.0,0.0,0.0,0.0,0.0,1.0,0.0,0.0,0.0,0.0,
3176,E,419.92,0.060000000000002274,phoneme,0.0,0.0,1.0,0.0,0.0,0.0,1.0,0.0,0.0,0.0,0.0,0.0,0.0,1.0,
3177,t,419.98,0.0999999999999659,phoneme,0.0,0.0,0.0,0.0,0.0,0.0,0.0,1.0,0.0,0.0,0.0,0.0,1.0,0.0,
3178,y,420.08,0.05000000000001137,phoneme,0.0,1.0,0.0,0.0,0.0,0.0,1.0,0.0,0.0,0.0,0.0,0.0,0.0,1.0,
3179,a,420.13,0.09000000000003183,phoneme,1.0,0.0,0.0,0.0,0.0,0.0,1.0,0.0,0.0,0.0,0.0,0.0,0.0,1.0,
3180,v,420.22,0.029999999999972715,phoneme,0.0,0.0,0.0,0.0,0.0,0.0,0.0,0.0,1.0,0.0,0.0,0.0,1.0,1.0,
3181,u,420.25,0.08999999999997499,phoneme,0.0,1.0,0.0,0.0,0.0,0.0,1.0,0.0,0.0,0.0,0.0,0.0,0.0,1.0,
3182,l,420.34,0.03000000000002956,phoneme,0.0,0.0,0.0,0.0,0.0,0.0,0.0,0.0,0.0,0.0,1.0,0.0,0.0,0.0,
3183,y,420.37,0.05000000000001137,phoneme,0.0,1.0,0.0,0.0,0.0,0.0,1.0,0.0,0.0,0.0,0.0,0.0,0.0,1.0,
3184,k,420.42,0.1099999999999568,phoneme,0.0,0.0,0.0,0.0,0.0,1.0,0.0,1.0,0.0,0.0,0.0,0.0,1.0,0.0,
3185,@,420.53,0.03498900000005278,phoneme,0.0,0.0,1.0,0.0,0.0,0.0,1.0,0.0,0.0,0.0,0.0,0.0,0.0,1.0,
3186,Z,420.564989,0.06498799999997118,phoneme,0.0,0.0,0.0,0.0,0.0,0.0,0.0,0.0,1.0,0.0,0.0,0.0,1.0,1.0,
3187,@,420.629977,0.04002300000001924,phoneme,0.0,0.0,1.0,0.0,0.0,0.0,1.0,0.0,0.0,0.0,0.0,0.0,0.0,1.0,
3188,t,420.67,0.0999999999999659,phoneme,0.0,0.0,0.0,0.0,0.0,0.0,0.0,1.0,0.0,0.0,0.0,0.0,1.0,0.0,
3189,a,420.77,0.06999999999999318,phoneme,1.0,0.0,0.0,0.0,0.0,0.0,1.0,0.0,0.0,0.0,0.0,0.0,0.0,1.0,
3190,p,420.84,0.05000000000001137,phoneme,0.0,0.0,0.0,1.0,0.0,0.0,0.0,1.0,0.0,0.0,0.0,0.0,1.0,0.0,
3191,R,420.89,0.060000000000002274,phoneme,0.0,0.0,0.0,0.0,0.0,0.0,0.0,0.0,0.0,0.0,0.0,1.0,0.0,0.0,
3192,i,420.95,0.07999999999998408,phoneme,0.0,1.0,0.0,0.0,0.0,0.0,1.0,0.0,0.0,0.0,0.0,0.0,0.0,1.0,
3193,v,421.03,0.040000000000020464,phoneme,0.0,0.0,0.0,0.0,0.0,0.0,0.0,0.0,1.0,0.0,0.0,0.0,1.0,1.0,
3194,w,421.07,0.09000000000003183,phoneme,0.0,0.0,0.0,1.0,0.0,1.0,0.0,0.0,0.0,0.0,1.0,0.0,0.0,0.0,
3195,a,421.16,0.16999999999995907,phoneme,1.0,0.0,0.0,0.0,0.0,0.0,1.0,0.0,0.0,0.0,0.0,0.0,0.0,1.0,
3196,z,421.33,0.1500000000000341,phoneme,0.0,0.0,0.0,0.0,0.0,0.0,0.0,0.0,1.0,0.0,0.0,0.0,1.0,1.0,
3197,b,422.33,0.03000000000002956,phoneme,0.0,0.0,0.0,1.0,0.0,0.0,0.0,1.0,0.0,0.0,0.0,0.0,1.0,1.0,
3198,j,422.36,0.07999999999998408,phoneme,0.0,0.0,0.0,0.0,0.0,0.0,0.0,0.0,0.0,0.0,1.0,0.0,0.0,0.0,
3199,9~,422.44,0.07999999999998408,phoneme,0.0,0.0,1.0,0.0,0.0,0.0,1.0,0.0,0.0,1.0,0.0,0.0,0.0,1.0,
3200,s,422.52,0.12999999999999545,phoneme,0.0,0.0,0.0,0.0,0.0,0.0,0.0,0.0,1.0,0.0,0.0,0.0,1.0,0.0,
3201,y,422.65,0.22000000000002728,phoneme,0.0,1.0,0.0,0.0,0.0,0.0,1.0,0.0,0.0,0.0,0.0,0.0,0.0,1.0,
3202,R,422.87,0.12999999999999545,phoneme,0.0,0.0,0.0,0.0,0.0,0.0,0.0,0.0,0.0,0.0,0.0,1.0,0.0,0.0,
3203,d,423.36,0.0999999999999659,phoneme,0.0,0.0,0.0,0.0,0.0,0.0,0.0,1.0,0.0,0.0,0.0,0.0,1.0,1.0,
3204,i,423.46,0.05000000000001137,phoneme,0.0,1.0,0.0,0.0,0.0,0.0,1.0,0.0,0.0,0.0,0.0,0.0,0.0,1.0,
3205,l,423.51,0.06999999999999318,phoneme,0.0,0.0,0.0,0.0,0.0,0.0,0.0,0.0,0.0,0.0,1.0,0.0,0.0,0.0,
3206,@,423.58,0.05000000000001137,phoneme,0.0,0.0,1.0,0.0,0.0,0.0,1.0,0.0,0.0,0.0,0.0,0.0,0.0,1.0,
3207,R,423.63,0.12000000000000455,phoneme,0.0,0.0,0.0,0.0,0.0,0.0,0.0,0.0,0.0,0.0,0.0,1.0,0.0,0.0,
3208,@,423.75,0.029999999999972715,phoneme,0.0,0.0,1.0,0.0,0.0,0.0,1.0,0.0,0.0,0.0,0.0,0.0,0.0,1.0,
3209,n,423.78,0.07000000000005002,phoneme,0.0,0.0,0.0,0.0,0.0,0.0,0.0,0.0,0.0,1.0,0.0,0.0,0.0,0.0,
3210,a,423.85,0.15999999999996817,phoneme,1.0,0.0,0.0,0.0,0.0,0.0,1.0,0.0,0.0,0.0,0.0,0.0,0.0,1.0,
3211,R,424.01,0.17000000000001592,phoneme,0.0,0.0,0.0,0.0,0.0,0.0,0.0,0.0,0.0,0.0,0.0,1.0,0.0,0.0,
3212,m,425.01,0.07999999999998408,phoneme,0.0,0.0,0.0,1.0,0.0,0.0,0.0,0.0,0.0,1.0,0.0,0.0,0.0,0.0,
3213,E,425.09,0.040000000000020464,phoneme,0.0,0.0,1.0,0.0,0.0,0.0,1.0,0.0,0.0,0.0,0.0,0.0,0.0,1.0,
3214,t,425.13,0.10000000000002274,phoneme,0.0,0.0,0.0,0.0,0.0,0.0,0.0,1.0,0.0,0.0,0.0,0.0,1.0,0.0,
3215,y,425.23,0.06999999999999318,phoneme,0.0,1.0,0.0,0.0,0.0,0.0,1.0,0.0,0.0,0.0,0.0,0.0,0.0,1.0,
3216,v,425.3,0.029999999999972715,phoneme,0.0,0.0,0.0,0.0,0.0,0.0,0.0,0.0,1.0,0.0,0.0,0.0,1.0,1.0,
3217,a,425.33,0.11000000000001364,phoneme,1.0,0.0,0.0,0.0,0.0,0.0,1.0,0.0,0.0,0.0,0.0,0.0,0.0,1.0,
3218,p,425.44,0.12000000000000455,phoneme,0.0,0.0,0.0,1.0,0.0,0.0,0.0,1.0,0.0,0.0,0.0,0.0,1.0,0.0,
3219,l,425.56,0.029999999999972715,phoneme,0.0,0.0,0.0,0.0,0.0,0.0,0.0,0.0,0.0,0.0,1.0,0.0,0.0,0.0,
3220,2,425.59,0.05000000000001137,phoneme,0.0,0.0,1.0,0.0,0.0,0.0,1.0,0.0,0.0,0.0,0.0,0.0,0.0,1.0,
3221,R,425.64,0.11000000000001364,phoneme,0.0,0.0,0.0,0.0,0.0,0.0,0.0,0.0,0.0,0.0,0.0,1.0,0.0,0.0,
3222,e,425.75,0.22000000000002728,phoneme,0.0,0.0,1.0,0.0,0.0,0.0,1.0,0.0,0.0,0.0,0.0,0.0,0.0,1.0,
3223,d,426.42,0.0999999999999659,phoneme,0.0,0.0,0.0,0.0,0.0,0.0,0.0,1.0,0.0,0.0,0.0,0.0,1.0,1.0,
3224,i,426.52,0.060000000000002274,phoneme,0.0,1.0,0.0,0.0,0.0,0.0,1.0,0.0,0.0,0.0,0.0,0.0,0.0,1.0,
3225,l,426.58,0.03000000000002956,phoneme,0.0,0.0,0.0,0.0,0.0,0.0,0.0,0.0,0.0,0.0,1.0,0.0,0.0,0.0,
3226,@,426.61,0.06999999999999318,phoneme,0.0,0.0,1.0,0.0,0.0,0.0,1.0,0.0,0.0,0.0,0.0,0.0,0.0,1.0,
3227,p,426.68,0.06999999999999318,phoneme,0.0,0.0,0.0,1.0,0.0,0.0,0.0,1.0,0.0,0.0,0.0,0.0,1.0,0.0,
3228,@,426.75,0.060000000000002274,phoneme,0.0,0.0,1.0,0.0,0.0,0.0,1.0,0.0,0.0,0.0,0.0,0.0,0.0,1.0,
3229,t,426.81,0.10000000000002274,phoneme,0.0,0.0,0.0,0.0,0.0,0.0,0.0,1.0,0.0,0.0,0.0,0.0,1.0,0.0,
3230,i,426.91,0.03999999999996362,phoneme,0.0,1.0,0.0,0.0,0.0,0.0,1.0,0.0,0.0,0.0,0.0,0.0,0.0,1.0,
3231,p,426.95,0.05000000000001137,phoneme,0.0,0.0,0.0,1.0,0.0,0.0,0.0,1.0,0.0,0.0,0.0,0.0,1.0,0.0,
3232,R,427.0,0.11000000000001364,phoneme,0.0,0.0,0.0,0.0,0.0,0.0,0.0,0.0,0.0,0.0,0.0,1.0,0.0,0.0,
3233,e~,427.11,0.14999999999997726,phoneme,0.0,0.0,1.0,0.0,0.0,0.0,1.0,0.0,0.0,1.0,0.0,0.0,0.0,1.0,
3234,s,427.26,0.2400000000000091,phoneme,0.0,0.0,0.0,0.0,0.0,0.0,0.0,0.0,1.0,0.0,0.0,0.0,1.0,0.0,
3235,b,428.04,0.07999999999998408,phoneme,0.0,0.0,0.0,1.0,0.0,0.0,0.0,1.0,0.0,0.0,0.0,0.0,1.0,1.0,
3236,j,428.12,0.08999999999997499,phoneme,0.0,0.0,0.0,0.0,0.0,0.0,0.0,0.0,0.0,0.0,1.0,0.0,0.0,0.0,
3237,e~,428.21,0.06999999999999318,phoneme,0.0,0.0,1.0,0.0,0.0,0.0,1.0,0.0,0.0,1.0,0.0,0.0,0.0,1.0,
3238,s,428.28,0.18000000000000682,phoneme,0.0,0.0,0.0,0.0,0.0,0.0,0.0,0.0,1.0,0.0,0.0,0.0,1.0,0.0,
3239,y,428.46,0.20000000000004547,phoneme,0.0,1.0,0.0,0.0,0.0,0.0,1.0,0.0,0.0,0.0,0.0,0.0,0.0,1.0,
3240,R,428.66,0.12999999999999545,phoneme,0.0,0.0,0.0,0.0,0.0,0.0,0.0,0.0,0.0,0.0,0.0,1.0,0.0,0.0,
3241,d,429.18,0.0999999999999659,phoneme,0.0,0.0,0.0,0.0,0.0,0.0,0.0,1.0,0.0,0.0,0.0,0.0,1.0,1.0,
3242,i,429.28,0.05000000000001137,phoneme,0.0,1.0,0.0,0.0,0.0,0.0,1.0,0.0,0.0,0.0,0.0,0.0,0.0,1.0,
3243,l,429.33,0.11000000000001364,phoneme,0.0,0.0,0.0,0.0,0.0,0.0,0.0,0.0,0.0,0.0,1.0,0.0,0.0,0.0,
3244,R,429.44,0.160000000000025,phoneme,0.0,0.0,0.0,0.0,0.0,0.0,0.0,0.0,0.0,0.0,0.0,1.0,0.0,0.0,
3245,@,429.6,0.029999999999972715,phoneme,0.0,0.0,1.0,0.0,0.0,0.0,1.0,0.0,0.0,0.0,0.0,0.0,0.0,1.0,
3246,n,429.63,0.06999999999999318,phoneme,0.0,0.0,0.0,0.0,0.0,0.0,0.0,0.0,0.0,1.0,0.0,0.0,0.0,0.0,
3247,a,429.7,0.03000000000002956,phoneme,1.0,0.0,0.0,0.0,0.0,0.0,1.0,0.0,0.0,0.0,0.0,0.0,0.0,1.0,
3248,a,429.73,0.08999999999997499,phoneme,1.0,0.0,0.0,0.0,0.0,0.0,1.0,0.0,0.0,0.0,0.0,0.0,0.0,1.0,
3249,l,429.82,0.03000000000002956,phoneme,0.0,0.0,0.0,0.0,0.0,0.0,0.0,0.0,0.0,0.0,1.0,0.0,0.0,0.0,
3250,O,429.85,0.03999999999996362,phoneme,0.0,0.0,1.0,0.0,0.0,0.0,1.0,0.0,0.0,0.0,0.0,0.0,0.0,1.0,
3251,t,429.89,0.11000000000001364,phoneme,0.0,0.0,0.0,0.0,0.0,0.0,0.0,1.0,0.0,0.0,0.0,0.0,1.0,0.0,
3252,n,430.0,0.029999999999972715,phoneme,0.0,0.0,0.0,0.0,0.0,0.0,0.0,0.0,0.0,1.0,0.0,0.0,0.0,0.0,
3253,i,430.03,0.03000000000002956,phoneme,0.0,1.0,0.0,0.0,0.0,0.0,1.0,0.0,0.0,0.0,0.0,0.0,0.0,1.0,
3254,g,430.85,0.03999999999996362,phoneme,0.0,0.0,0.0,0.0,0.0,1.0,0.0,1.0,0.0,0.0,0.0,0.0,1.0,1.0,
3255,a,430.89,0.03000000000002956,phoneme,1.0,0.0,0.0,0.0,0.0,0.0,1.0,0.0,0.0,0.0,0.0,0.0,0.0,1.0,
3256,J,430.92,0.029999999999972715,phoneme,0.0,0.0,0.0,0.0,0.0,0.0,0.0,0.0,0.0,1.0,0.0,0.0,0.0,0.0,
3257,R,430.95,0.03000000000002956,phoneme,0.0,0.0,0.0,0.0,0.0,0.0,0.0,0.0,0.0,0.0,0.0,1.0,0.0,0.0,
3258,j,430.98,0.049999999999954525,phoneme,0.0,0.0,0.0,0.0,0.0,0.0,0.0,0.0,0.0,0.0,1.0,0.0,0.0,0.0,
3259,e~,431.03,0.11000000000001364,phoneme,0.0,0.0,1.0,0.0,0.0,0.0,1.0,0.0,0.0,1.0,0.0,0.0,0.0,1.0,
3260,s,431.14,0.11000000000001364,phoneme,0.0,0.0,0.0,0.0,0.0,0.0,0.0,0.0,1.0,0.0,0.0,0.0,1.0,0.0,
3261,i,431.25,0.060000000000002274,phoneme,0.0,1.0,0.0,0.0,0.0,0.0,1.0,0.0,0.0,0.0,0.0,0.0,0.0,1.0,
3262,l,431.31,0.029999999999972715,phoneme,0.0,0.0,0.0,0.0,0.0,0.0,0.0,0.0,0.0,0.0,1.0,0.0,0.0,0.0,
3263,y,431.34,0.03000000000002956,phoneme,0.0,1.0,0.0,0.0,0.0,0.0,1.0,0.0,0.0,0.0,0.0,0.0,0.0,1.0,
3264,v,431.37,0.029999999999972715,phoneme,0.0,0.0,0.0,0.0,0.0,0.0,0.0,0.0,1.0,0.0,0.0,0.0,1.0,1.0,
3265,i,431.4,0.03000000000002956,phoneme,0.0,1.0,0.0,0.0,0.0,0.0,1.0,0.0,0.0,0.0,0.0,0.0,0.0,1.0,
3266,e~,431.43,0.040000000000020464,phoneme,0.0,0.0,1.0,0.0,0.0,0.0,1.0,0.0,0.0,1.0,0.0,0.0,0.0,1.0,
3267,p,431.47,0.05999999999994543,phoneme,0.0,0.0,0.0,1.0,0.0,0.0,0.0,1.0,0.0,0.0,0.0,0.0,1.0,0.0,
3268,a,431.53,0.060000000000002274,phoneme,1.0,0.0,0.0,0.0,0.0,0.0,1.0,0.0,0.0,0.0,0.0,0.0,0.0,1.0,
3269,E,431.59,0.040000000000020464,phoneme,0.0,0.0,1.0,0.0,0.0,0.0,1.0,0.0,0.0,0.0,0.0,0.0,0.0,1.0,
3270,g,431.63,0.160000000000025,phoneme,0.0,0.0,0.0,0.0,0.0,1.0,0.0,1.0,0.0,0.0,0.0,0.0,1.0,1.0,
3271,z,431.79,0.029999999999972715,phoneme,0.0,0.0,0.0,0.0,0.0,0.0,0.0,0.0,1.0,0.0,0.0,0.0,1.0,1.0,
3272,a~,431.82,0.040000000000020464,phoneme,1.0,0.0,0.0,0.0,0.0,0.0,1.0,0.0,0.0,1.0,0.0,0.0,0.0,1.0,
3273,p,431.86,0.029999999999972715,phoneme,0.0,0.0,0.0,1.0,0.0,0.0,0.0,1.0,0.0,0.0,0.0,0.0,1.0,0.0,
3274,l,431.89,0.10000000000002274,phoneme,0.0,0.0,0.0,0.0,0.0,0.0,0.0,0.0,0.0,0.0,1.0,0.0,0.0,0.0,
3275,a,431.99,0.029999999999972715,phoneme,1.0,0.0,0.0,0.0,0.0,0.0,1.0,0.0,0.0,0.0,0.0,0.0,0.0,1.0,
3276,k,432.02,0.03000000000002956,phoneme,0.0,0.0,0.0,0.0,0.0,1.0,0.0,1.0,0.0,0.0,0.0,0.0,1.0,0.0,
3277,a,432.05,0.03999999999996362,phoneme,1.0,0.0,0.0,0.0,0.0,0.0,1.0,0.0,0.0,0.0,0.0,0.0,0.0,1.0,
3278,t,432.09,0.03000000000002956,phoneme,0.0,0.0,0.0,0.0,0.0,0.0,0.0,1.0,0.0,0.0,0.0,0.0,1.0,0.0,
3279,9,432.12,0.040000000000020464,phoneme,0.0,0.0,1.0,0.0,0.0,0.0,1.0,0.0,0.0,0.0,0.0,0.0,0.0,1.0,
3280,R,432.16,0.029999999999972715,phoneme,0.0,0.0,0.0,0.0,0.0,0.0,0.0,0.0,0.0,0.0,0.0,1.0,0.0,0.0,
3281,d,432.85,0.029999999999972715,phoneme,0.0,0.0,0.0,0.0,0.0,0.0,0.0,1.0,0.0,0.0,0.0,0.0,1.0,1.0,
3282,l,432.93,0.040000000000020464,phoneme,0.0,0.0,0.0,0.0,0.0,0.0,0.0,0.0,0.0,0.0,1.0,0.0,0.0,0.0,
3283,a,432.97,0.029999999999972715,phoneme,1.0,0.0,0.0,0.0,0.0,0.0,1.0,0.0,0.0,0.0,0.0,0.0,0.0,1.0,
3284,p,433.0,0.029999999999972715,phoneme,0.0,0.0,0.0,1.0,0.0,0.0,0.0,1.0,0.0,0.0,0.0,0.0,1.0,0.0,
3285,R,433.03,0.03000000000002956,phoneme,0.0,0.0,0.0,0.0,0.0,0.0,0.0,0.0,0.0,0.0,0.0,1.0,0.0,0.0,
3286,E,433.06,0.029999999999972715,phoneme,0.0,0.0,1.0,0.0,0.0,0.0,1.0,0.0,0.0,0.0,0.0,0.0,0.0,1.0,
3287,m,433.09,0.03000000000002956,phoneme,0.0,0.0,0.0,1.0,0.0,0.0,0.0,0.0,0.0,1.0,0.0,0.0,0.0,0.0,
3288,i,433.12,0.029999999999972715,phoneme,0.0,1.0,0.0,0.0,0.0,0.0,1.0,0.0,0.0,0.0,0.0,0.0,0.0,1.0,
3289,d,433.15,0.03000000000002956,phoneme,0.0,0.0,0.0,0.0,0.0,0.0,0.0,1.0,0.0,0.0,0.0,0.0,1.0,1.0,
3290,i,433.18,0.029999999999972715,phoneme,0.0,1.0,0.0,0.0,0.0,0.0,1.0,0.0,0.0,0.0,0.0,0.0,0.0,1.0,
3291,d,433.21,0.03000000000002956,phoneme,0.0,0.0,0.0,0.0,0.0,0.0,0.0,1.0,0.0,0.0,0.0,0.0,1.0,1.0,
3292,E,433.24,0.05000000000001137,phoneme,0.0,0.0,1.0,0.0,0.0,0.0,1.0,0.0,0.0,0.0,0.0,0.0,0.0,1.0,
3293,t,433.29,0.060000000000002274,phoneme,0.0,0.0,0.0,0.0,0.0,0.0,0.0,1.0,0.0,0.0,0.0,0.0,1.0,0.0,
3294,R,433.35,0.029999999999972715,phoneme,0.0,0.0,0.0,0.0,0.0,0.0,0.0,0.0,0.0,0.0,0.0,1.0,0.0,0.0,
3295,w,433.38,0.03000000000002956,phoneme,0.0,0.0,0.0,1.0,0.0,1.0,0.0,0.0,0.0,0.0,1.0,0.0,0.0,0.0,
3296,a,433.41,0.029999999999972715,phoneme,1.0,0.0,0.0,0.0,0.0,0.0,1.0,0.0,0.0,0.0,0.0,0.0,0.0,1.0,
3297,9,433.44,0.040000000000020464,phoneme,0.0,0.0,1.0,0.0,0.0,0.0,1.0,0.0,0.0,0.0,0.0,0.0,0.0,1.0,
3298,R,433.48,0.029999999999972715,phoneme,0.0,0.0,0.0,0.0,0.0,0.0,0.0,0.0,0.0,0.0,0.0,1.0,0.0,0.0,
3299,Z,433.51,0.03000000000002956,phoneme,0.0,0.0,0.0,0.0,0.0,0.0,0.0,0.0,1.0,0.0,0.0,0.0,1.0,1.0,
3300,k,433.54,0.029999999999972715,phoneme,0.0,0.0,0.0,0.0,0.0,1.0,0.0,1.0,0.0,0.0,0.0,0.0,1.0,0.0,
3301,o,433.57,0.03000000000002956,phoneme,0.0,0.0,1.0,0.0,0.0,0.0,1.0,0.0,0.0,0.0,0.0,0.0,0.0,1.0,
3302,m,433.6,0.029999999999972715,phoneme,0.0,0.0,0.0,1.0,0.0,0.0,0.0,0.0,0.0,1.0,0.0,0.0,0.0,0.0,
3303,a~,433.63,0.040000000000020464,phoneme,1.0,0.0,0.0,0.0,0.0,0.0,1.0,0.0,0.0,1.0,0.0,0.0,0.0,1.0,
3304,s,433.67,0.029999999999972715,phoneme,0.0,0.0,0.0,0.0,0.0,0.0,0.0,0.0,1.0,0.0,0.0,0.0,1.0,0.0,
3305,R,433.7,0.03000000000002956,phoneme,0.0,0.0,0.0,0.0,0.0,0.0,0.0,0.0,0.0,0.0,0.0,1.0,0.0,0.0,
3306,e,433.73,0.029999999999972715,phoneme,0.0,0.0,1.0,0.0,0.0,0.0,1.0,0.0,0.0,0.0,0.0,0.0,0.0,1.0,
3307,d,434.08,0.05000000000001137,phoneme,0.0,0.0,0.0,0.0,0.0,0.0,0.0,1.0,0.0,0.0,0.0,0.0,1.0,1.0,
3308,E,434.13,0.03000000000002956,phoneme,0.0,0.0,1.0,0.0,0.0,0.0,1.0,0.0,0.0,0.0,0.0,0.0,0.0,1.0,
3309,t,434.16,0.060000000000002274,phoneme,0.0,0.0,0.0,0.0,0.0,0.0,0.0,1.0,0.0,0.0,0.0,0.0,1.0,0.0,
3310,2,434.22,0.08999999999997499,phoneme,0.0,0.0,1.0,0.0,0.0,0.0,1.0,0.0,0.0,0.0,0.0,0.0,0.0,1.0,
3311,R,434.31,0.029999999999972715,phoneme,0.0,0.0,0.0,0.0,0.0,0.0,0.0,0.0,0.0,0.0,0.0,1.0,0.0,0.0,
3312,2,434.34,0.040000000000020464,phoneme,0.0,0.0,1.0,0.0,0.0,0.0,1.0,0.0,0.0,0.0,0.0,0.0,0.0,1.0,
3313,Z,434.38,0.03000000000002956,phoneme,0.0,0.0,0.0,0.0,0.0,0.0,0.0,0.0,1.0,0.0,0.0,0.0,1.0,1.0,
3314,i,434.41,0.029999999999972715,phoneme,0.0,1.0,0.0,0.0,0.0,0.0,1.0,0.0,0.0,0.0,0.0,0.0,0.0,1.0,
3315,g,434.44,0.03000000000002956,phoneme,0.0,0.0,0.0,0.0,0.0,1.0,0.0,1.0,0.0,0.0,0.0,0.0,1.0,1.0,
3316,a,434.47,0.049999999999954525,phoneme,1.0,0.0,0.0,0.0,0.0,0.0,1.0,0.0,0.0,0.0,0.0,0.0,0.0,1.0,
3317,J,434.52,0.03000000000002956,phoneme,0.0,0.0,0.0,0.0,0.0,0.0,0.0,0.0,0.0,1.0,0.0,0.0,0.0,0.0,
3318,d,434.55,0.029999999999972715,phoneme,0.0,0.0,0.0,0.0,0.0,0.0,0.0,1.0,0.0,0.0,0.0,0.0,1.0,1.0,
3319,i,434.58,0.03000000000002956,phoneme,0.0,1.0,0.0,0.0,0.0,0.0,1.0,0.0,0.0,0.0,0.0,0.0,0.0,1.0,
3320,l,434.61,0.029999999999972715,phoneme,0.0,0.0,0.0,0.0,0.0,0.0,0.0,0.0,0.0,0.0,1.0,0.0,0.0,0.0,
3321,R,434.64,0.03000000000002956,phoneme,0.0,0.0,0.0,0.0,0.0,0.0,0.0,0.0,0.0,0.0,0.0,1.0,0.0,0.0,
3322,@,434.67,0.03999999999996362,phoneme,0.0,0.0,1.0,0.0,0.0,0.0,1.0,0.0,0.0,0.0,0.0,0.0,0.0,1.0,
3323,n,434.71,0.03000000000002956,phoneme,0.0,0.0,0.0,0.0,0.0,0.0,0.0,0.0,0.0,1.0,0.0,0.0,0.0,0.0,
3324,a,434.74,0.029999999999972715,phoneme,1.0,0.0,0.0,0.0,0.0,0.0,1.0,0.0,0.0,0.0,0.0,0.0,0.0,1.0,
3325,R,434.77,0.1500000000000341,phoneme,0.0,0.0,0.0,0.0,0.0,0.0,0.0,0.0,0.0,0.0,0.0,1.0,0.0,0.0,
3326,a,435.34,0.10000000000002274,phoneme,1.0,0.0,0.0,0.0,0.0,0.0,1.0,0.0,0.0,0.0,0.0,0.0,0.0,1.0,
3327,k,435.44,0.12000000000000455,phoneme,0.0,0.0,0.0,0.0,0.0,1.0,0.0,1.0,0.0,0.0,0.0,0.0,1.0,0.0,
3328,o,435.56,0.13999999999998636,phoneme,0.0,0.0,1.0,0.0,0.0,0.0,1.0,0.0,0.0,0.0,0.0,0.0,0.0,1.0,
3329,z,435.7,0.09000000000003183,phoneme,0.0,0.0,0.0,0.0,0.0,0.0,0.0,0.0,1.0,0.0,0.0,0.0,1.0,1.0,
3330,d,435.79,0.03999999999996362,phoneme,0.0,0.0,0.0,0.0,0.0,0.0,0.0,1.0,0.0,0.0,0.0,0.0,1.0,1.0,
3331,@,435.83,0.06999999999999318,phoneme,0.0,0.0,1.0,0.0,0.0,0.0,1.0,0.0,0.0,0.0,0.0,0.0,0.0,1.0,
3332,l,435.9,0.040000000000020464,phoneme,0.0,0.0,0.0,0.0,0.0,0.0,0.0,0.0,0.0,0.0,1.0,0.0,0.0,0.0,
3333,a,435.94,0.07999999999998408,phoneme,1.0,0.0,0.0,0.0,0.0,0.0,1.0,0.0,0.0,0.0,0.0,0.0,0.0,1.0,
3334,k,436.02,0.12000000000000455,phoneme,0.0,0.0,0.0,0.0,0.0,1.0,0.0,1.0,0.0,0.0,0.0,0.0,1.0,0.0,
3335,u,436.14,0.040000000000020464,phoneme,0.0,1.0,0.0,0.0,0.0,0.0,1.0,0.0,0.0,0.0,0.0,0.0,0.0,1.0,
3336,l,436.18,0.05000000000001137,phoneme,0.0,0.0,0.0,0.0,0.0,0.0,0.0,0.0,0.0,0.0,1.0,0.0,0.0,0.0,
3337,9,436.23,0.07999999999998408,phoneme,0.0,0.0,1.0,0.0,0.0,0.0,1.0,0.0,0.0,0.0,0.0,0.0,0.0,1.0,
3338,R,436.31,0.040000000000020464,phoneme,0.0,0.0,0.0,0.0,0.0,0.0,0.0,0.0,0.0,0.0,0.0,1.0,0.0,0.0,
3339,d,436.35,0.07999999999998408,phoneme,0.0,0.0,0.0,0.0,0.0,0.0,0.0,1.0,0.0,0.0,0.0,0.0,1.0,1.0,
3340,y,436.43,0.0999999999999659,phoneme,0.0,1.0,0.0,0.0,0.0,0.0,1.0,0.0,0.0,0.0,0.0,0.0,0.0,1.0,
3341,b,436.53,0.05000000000001137,phoneme,0.0,0.0,0.0,1.0,0.0,0.0,0.0,1.0,0.0,0.0,0.0,0.0,1.0,1.0,
3342,l,436.58,0.160000000000025,phoneme,0.0,0.0,0.0,0.0,0.0,0.0,0.0,0.0,0.0,0.0,1.0,0.0,0.0,0.0,
3343,e,436.74,0.05000000000001137,phoneme,0.0,0.0,1.0,0.0,0.0,0.0,1.0,0.0,0.0,0.0,0.0,0.0,0.0,1.0,
3344,t,436.79,0.049999999999954525,phoneme,0.0,0.0,0.0,0.0,0.0,0.0,0.0,1.0,0.0,0.0,0.0,0.0,1.0,0.0,
3345,p,438.04,0.07999999999998408,phoneme,0.0,0.0,0.0,1.0,0.0,0.0,0.0,1.0,0.0,0.0,0.0,0.0,1.0,0.0,
3346,H,438.12,0.040000000000020464,phoneme,0.0,0.0,0.0,1.0,0.0,0.0,0.0,0.0,0.0,0.0,1.0,0.0,0.0,0.0,
3347,i,438.16,0.12999999999999545,phoneme,0.0,1.0,0.0,0.0,0.0,0.0,1.0,0.0,0.0,0.0,0.0,0.0,0.0,1.0,
3348,i,438.29,0.1099999999999568,phoneme,0.0,1.0,0.0,0.0,0.0,0.0,1.0,0.0,0.0,0.0,0.0,0.0,0.0,1.0,
3349,l,438.4,0.03000000000002956,phoneme,0.0,0.0,0.0,0.0,0.0,0.0,0.0,0.0,0.0,0.0,1.0,0.0,0.0,0.0,
3350,a,438.43,0.11000000000001364,phoneme,1.0,0.0,0.0,0.0,0.0,0.0,1.0,0.0,0.0,0.0,0.0,0.0,0.0,1.0,
3351,Z,438.54,0.0999999999999659,phoneme,0.0,0.0,0.0,0.0,0.0,0.0,0.0,0.0,1.0,0.0,0.0,0.0,1.0,1.0,
3352,u,438.64,0.06999999999999318,phoneme,0.0,1.0,0.0,0.0,0.0,0.0,1.0,0.0,0.0,0.0,0.0,0.0,0.0,1.0,
3353,t,438.71,0.08000000000004093,phoneme,0.0,0.0,0.0,0.0,0.0,0.0,0.0,1.0,0.0,0.0,0.0,0.0,1.0,0.0,
3354,a,438.79,0.1099999999999568,phoneme,1.0,0.0,0.0,0.0,0.0,0.0,1.0,0.0,0.0,0.0,0.0,0.0,0.0,1.0,
3355,v,439.59,0.05000000000001137,phoneme,0.0,0.0,0.0,0.0,0.0,0.0,0.0,0.0,1.0,0.0,0.0,0.0,1.0,1.0,
3356,a,439.64,0.12000000000000455,phoneme,1.0,0.0,0.0,0.0,0.0,0.0,1.0,0.0,0.0,0.0,0.0,0.0,0.0,1.0,
3357,R,439.76,0.07999999999998408,phoneme,0.0,0.0,0.0,0.0,0.0,0.0,0.0,0.0,0.0,0.0,0.0,1.0,0.0,0.0,
3358,@,439.84,0.08000000000004093,phoneme,0.0,0.0,1.0,0.0,0.0,0.0,1.0,0.0,0.0,0.0,0.0,0.0,0.0,1.0,
3359,v,439.92,0.05000000000001137,phoneme,0.0,0.0,0.0,0.0,0.0,0.0,0.0,0.0,1.0,0.0,0.0,0.0,1.0,1.0,
3360,w,439.97,0.05999999999994543,phoneme,0.0,0.0,0.0,1.0,0.0,1.0,0.0,0.0,0.0,0.0,1.0,0.0,0.0,0.0,
3361,a,440.03,0.05000000000001137,phoneme,1.0,0.0,0.0,0.0,0.0,0.0,1.0,0.0,0.0,0.0,0.0,0.0,0.0,1.0,
3362,R,440.08,0.05000000000001137,phoneme,0.0,0.0,0.0,0.0,0.0,0.0,0.0,0.0,0.0,0.0,0.0,1.0,0.0,0.0,
3363,l,440.13,0.060000000000002274,phoneme,0.0,0.0,0.0,0.0,0.0,0.0,0.0,0.0,0.0,0.0,1.0,0.0,0.0,0.0,
3364,e,440.19,0.060000000000002274,phoneme,0.0,0.0,1.0,0.0,0.0,0.0,1.0,0.0,0.0,0.0,0.0,0.0,0.0,1.0,
3365,R,440.25,0.07999999999998408,phoneme,0.0,0.0,0.0,0.0,0.0,0.0,0.0,0.0,0.0,0.0,0.0,1.0,0.0,0.0,
3366,o,440.33,0.22000000000002728,phoneme,0.0,0.0,1.0,0.0,0.0,0.0,1.0,0.0,0.0,0.0,0.0,0.0,0.0,1.0,
3367,z,440.55,0.19999999999998863,phoneme,0.0,0.0,0.0,0.0,0.0,0.0,0.0,0.0,1.0,0.0,0.0,0.0,1.0,1.0,
3368,t,441.24,0.12000000000000455,phoneme,0.0,0.0,0.0,0.0,0.0,0.0,0.0,1.0,0.0,0.0,0.0,0.0,1.0,0.0,
3369,y,441.36,0.03999999999996362,phoneme,0.0,1.0,0.0,0.0,0.0,0.0,1.0,0.0,0.0,0.0,0.0,0.0,0.0,1.0,
3370,k,441.4,0.09000000000003183,phoneme,0.0,0.0,0.0,0.0,0.0,1.0,0.0,1.0,0.0,0.0,0.0,0.0,1.0,0.0,
3371,o~,441.49,0.07999999999998408,phoneme,0.0,0.0,1.0,0.0,0.0,0.0,1.0,0.0,0.0,1.0,0.0,0.0,0.0,1.0,
3372,p,441.57,0.060000000000002274,phoneme,0.0,0.0,0.0,1.0,0.0,0.0,0.0,1.0,0.0,0.0,0.0,0.0,1.0,0.0,
3373,R,441.63,0.060000000000002274,phoneme,0.0,0.0,0.0,0.0,0.0,0.0,0.0,0.0,0.0,0.0,0.0,1.0,0.0,0.0,
3374,a~,441.69,0.06999999999999318,phoneme,1.0,0.0,0.0,0.0,0.0,0.0,1.0,0.0,0.0,1.0,0.0,0.0,0.0,1.0,
3375,d,441.76,0.03000000000002956,phoneme,0.0,0.0,0.0,0.0,0.0,0.0,0.0,1.0,0.0,0.0,0.0,0.0,1.0,1.0,
3376,R,441.79,0.06999999999999318,phoneme,0.0,0.0,0.0,0.0,0.0,0.0,0.0,0.0,0.0,0.0,0.0,1.0,0.0,0.0,
3377,a,441.86,0.11000000000001364,phoneme,1.0,0.0,0.0,0.0,0.0,0.0,1.0,0.0,0.0,0.0,0.0,0.0,0.0,1.0,
3378,k,441.97,0.0999999999999659,phoneme,0.0,0.0,0.0,0.0,0.0,1.0,0.0,1.0,0.0,0.0,0.0,0.0,1.0,0.0,
3379,l,442.07,0.10000000000002274,phoneme,0.0,0.0,0.0,0.0,0.0,0.0,0.0,0.0,0.0,0.0,1.0,0.0,0.0,0.0,
3380,a,442.17,0.07999999999998408,phoneme,1.0,0.0,0.0,0.0,0.0,0.0,1.0,0.0,0.0,0.0,0.0,0.0,0.0,1.0,
3381,t,442.25,0.12000000000000455,phoneme,0.0,0.0,0.0,0.0,0.0,0.0,0.0,1.0,0.0,0.0,0.0,0.0,1.0,0.0,
3382,i,442.37,0.040000000000020464,phoneme,0.0,1.0,0.0,0.0,0.0,0.0,1.0,0.0,0.0,0.0,0.0,0.0,0.0,1.0,
3383,E,442.41,0.049999999999954525,phoneme,0.0,0.0,1.0,0.0,0.0,0.0,1.0,0.0,0.0,0.0,0.0,0.0,0.0,1.0,
3384,n,442.46,0.06999999999999318,phoneme,0.0,0.0,0.0,0.0,0.0,0.0,0.0,0.0,0.0,1.0,0.0,0.0,0.0,0.0,
3385,e,442.53,0.07000000000005002,phoneme,0.0,0.0,1.0,0.0,0.0,0.0,1.0,0.0,0.0,0.0,0.0,0.0,0.0,1.0,
3386,t,442.6,0.13999999999998636,phoneme,0.0,0.0,0.0,0.0,0.0,0.0,0.0,1.0,0.0,0.0,0.0,0.0,1.0,0.0,
3387,y,442.74,0.05000000000001137,phoneme,0.0,1.0,0.0,0.0,0.0,0.0,1.0,0.0,0.0,0.0,0.0,0.0,0.0,1.0,
3388,n,442.79,0.029999999999972715,phoneme,0.0,0.0,0.0,0.0,0.0,0.0,0.0,0.0,0.0,1.0,0.0,0.0,0.0,0.0,
3389,i,442.82,0.10000000000002274,phoneme,0.0,1.0,0.0,0.0,0.0,0.0,1.0,0.0,0.0,0.0,0.0,0.0,0.0,1.0,
3390,k,442.92,0.1099999999999568,phoneme,0.0,0.0,0.0,0.0,0.0,1.0,0.0,1.0,0.0,0.0,0.0,0.0,1.0,0.0,
3391,o,443.03,0.08000000000004093,phoneme,0.0,0.0,1.0,0.0,0.0,0.0,1.0,0.0,0.0,0.0,0.0,0.0,0.0,1.0,
3392,m,443.11,0.08999999999997499,phoneme,0.0,0.0,0.0,1.0,0.0,0.0,0.0,0.0,0.0,1.0,0.0,0.0,0.0,0.0,
3393,o~,443.2,0.18000000000000682,phoneme,0.0,0.0,1.0,0.0,0.0,0.0,1.0,0.0,0.0,1.0,0.0,0.0,0.0,1.0,
3394,d,443.38,0.18000000000000682,phoneme,0.0,0.0,0.0,0.0,0.0,0.0,0.0,1.0,0.0,0.0,0.0,0.0,1.0,1.0,
3395,t,444.04,0.12000000000000455,phoneme,0.0,0.0,0.0,0.0,0.0,0.0,0.0,1.0,0.0,0.0,0.0,0.0,1.0,0.0,
3396,y,444.16,0.049999999999954525,phoneme,0.0,1.0,0.0,0.0,0.0,0.0,1.0,0.0,0.0,0.0,0.0,0.0,0.0,1.0,
3397,R,444.21,0.060000000000002274,phoneme,0.0,0.0,0.0,0.0,0.0,0.0,0.0,0.0,0.0,0.0,0.0,1.0,0.0,0.0,
3398,@,444.27,0.09000000000003183,phoneme,0.0,0.0,1.0,0.0,0.0,0.0,1.0,0.0,0.0,0.0,0.0,0.0,0.0,1.0,
3399,v,444.36,0.029999999999972715,phoneme,0.0,0.0,0.0,0.0,0.0,0.0,0.0,0.0,1.0,0.0,0.0,0.0,1.0,1.0,
3400,j,444.39,0.060000000000002274,phoneme,0.0,0.0,0.0,0.0,0.0,0.0,0.0,0.0,0.0,0.0,1.0,0.0,0.0,0.0,
3401,e~,444.45,0.09000000000003183,phoneme,0.0,0.0,1.0,0.0,0.0,0.0,1.0,0.0,0.0,1.0,0.0,0.0,0.0,1.0,
3402,d,444.54,0.029999999999972715,phoneme,0.0,0.0,0.0,0.0,0.0,0.0,0.0,1.0,0.0,0.0,0.0,0.0,1.0,1.0,
3403,R,444.57,0.060000000000002274,phoneme,0.0,0.0,0.0,0.0,0.0,0.0,0.0,0.0,0.0,0.0,0.0,1.0,0.0,0.0,
3404,a,444.63,0.10000000000002274,phoneme,1.0,0.0,0.0,0.0,0.0,0.0,1.0,0.0,0.0,0.0,0.0,0.0,0.0,1.0,
3405,m,444.73,0.060000000000002274,phoneme,0.0,0.0,0.0,1.0,0.0,0.0,0.0,0.0,0.0,1.0,0.0,0.0,0.0,0.0,
3406,@,444.79,0.03999999999996362,phoneme,0.0,0.0,1.0,0.0,0.0,0.0,1.0,0.0,0.0,0.0,0.0,0.0,0.0,1.0,
3407,d,444.83,0.08000000000004093,phoneme,0.0,0.0,0.0,0.0,0.0,0.0,0.0,1.0,0.0,0.0,0.0,0.0,1.0,1.0,
3408,i,444.91,0.12999999999999545,phoneme,0.0,1.0,0.0,0.0,0.0,0.0,1.0,0.0,0.0,0.0,0.0,0.0,0.0,1.0,
3409,R,445.04,0.08999999999997499,phoneme,0.0,0.0,0.0,0.0,0.0,0.0,0.0,0.0,0.0,0.0,0.0,1.0,0.0,0.0,
3410,a,445.13,0.060000000000002274,phoneme,1.0,0.0,0.0,0.0,0.0,0.0,1.0,0.0,0.0,0.0,0.0,0.0,0.0,1.0,
3411,d,445.19,0.05000000000001137,phoneme,0.0,0.0,0.0,0.0,0.0,0.0,0.0,1.0,0.0,0.0,0.0,0.0,1.0,1.0,
3412,j,445.24,0.15999999999996817,phoneme,0.0,0.0,0.0,0.0,0.0,0.0,0.0,0.0,0.0,0.0,1.0,0.0,0.0,0.0,
3413,2,445.4,0.12999999999999545,phoneme,0.0,0.0,1.0,0.0,0.0,0.0,1.0,0.0,0.0,0.0,0.0,0.0,0.0,1.0,
3414,e,445.82,0.0649890000000255,phoneme,0.0,0.0,1.0,0.0,0.0,0.0,1.0,0.0,0.0,0.0,0.0,0.0,0.0,1.0,
3415,Z,445.884989,0.10498799999999164,phoneme,0.0,0.0,0.0,0.0,0.0,0.0,0.0,0.0,1.0,0.0,0.0,0.0,1.0,1.0,
3416,@,445.989977,0.040022999999962394,phoneme,0.0,0.0,1.0,0.0,0.0,0.0,1.0,0.0,0.0,0.0,0.0,0.0,0.0,1.0,
3417,t,446.03,0.09000000000003183,phoneme,0.0,0.0,0.0,0.0,0.0,0.0,0.0,1.0,0.0,0.0,0.0,0.0,1.0,0.0,
3418,@,446.12,0.060000000000002274,phoneme,0.0,0.0,1.0,0.0,0.0,0.0,1.0,0.0,0.0,0.0,0.0,0.0,0.0,1.0,
3419,f,446.18,0.11000000000001364,phoneme,0.0,0.0,0.0,0.0,0.0,0.0,0.0,0.0,1.0,0.0,0.0,0.0,1.0,0.0,
3420,@,446.29,0.049999999999954525,phoneme,0.0,0.0,1.0,0.0,0.0,0.0,1.0,0.0,0.0,0.0,0.0,0.0,0.0,1.0,
3421,R,446.34,0.09000000000003183,phoneme,0.0,0.0,0.0,0.0,0.0,0.0,0.0,0.0,0.0,0.0,0.0,1.0,0.0,0.0,
3422,e,446.43,0.060000000000002274,phoneme,0.0,0.0,1.0,0.0,0.0,0.0,1.0,0.0,0.0,0.0,0.0,0.0,0.0,1.0,
3423,k,446.49,0.14999999999997726,phoneme,0.0,0.0,0.0,0.0,0.0,1.0,0.0,1.0,0.0,0.0,0.0,0.0,1.0,0.0,
3424,a,446.64,0.06999999999999318,phoneme,1.0,0.0,0.0,0.0,0.0,0.0,1.0,0.0,0.0,0.0,0.0,0.0,0.0,1.0,
3425,d,446.71,0.06999999999999318,phoneme,0.0,0.0,0.0,0.0,0.0,0.0,0.0,1.0,0.0,0.0,0.0,0.0,1.0,1.0,
3426,o,446.78,0.09000000000003183,phoneme,0.0,0.0,1.0,0.0,0.0,0.0,1.0,0.0,0.0,0.0,0.0,0.0,0.0,1.0,
3427,d,446.87,0.040000000000020464,phoneme,0.0,0.0,0.0,0.0,0.0,0.0,0.0,1.0,0.0,0.0,0.0,0.0,1.0,1.0,
3428,9~,446.91,0.1099999999999568,phoneme,0.0,0.0,1.0,0.0,0.0,0.0,1.0,0.0,0.0,1.0,0.0,0.0,0.0,1.0,
3429,s,447.02,0.18000000000000682,phoneme,0.0,0.0,0.0,0.0,0.0,0.0,0.0,0.0,1.0,0.0,0.0,0.0,1.0,0.0,
3430,@,447.2,0.05000000000001137,phoneme,0.0,0.0,1.0,0.0,0.0,0.0,1.0,0.0,0.0,0.0,0.0,0.0,0.0,1.0,
3431,k,447.25,0.08999999999997499,phoneme,0.0,0.0,0.0,0.0,0.0,1.0,0.0,1.0,0.0,0.0,0.0,0.0,1.0,0.0,
3432,R,447.34,0.09000000000003183,phoneme,0.0,0.0,0.0,0.0,0.0,0.0,0.0,0.0,0.0,0.0,0.0,1.0,0.0,0.0,
3433,E,447.43,0.11000000000001364,phoneme,0.0,0.0,1.0,0.0,0.0,0.0,1.0,0.0,0.0,0.0,0.0,0.0,0.0,1.0,
3434,l,448.93,0.040000000000020464,phoneme,0.0,0.0,0.0,0.0,0.0,0.0,0.0,0.0,0.0,0.0,1.0,0.0,0.0,0.0,
3435,@,448.97,0.03999999999996362,phoneme,0.0,0.0,1.0,0.0,0.0,0.0,1.0,0.0,0.0,0.0,0.0,0.0,0.0,1.0,
3436,p,449.01,0.10000000000002274,phoneme,0.0,0.0,0.0,1.0,0.0,0.0,0.0,1.0,0.0,0.0,0.0,0.0,1.0,0.0,
3437,@,449.11,0.06999999999999318,phoneme,0.0,0.0,1.0,0.0,0.0,0.0,1.0,0.0,0.0,0.0,0.0,0.0,0.0,1.0,
3438,t,449.18,0.0999999999999659,phoneme,0.0,0.0,0.0,0.0,0.0,0.0,0.0,1.0,0.0,0.0,0.0,0.0,1.0,0.0,
3439,i,449.28,0.08000000000004093,phoneme,0.0,1.0,0.0,0.0,0.0,0.0,1.0,0.0,0.0,0.0,0.0,0.0,0.0,1.0,
3440,p,449.36,0.03999999999996362,phoneme,0.0,0.0,0.0,1.0,0.0,0.0,0.0,1.0,0.0,0.0,0.0,0.0,1.0,0.0,
3441,R,449.4,0.10000000000002274,phoneme,0.0,0.0,0.0,0.0,0.0,0.0,0.0,0.0,0.0,0.0,0.0,1.0,0.0,0.0,
3442,e~,449.5,0.14999999999997726,phoneme,0.0,0.0,1.0,0.0,0.0,0.0,1.0,0.0,0.0,1.0,0.0,0.0,0.0,1.0,
3443,s,449.65,0.18000000000000682,phoneme,0.0,0.0,0.0,0.0,0.0,0.0,0.0,0.0,1.0,0.0,0.0,0.0,1.0,0.0,
3444,s,449.83,0.06999999999999318,phoneme,0.0,0.0,0.0,0.0,0.0,0.0,0.0,0.0,1.0,0.0,0.0,0.0,1.0,0.0,
3445,E,449.9,0.03000000000002956,phoneme,0.0,0.0,1.0,0.0,0.0,0.0,1.0,0.0,0.0,0.0,0.0,0.0,0.0,1.0,
3446,n,449.93,0.029999999999972715,phoneme,0.0,0.0,0.0,0.0,0.0,0.0,0.0,0.0,0.0,1.0,0.0,0.0,0.0,0.0,
3447,f,449.96,0.12000000000000455,phoneme,0.0,0.0,0.0,0.0,0.0,0.0,0.0,0.0,1.0,0.0,0.0,0.0,1.0,0.0,
3448,y,450.08,0.08000000000004093,phoneme,0.0,1.0,0.0,0.0,0.0,0.0,1.0,0.0,0.0,0.0,0.0,0.0,0.0,1.0,
3449,R,450.16,0.06999999999999318,phoneme,0.0,0.0,0.0,0.0,0.0,0.0,0.0,0.0,0.0,0.0,0.0,1.0,0.0,0.0,
3450,@,450.23,0.08999999999997499,phoneme,0.0,0.0,1.0,0.0,0.0,0.0,1.0,0.0,0.0,0.0,0.0,0.0,0.0,1.0,
3451,v,450.32,0.060000000000002274,phoneme,0.0,0.0,0.0,0.0,0.0,0.0,0.0,0.0,1.0,0.0,0.0,0.0,1.0,1.0,
3452,w,450.38,0.040000000000020464,phoneme,0.0,0.0,0.0,1.0,0.0,1.0,0.0,0.0,0.0,0.0,1.0,0.0,0.0,0.0,
3453,a,450.42,0.1099999999999568,phoneme,1.0,0.0,0.0,0.0,0.0,0.0,1.0,0.0,0.0,0.0,0.0,0.0,0.0,1.0,
3454,l,450.53,0.08000000000004093,phoneme,0.0,0.0,0.0,0.0,0.0,0.0,0.0,0.0,0.0,0.0,1.0,0.0,0.0,0.0,
3455,e,450.61,0.060000000000002274,phoneme,0.0,0.0,1.0,0.0,0.0,0.0,1.0,0.0,0.0,0.0,0.0,0.0,0.0,1.0,
3456,R,450.67,0.06999999999999318,phoneme,0.0,0.0,0.0,0.0,0.0,0.0,0.0,0.0,0.0,0.0,0.0,1.0,0.0,0.0,
3457,o,450.74,0.2300000000000182,phoneme,0.0,0.0,1.0,0.0,0.0,0.0,1.0,0.0,0.0,0.0,0.0,0.0,0.0,1.0,
3458,z,450.97,0.18999999999999773,phoneme,0.0,0.0,0.0,0.0,0.0,0.0,0.0,0.0,1.0,0.0,0.0,0.0,1.0,1.0,
3459,v,452.25,0.029999999999972715,phoneme,0.0,0.0,0.0,0.0,0.0,0.0,0.0,0.0,1.0,0.0,0.0,0.0,1.0,1.0,
3460,u,452.28,0.08000000000004093,phoneme,0.0,1.0,0.0,0.0,0.0,0.0,1.0,0.0,0.0,0.0,0.0,0.0,0.0,1.0,
3461,t,452.36,0.060000000000002274,phoneme,0.0,0.0,0.0,0.0,0.0,0.0,0.0,1.0,0.0,0.0,0.0,0.0,1.0,0.0,
3462,n,452.42,0.029999999999972715,phoneme,0.0,0.0,0.0,0.0,0.0,0.0,0.0,0.0,0.0,1.0,0.0,0.0,0.0,0.0,
3463,E,452.45,0.05000000000001137,phoneme,0.0,0.0,1.0,0.0,0.0,0.0,1.0,0.0,0.0,0.0,0.0,0.0,0.0,1.0,
3464,t,452.5,0.08999999999997499,phoneme,0.0,0.0,0.0,0.0,0.0,0.0,0.0,1.0,0.0,0.0,0.0,0.0,1.0,0.0,
3465,p,452.59,0.12000000000000455,phoneme,0.0,0.0,0.0,1.0,0.0,0.0,0.0,1.0,0.0,0.0,0.0,0.0,1.0,0.0,
3466,a,452.71,0.06999999999999318,phoneme,1.0,0.0,0.0,0.0,0.0,0.0,1.0,0.0,0.0,0.0,0.0,0.0,0.0,1.0,
3467,d,452.78,0.060000000000002274,phoneme,0.0,0.0,0.0,0.0,0.0,0.0,0.0,1.0,0.0,0.0,0.0,0.0,1.0,1.0,
3468,y,452.84,0.08000000000004093,phoneme,0.0,1.0,0.0,0.0,0.0,0.0,1.0,0.0,0.0,0.0,0.0,0.0,0.0,1.0,
3469,t,452.92,0.0999999999999659,phoneme,0.0,0.0,0.0,0.0,0.0,0.0,0.0,1.0,0.0,0.0,0.0,0.0,1.0,0.0,
3470,u,453.02,0.09000000000003183,phoneme,0.0,1.0,0.0,0.0,0.0,0.0,1.0,0.0,0.0,0.0,0.0,0.0,0.0,1.0,
3471,s,453.11,0.11000000000001364,phoneme,0.0,0.0,0.0,0.0,0.0,0.0,0.0,0.0,1.0,0.0,0.0,0.0,1.0,0.0,
3472,a~,453.22,0.0999999999999659,phoneme,1.0,0.0,0.0,0.0,0.0,0.0,1.0,0.0,0.0,1.0,0.0,0.0,0.0,1.0,
3473,b,453.32,0.05000000000001137,phoneme,0.0,0.0,0.0,1.0,0.0,0.0,0.0,1.0,0.0,0.0,0.0,0.0,1.0,1.0,
3474,l,453.37,0.029999999999972715,phoneme,0.0,0.0,0.0,0.0,0.0,0.0,0.0,0.0,0.0,0.0,1.0,0.0,0.0,0.0,
3475,a,453.4,0.07000000000005002,phoneme,1.0,0.0,0.0,0.0,0.0,0.0,1.0,0.0,0.0,0.0,0.0,0.0,0.0,1.0,
3476,b,453.47,0.029999999999972715,phoneme,0.0,0.0,0.0,1.0,0.0,0.0,0.0,1.0,0.0,0.0,0.0,0.0,1.0,1.0,
3477,l,453.5,0.07999999999998408,phoneme,0.0,0.0,0.0,0.0,0.0,0.0,0.0,0.0,0.0,0.0,1.0,0.0,0.0,0.0,
3478,a,453.58,0.0649890000000255,phoneme,1.0,0.0,0.0,0.0,0.0,0.0,1.0,0.0,0.0,0.0,0.0,0.0,0.0,1.0,
3479,m,453.644989,0.04498799999998937,phoneme,0.0,0.0,0.0,1.0,0.0,0.0,0.0,0.0,0.0,1.0,0.0,0.0,0.0,0.0,
3480,a,453.689977,0.09002299999997376,phoneme,1.0,0.0,0.0,0.0,0.0,0.0,1.0,0.0,0.0,0.0,0.0,0.0,0.0,1.0,
3481,R,453.78,0.08000000000004093,phoneme,0.0,0.0,0.0,0.0,0.0,0.0,0.0,0.0,0.0,0.0,0.0,1.0,0.0,0.0,
3482,o,453.86,0.18000000000000682,phoneme,0.0,0.0,1.0,0.0,0.0,0.0,1.0,0.0,0.0,0.0,0.0,0.0,0.0,1.0,
3483,z,454.04,0.1099999999999568,phoneme,0.0,0.0,0.0,0.0,0.0,0.0,0.0,0.0,1.0,0.0,0.0,0.0,1.0,1.0,
3484,v,454.39,0.03000000000002956,phoneme,0.0,0.0,0.0,0.0,0.0,0.0,0.0,0.0,1.0,0.0,0.0,0.0,1.0,1.0,
3485,u,454.42,0.12999999999999545,phoneme,0.0,1.0,0.0,0.0,0.0,0.0,1.0,0.0,0.0,0.0,0.0,0.0,0.0,1.0,
3486,n,454.55,0.07999999999998408,phoneme,0.0,0.0,0.0,0.0,0.0,0.0,0.0,0.0,0.0,1.0,0.0,0.0,0.0,0.0,
3487,E,454.63,0.05000000000001137,phoneme,0.0,0.0,1.0,0.0,0.0,0.0,1.0,0.0,0.0,0.0,0.0,0.0,0.0,1.0,
3488,t,454.68,0.07999999999998408,phoneme,0.0,0.0,0.0,0.0,0.0,0.0,0.0,1.0,0.0,0.0,0.0,0.0,1.0,0.0,
3489,R,454.76,0.07999999999998408,phoneme,0.0,0.0,0.0,0.0,0.0,0.0,0.0,0.0,0.0,0.0,0.0,1.0,0.0,0.0,
3490,i,454.84,0.18999999999999773,phoneme,0.0,1.0,0.0,0.0,0.0,0.0,1.0,0.0,0.0,0.0,0.0,0.0,0.0,1.0,
3491,e~,455.03,0.14498900000000958,phoneme,0.0,0.0,1.0,0.0,0.0,0.0,1.0,0.0,0.0,1.0,0.0,0.0,0.0,1.0,
3492,a~,455.174989,0.1449880000000121,phoneme,1.0,0.0,0.0,0.0,0.0,0.0,1.0,0.0,0.0,1.0,0.0,0.0,0.0,1.0,
3493,k,455.319977,0.08002299999998286,phoneme,0.0,0.0,0.0,0.0,0.0,1.0,0.0,1.0,0.0,0.0,0.0,0.0,1.0,0.0,
3494,O,455.4,0.20000000000004547,phoneme,0.0,0.0,1.0,0.0,0.0,0.0,1.0,0.0,0.0,0.0,0.0,0.0,0.0,1.0,
3495,R,455.6,0.18999999999999773,phoneme,0.0,0.0,0.0,0.0,0.0,0.0,0.0,0.0,0.0,0.0,0.0,1.0,0.0,0.0,
3496,l,455.97,0.049999999999954525,phoneme,0.0,0.0,0.0,0.0,0.0,0.0,0.0,0.0,0.0,0.0,1.0,0.0,0.0,0.0,
3497,9,456.02,0.12000000000000455,phoneme,0.0,0.0,1.0,0.0,0.0,0.0,1.0,0.0,0.0,0.0,0.0,0.0,0.0,1.0,
3498,R,456.14,0.03000000000002956,phoneme,0.0,0.0,0.0,0.0,0.0,0.0,0.0,0.0,0.0,0.0,0.0,1.0,0.0,0.0,
3499,d,456.17,0.060000000000002274,phoneme,0.0,0.0,0.0,0.0,0.0,0.0,0.0,1.0,0.0,0.0,0.0,0.0,1.0,1.0,
3500,i,456.23,0.12999999999999545,phoneme,0.0,1.0,0.0,0.0,0.0,0.0,1.0,0.0,0.0,0.0,0.0,0.0,0.0,1.0,
3501,i,456.36,0.20999999999997954,phoneme,0.0,1.0,0.0,0.0,0.0,0.0,1.0,0.0,0.0,0.0,0.0,0.0,0.0,1.0,
3502,l,456.57,0.12999999999999545,phoneme,0.0,0.0,0.0,0.0,0.0,0.0,0.0,0.0,0.0,0.0,1.0,0.0,0.0,0.0,
3503,p,457.27,0.09000000000003183,phoneme,0.0,0.0,0.0,1.0,0.0,0.0,0.0,1.0,0.0,0.0,0.0,0.0,1.0,0.0,
3504,E,457.36,0.07999999999998408,phoneme,0.0,0.0,1.0,0.0,0.0,0.0,1.0,0.0,0.0,0.0,0.0,0.0,0.0,1.0,
3505,R,457.44,0.060000000000002274,phoneme,0.0,0.0,0.0,0.0,0.0,0.0,0.0,0.0,0.0,0.0,0.0,1.0,0.0,0.0,
3506,s,457.5,0.14999999999997726,phoneme,0.0,0.0,0.0,0.0,0.0,0.0,0.0,0.0,1.0,0.0,0.0,0.0,1.0,0.0,
3507,O,457.65,0.09000000000003183,phoneme,0.0,0.0,1.0,0.0,0.0,0.0,1.0,0.0,0.0,0.0,0.0,0.0,0.0,1.0,
3508,n,457.74,0.07999999999998408,phoneme,0.0,0.0,0.0,0.0,0.0,0.0,0.0,0.0,0.0,1.0,0.0,0.0,0.0,0.0,
3509,n,457.82,0.060000000000002274,phoneme,0.0,0.0,0.0,0.0,0.0,0.0,0.0,0.0,0.0,1.0,0.0,0.0,0.0,0.0,
3510,v,457.96,0.05000000000001137,phoneme,0.0,0.0,0.0,0.0,0.0,0.0,0.0,0.0,1.0,0.0,0.0,0.0,1.0,1.0,
3511,u,458.01,0.06999999999999318,phoneme,0.0,1.0,0.0,0.0,0.0,0.0,1.0,0.0,0.0,0.0,0.0,0.0,0.0,1.0,
3512,z,458.08,0.08000000000004093,phoneme,0.0,0.0,0.0,0.0,0.0,0.0,0.0,0.0,1.0,0.0,0.0,0.0,1.0,1.0,
3513,a,458.16,0.1199999999999477,phoneme,1.0,0.0,0.0,0.0,0.0,0.0,1.0,0.0,0.0,0.0,0.0,0.0,0.0,1.0,
3514,a,458.28,0.03000000000002956,phoneme,1.0,0.0,0.0,0.0,0.0,0.0,1.0,0.0,0.0,0.0,0.0,0.0,0.0,1.0,
3515,p,458.31,0.07999999999998408,phoneme,0.0,0.0,0.0,1.0,0.0,0.0,0.0,1.0,0.0,0.0,0.0,0.0,1.0,0.0,
3516,R,458.39,0.05000000000001137,phoneme,0.0,0.0,0.0,0.0,0.0,0.0,0.0,0.0,0.0,0.0,0.0,1.0,0.0,0.0,
3517,i,458.44,0.07999999999998408,phoneme,0.0,1.0,0.0,0.0,0.0,0.0,1.0,0.0,0.0,0.0,0.0,0.0,0.0,1.0,
3518,v,458.52,0.060000000000002274,phoneme,0.0,0.0,0.0,0.0,0.0,0.0,0.0,0.0,1.0,0.0,0.0,0.0,1.0,1.0,
3519,w,458.58,0.060000000000002274,phoneme,0.0,0.0,0.0,1.0,0.0,1.0,0.0,0.0,0.0,0.0,1.0,0.0,0.0,0.0,
3520,a,458.64,0.03000000000002956,phoneme,1.0,0.0,0.0,0.0,0.0,0.0,1.0,0.0,0.0,0.0,0.0,0.0,0.0,1.0,
3521,z,458.67,0.08999999999997499,phoneme,0.0,0.0,0.0,0.0,0.0,0.0,0.0,0.0,1.0,0.0,0.0,0.0,1.0,1.0,
3522,e,458.76,0.19999999999998863,phoneme,0.0,0.0,1.0,0.0,0.0,0.0,1.0,0.0,0.0,0.0,0.0,0.0,0.0,1.0,
3523,e,459.16,0.03999999999996362,phoneme,0.0,0.0,1.0,0.0,0.0,0.0,1.0,0.0,0.0,0.0,0.0,0.0,0.0,1.0,
3524,t,459.2,0.10000000000002274,phoneme,0.0,0.0,0.0,0.0,0.0,0.0,0.0,1.0,0.0,0.0,0.0,0.0,1.0,0.0,
3525,v,459.3,0.029999999999972715,phoneme,0.0,0.0,0.0,0.0,0.0,0.0,0.0,0.0,1.0,0.0,0.0,0.0,1.0,1.0,
3526,u,459.33,0.06999999999999318,phoneme,0.0,1.0,0.0,0.0,0.0,0.0,1.0,0.0,0.0,0.0,0.0,0.0,0.0,1.0,
3527,n,459.4,0.03000000000002956,phoneme,0.0,0.0,0.0,0.0,0.0,0.0,0.0,0.0,0.0,1.0,0.0,0.0,0.0,0.0,
3528,a,459.43,0.040000000000020464,phoneme,1.0,0.0,0.0,0.0,0.0,0.0,1.0,0.0,0.0,0.0,0.0,0.0,0.0,1.0,
3529,v,459.47,0.029999999999972715,phoneme,0.0,0.0,0.0,0.0,0.0,0.0,0.0,0.0,1.0,0.0,0.0,0.0,1.0,1.0,
3530,e,459.5,0.08999999999997499,phoneme,0.0,0.0,1.0,0.0,0.0,0.0,1.0,0.0,0.0,0.0,0.0,0.0,0.0,1.0,
3531,t,459.59,0.1300000000000523,phoneme,0.0,0.0,0.0,0.0,0.0,0.0,0.0,1.0,0.0,0.0,0.0,0.0,1.0,0.0,
3532,a,459.72,0.029999999999972715,phoneme,1.0,0.0,0.0,0.0,0.0,0.0,1.0,0.0,0.0,0.0,0.0,0.0,0.0,1.0,
3533,p,459.75,0.05000000000001137,phoneme,0.0,0.0,0.0,1.0,0.0,0.0,0.0,1.0,0.0,0.0,0.0,0.0,1.0,0.0,
3534,R,459.8,0.03999999999996362,phoneme,0.0,0.0,0.0,0.0,0.0,0.0,0.0,0.0,0.0,0.0,0.0,1.0,0.0,0.0,
3535,i,459.84,0.060000000000002274,phoneme,0.0,1.0,0.0,0.0,0.0,0.0,1.0,0.0,0.0,0.0,0.0,0.0,0.0,1.0,
3536,v,459.9,0.05000000000001137,phoneme,0.0,0.0,0.0,0.0,0.0,0.0,0.0,0.0,1.0,0.0,0.0,0.0,1.0,1.0,
3537,w,459.95,0.06999999999999318,phoneme,0.0,0.0,0.0,1.0,0.0,1.0,0.0,0.0,0.0,0.0,1.0,0.0,0.0,0.0,
3538,a,460.02,0.05000000000001137,phoneme,1.0,0.0,0.0,0.0,0.0,0.0,1.0,0.0,0.0,0.0,0.0,0.0,0.0,1.0,
3539,z,460.07,0.11000000000001364,phoneme,0.0,0.0,0.0,0.0,0.0,0.0,0.0,0.0,1.0,0.0,0.0,0.0,1.0,1.0,
3540,e,460.18,0.0999999999999659,phoneme,0.0,0.0,1.0,0.0,0.0,0.0,1.0,0.0,0.0,0.0,0.0,0.0,0.0,1.0,
3541,p,460.28,0.10000000000002274,phoneme,0.0,0.0,0.0,1.0,0.0,0.0,0.0,1.0,0.0,0.0,0.0,0.0,1.0,0.0,
3542,E,460.38,0.12000000000000455,phoneme,0.0,0.0,1.0,0.0,0.0,0.0,1.0,0.0,0.0,0.0,0.0,0.0,0.0,1.0,
3543,R,460.5,0.10000000000002274,phoneme,0.0,0.0,0.0,0.0,0.0,0.0,0.0,0.0,0.0,0.0,0.0,1.0,0.0,0.0,
3544,s,460.6,0.12999999999999545,phoneme,0.0,0.0,0.0,0.0,0.0,0.0,0.0,0.0,1.0,0.0,0.0,0.0,1.0,0.0,
3545,O,460.73,0.0999999999999659,phoneme,0.0,0.0,1.0,0.0,0.0,0.0,1.0,0.0,0.0,0.0,0.0,0.0,0.0,1.0,
3546,n,460.83,0.18999999999999773,phoneme,0.0,0.0,0.0,0.0,0.0,0.0,0.0,0.0,0.0,1.0,0.0,0.0,0.0,0.0,
3547,v,461.63,0.060000000000002274,phoneme,0.0,0.0,0.0,0.0,0.0,0.0,0.0,0.0,1.0,0.0,0.0,0.0,1.0,1.0,
3548,u,461.69,0.06999999999999318,phoneme,0.0,1.0,0.0,0.0,0.0,0.0,1.0,0.0,0.0,0.0,0.0,0.0,0.0,1.0,
3549,t,461.76,0.06999999999999318,phoneme,0.0,0.0,0.0,0.0,0.0,0.0,0.0,1.0,0.0,0.0,0.0,0.0,1.0,0.0,
3550,E,461.83,0.1400000000000432,phoneme,0.0,0.0,1.0,0.0,0.0,0.0,1.0,0.0,0.0,0.0,0.0,0.0,0.0,1.0,
3551,t,461.97,0.07999999999998408,phoneme,0.0,0.0,0.0,0.0,0.0,0.0,0.0,1.0,0.0,0.0,0.0,0.0,1.0,0.0,
3552,k,462.05,0.13999999999998636,phoneme,0.0,0.0,0.0,0.0,0.0,1.0,0.0,1.0,0.0,0.0,0.0,0.0,1.0,0.0,
3553,O,462.19,0.060000000000002274,phoneme,0.0,0.0,1.0,0.0,0.0,0.0,1.0,0.0,0.0,0.0,0.0,0.0,0.0,1.0,
3554,m,462.25,0.08999999999997499,phoneme,0.0,0.0,0.0,1.0,0.0,0.0,0.0,0.0,0.0,1.0,0.0,0.0,0.0,0.0,
3555,e,462.34,0.09000000000003183,phoneme,0.0,0.0,1.0,0.0,0.0,0.0,1.0,0.0,0.0,0.0,0.0,0.0,0.0,1.0,
3556,t,462.43,0.08999999999997499,phoneme,0.0,0.0,0.0,0.0,0.0,0.0,0.0,1.0,0.0,0.0,0.0,0.0,1.0,0.0,
3557,E,462.52,0.05000000000001137,phoneme,0.0,0.0,1.0,0.0,0.0,0.0,1.0,0.0,0.0,0.0,0.0,0.0,0.0,1.0,
3558,t,462.57,0.040000000000020464,phoneme,0.0,0.0,0.0,0.0,0.0,0.0,0.0,1.0,0.0,0.0,0.0,0.0,1.0,0.0,
3559,m,462.61,0.07999999999998408,phoneme,0.0,0.0,0.0,1.0,0.0,0.0,0.0,0.0,0.0,1.0,0.0,0.0,0.0,0.0,
3560,o~,462.69,0.040000000000020464,phoneme,0.0,0.0,1.0,0.0,0.0,0.0,1.0,0.0,0.0,1.0,0.0,0.0,0.0,1.0,
3561,t,462.73,0.049999999999954525,phoneme,0.0,0.0,0.0,0.0,0.0,0.0,0.0,1.0,0.0,0.0,0.0,0.0,1.0,0.0,
3562,R,462.78,0.07000000000005002,phoneme,0.0,0.0,0.0,0.0,0.0,0.0,0.0,0.0,0.0,0.0,0.0,1.0,0.0,0.0,
3563,@,462.85,0.029999999999972715,phoneme,0.0,0.0,1.0,0.0,0.0,0.0,1.0,0.0,0.0,0.0,0.0,0.0,0.0,1.0,
3564,n,462.88,0.07999999999998408,phoneme,0.0,0.0,0.0,0.0,0.0,0.0,0.0,0.0,0.0,1.0,0.0,0.0,0.0,0.0,
3565,a,462.96,0.17000000000001592,phoneme,1.0,0.0,0.0,0.0,0.0,0.0,1.0,0.0,0.0,0.0,0.0,0.0,0.0,1.0,
3566,R,463.13,0.18000000000000682,phoneme,0.0,0.0,0.0,0.0,0.0,0.0,0.0,0.0,0.0,0.0,0.0,1.0,0.0,0.0,
3567,s,464.06,0.060000000000002274,phoneme,0.0,0.0,0.0,0.0,0.0,0.0,0.0,0.0,1.0,0.0,0.0,0.0,1.0,0.0,
3568,@,464.12,0.040000000000020464,phoneme,0.0,0.0,1.0,0.0,0.0,0.0,1.0,0.0,0.0,0.0,0.0,0.0,0.0,1.0,
3569,n,464.16,0.060000000000002274,phoneme,0.0,0.0,0.0,0.0,0.0,0.0,0.0,0.0,0.0,1.0,0.0,0.0,0.0,0.0,
3570,e,464.22,0.08999999999997499,phoneme,0.0,0.0,1.0,0.0,0.0,0.0,1.0,0.0,0.0,0.0,0.0,0.0,0.0,1.0,
3571,t,464.31,0.07999999999998408,phoneme,0.0,0.0,0.0,0.0,0.0,0.0,0.0,1.0,0.0,0.0,0.0,0.0,1.0,0.0,
3572,E,464.39,0.03000000000002956,phoneme,0.0,0.0,1.0,0.0,0.0,0.0,1.0,0.0,0.0,0.0,0.0,0.0,0.0,1.0,
3573,k,464.42,0.08999999999997499,phoneme,0.0,0.0,0.0,0.0,0.0,1.0,0.0,1.0,0.0,0.0,0.0,0.0,1.0,0.0,
3574,y,464.51,0.11000000000001364,phoneme,0.0,1.0,0.0,0.0,0.0,0.0,1.0,0.0,0.0,0.0,0.0,0.0,0.0,1.0,
3575,R,464.62,0.13999999999998636,phoneme,0.0,0.0,0.0,0.0,0.0,0.0,0.0,0.0,0.0,0.0,0.0,1.0,0.0,0.0,
3576,@,464.76,0.040000000000020464,phoneme,0.0,0.0,1.0,0.0,0.0,0.0,1.0,0.0,0.0,0.0,0.0,0.0,0.0,1.0,
3577,n,464.8,0.06999999999999318,phoneme,0.0,0.0,0.0,0.0,0.0,0.0,0.0,0.0,0.0,1.0,0.0,0.0,0.0,0.0,
3578,a,464.87,0.15999999999996817,phoneme,1.0,0.0,0.0,0.0,0.0,0.0,1.0,0.0,0.0,0.0,0.0,0.0,0.0,1.0,
3579,R,465.03,0.09000000000003183,phoneme,0.0,0.0,0.0,0.0,0.0,0.0,0.0,0.0,0.0,0.0,0.0,1.0,0.0,0.0,
3580,s,465.12,0.12999999999999545,phoneme,0.0,0.0,0.0,0.0,0.0,0.0,0.0,0.0,1.0,0.0,0.0,0.0,1.0,0.0,
3581,a~,465.25,0.10000000000002274,phoneme,1.0,0.0,0.0,0.0,0.0,0.0,1.0,0.0,0.0,1.0,0.0,0.0,0.0,1.0,
3582,b,465.35,0.060000000000002274,phoneme,0.0,0.0,0.0,1.0,0.0,0.0,0.0,1.0,0.0,0.0,0.0,0.0,1.0,1.0,
3583,l,465.41,0.049999999999954525,phoneme,0.0,0.0,0.0,0.0,0.0,0.0,0.0,0.0,0.0,0.0,1.0,0.0,0.0,0.0,
3584,a,465.46,0.12999999999999545,phoneme,1.0,0.0,0.0,0.0,0.0,0.0,1.0,0.0,0.0,0.0,0.0,0.0,0.0,1.0,
3585,b,465.59,0.040000000000020464,phoneme,0.0,0.0,0.0,1.0,0.0,0.0,0.0,1.0,0.0,0.0,0.0,0.0,1.0,1.0,
3586,l,465.63,0.07999999999998408,phoneme,0.0,0.0,0.0,0.0,0.0,0.0,0.0,0.0,0.0,0.0,1.0,0.0,0.0,0.0,
3587,a,465.71,0.05000000000001137,phoneme,1.0,0.0,0.0,0.0,0.0,0.0,1.0,0.0,0.0,0.0,0.0,0.0,0.0,1.0,
3588,s,465.76,0.22000000000002728,phoneme,0.0,0.0,0.0,0.0,0.0,0.0,0.0,0.0,1.0,0.0,0.0,0.0,1.0,0.0,
3589,a~,465.98,0.0999999999999659,phoneme,1.0,0.0,0.0,0.0,0.0,0.0,1.0,0.0,0.0,1.0,0.0,0.0,0.0,1.0,
3590,t,466.08,0.040000000000020464,phoneme,0.0,0.0,0.0,0.0,0.0,0.0,0.0,1.0,0.0,0.0,0.0,0.0,1.0,0.0,
3591,m,466.12,0.029999999999972715,phoneme,0.0,0.0,0.0,1.0,0.0,0.0,0.0,0.0,0.0,1.0,0.0,0.0,0.0,0.0,
3592,i,466.15,0.1400000000000432,phoneme,0.0,1.0,0.0,0.0,0.0,0.0,1.0,0.0,0.0,0.0,0.0,0.0,0.0,1.0,
3593,o,466.29,0.16999999999995907,phoneme,0.0,0.0,1.0,0.0,0.0,0.0,1.0,0.0,0.0,0.0,0.0,0.0,0.0,1.0,
3594,t,466.46,0.11000000000001364,phoneme,0.0,0.0,0.0,0.0,0.0,0.0,0.0,1.0,0.0,0.0,0.0,0.0,1.0,0.0,
3595,R,466.57,0.10000000000002274,phoneme,0.0,0.0,0.0,0.0,0.0,0.0,0.0,0.0,0.0,0.0,0.0,1.0,0.0,0.0,
3596,m,467.66,0.08999999999997499,phoneme,0.0,0.0,0.0,1.0,0.0,0.0,0.0,0.0,0.0,1.0,0.0,0.0,0.0,0.0,
3597,E,467.75,0.060000000000002274,phoneme,0.0,0.0,1.0,0.0,0.0,0.0,1.0,0.0,0.0,0.0,0.0,0.0,0.0,1.0,
3598,Z,467.81,0.06999999999999318,phoneme,0.0,0.0,0.0,0.0,0.0,0.0,0.0,0.0,1.0,0.0,0.0,0.0,1.0,1.0,
3599,E,467.88,0.03000000000002956,phoneme,0.0,0.0,1.0,0.0,0.0,0.0,1.0,0.0,0.0,0.0,0.0,0.0,0.0,1.0,
3600,e,468.1,0.049999999999954525,phoneme,0.0,0.0,1.0,0.0,0.0,0.0,1.0,0.0,0.0,0.0,0.0,0.0,0.0,1.0,
3601,t,468.15,0.040000000000020464,phoneme,0.0,0.0,0.0,0.0,0.0,0.0,0.0,1.0,0.0,0.0,0.0,0.0,1.0,0.0,
3602,f,468.19,0.07999999999998408,phoneme,0.0,0.0,0.0,0.0,0.0,0.0,0.0,0.0,1.0,0.0,0.0,0.0,1.0,0.0,
3603,E,468.27,0.08000000000004093,phoneme,0.0,0.0,1.0,0.0,0.0,0.0,1.0,0.0,0.0,0.0,0.0,0.0,0.0,1.0,
3604,m,468.35,0.060000000000002274,phoneme,0.0,0.0,0.0,1.0,0.0,0.0,0.0,0.0,0.0,1.0,0.0,0.0,0.0,0.0,
3605,o~,468.41,0.0999999999999659,phoneme,0.0,0.0,1.0,0.0,0.0,0.0,1.0,0.0,0.0,1.0,0.0,0.0,0.0,1.0,
3606,n,468.51,0.07999999999998408,phoneme,0.0,0.0,0.0,0.0,0.0,0.0,0.0,0.0,0.0,1.0,0.0,0.0,0.0,0.0,
3607,a,468.59,0.09000000000003183,phoneme,1.0,0.0,0.0,0.0,0.0,0.0,1.0,0.0,0.0,0.0,0.0,0.0,0.0,1.0,
3608,m,468.68,0.07999999999998408,phoneme,0.0,0.0,0.0,1.0,0.0,0.0,0.0,0.0,0.0,1.0,0.0,0.0,0.0,0.0,
3609,i,468.76,0.160000000000025,phoneme,0.0,1.0,0.0,0.0,0.0,0.0,1.0,0.0,0.0,0.0,0.0,0.0,0.0,1.0,
3610,e,469.19,0.06999999999999318,phoneme,0.0,0.0,1.0,0.0,0.0,0.0,1.0,0.0,0.0,0.0,0.0,0.0,0.0,1.0,
3611,i,469.26,0.18000000000000682,phoneme,0.0,1.0,0.0,0.0,0.0,0.0,1.0,0.0,0.0,0.0,0.0,0.0,0.0,1.0,
3612,l,469.44,0.06999999999999318,phoneme,0.0,0.0,0.0,0.0,0.0,0.0,0.0,0.0,0.0,0.0,1.0,0.0,0.0,0.0,
3613,e,469.51,0.06999999999999318,phoneme,0.0,0.0,1.0,0.0,0.0,0.0,1.0,0.0,0.0,0.0,0.0,0.0,0.0,1.0,
3614,t,469.58,0.040000000000020464,phoneme,0.0,0.0,0.0,0.0,0.0,0.0,0.0,1.0,0.0,0.0,0.0,0.0,1.0,0.0,
3615,m,469.62,0.060000000000002274,phoneme,0.0,0.0,0.0,1.0,0.0,0.0,0.0,0.0,0.0,1.0,0.0,0.0,0.0,0.0,
3616,e~,469.68,0.0999999999999659,phoneme,0.0,0.0,1.0,0.0,0.0,0.0,1.0,0.0,0.0,1.0,0.0,0.0,0.0,1.0,
3617,t,469.78,0.09000000000003183,phoneme,0.0,0.0,0.0,0.0,0.0,0.0,0.0,1.0,0.0,0.0,0.0,0.0,1.0,0.0,
3618,@,469.87,0.040000000000020464,phoneme,0.0,0.0,1.0,0.0,0.0,0.0,1.0,0.0,0.0,0.0,0.0,0.0,0.0,1.0,
3619,n,469.91,0.1199999999999477,phoneme,0.0,0.0,0.0,0.0,0.0,0.0,0.0,0.0,0.0,1.0,0.0,0.0,0.0,0.0,
3620,a~,470.03,0.1300000000000523,phoneme,1.0,0.0,0.0,0.0,0.0,0.0,1.0,0.0,0.0,1.0,0.0,0.0,0.0,1.0,
3621,t,470.16,0.049999999999954525,phoneme,0.0,0.0,0.0,0.0,0.0,0.0,0.0,1.0,0.0,0.0,0.0,0.0,1.0,0.0,
3622,y,470.38,0.14999999999997726,phoneme,0.0,1.0,0.0,0.0,0.0,0.0,1.0,0.0,0.0,0.0,0.0,0.0,0.0,1.0,
3623,n,470.53,0.160000000000025,phoneme,0.0,0.0,0.0,0.0,0.0,0.0,0.0,0.0,0.0,1.0,0.0,0.0,0.0,0.0,
3624,i,470.69,0.12999999999999545,phoneme,0.0,1.0,0.0,0.0,0.0,0.0,1.0,0.0,0.0,0.0,0.0,0.0,0.0,1.0,
3625,k,470.82,0.12999999999999545,phoneme,0.0,0.0,0.0,0.0,0.0,1.0,0.0,1.0,0.0,0.0,0.0,0.0,1.0,0.0,
3626,@,470.95,0.35000000000002274,phoneme,0.0,0.0,1.0,0.0,0.0,0.0,1.0,0.0,0.0,0.0,0.0,0.0,0.0,1.0,
3627,o,471.3,0.060000000000002274,phoneme,0.0,0.0,1.0,0.0,0.0,0.0,1.0,0.0,0.0,0.0,0.0,0.0,0.0,1.0,
3628,m,471.44,0.03000000000002956,phoneme,0.0,0.0,0.0,1.0,0.0,0.0,0.0,0.0,0.0,1.0,0.0,0.0,0.0,0.0,
3629,o~,471.47,0.03999999999996362,phoneme,0.0,0.0,1.0,0.0,0.0,0.0,1.0,0.0,0.0,1.0,0.0,0.0,0.0,1.0,
3630,d,471.51,0.03000000000002956,phoneme,0.0,0.0,0.0,0.0,0.0,0.0,0.0,1.0,0.0,0.0,0.0,0.0,1.0,1.0,
3631,e,472.58,0.10000000000002274,phoneme,0.0,0.0,1.0,0.0,0.0,0.0,1.0,0.0,0.0,0.0,0.0,0.0,0.0,1.0,
3632,l,472.68,0.060000000000002274,phoneme,0.0,0.0,0.0,0.0,0.0,0.0,0.0,0.0,0.0,0.0,1.0,0.0,0.0,0.0,
3633,e,472.74,0.07999999999998408,phoneme,0.0,0.0,1.0,0.0,0.0,0.0,1.0,0.0,0.0,0.0,0.0,0.0,0.0,1.0,
3634,R,472.82,0.05000000000001137,phoneme,0.0,0.0,0.0,0.0,0.0,0.0,0.0,0.0,0.0,0.0,0.0,1.0,0.0,0.0,
3635,o,472.87,0.18999999999999773,phoneme,0.0,0.0,1.0,0.0,0.0,0.0,1.0,0.0,0.0,0.0,0.0,0.0,0.0,1.0,
3636,z,473.06,0.06999999999999318,phoneme,0.0,0.0,0.0,0.0,0.0,0.0,0.0,0.0,1.0,0.0,0.0,0.0,1.0,1.0,
3637,e,473.13,0.060000000000002274,phoneme,0.0,0.0,1.0,0.0,0.0,0.0,1.0,0.0,0.0,0.0,0.0,0.0,0.0,1.0,
3638,t,473.19,0.03000000000002956,phoneme,0.0,0.0,0.0,0.0,0.0,0.0,0.0,1.0,0.0,0.0,0.0,0.0,1.0,0.0,
3639,E,473.22,0.029999999999972715,phoneme,0.0,0.0,1.0,0.0,0.0,0.0,1.0,0.0,0.0,0.0,0.0,0.0,0.0,1.0,
3640,t,473.25,0.06999999999999318,phoneme,0.0,0.0,0.0,0.0,0.0,0.0,0.0,1.0,0.0,0.0,0.0,0.0,1.0,0.0,
3641,b,473.32,0.03000000000002956,phoneme,0.0,0.0,0.0,1.0,0.0,0.0,0.0,1.0,0.0,0.0,0.0,0.0,1.0,1.0,
3642,j,473.35,0.029999999999972715,phoneme,0.0,0.0,0.0,0.0,0.0,0.0,0.0,0.0,0.0,0.0,1.0,0.0,0.0,0.0,
3643,e~,473.38,0.040000000000020464,phoneme,0.0,0.0,1.0,0.0,0.0,0.0,1.0,0.0,0.0,1.0,0.0,0.0,0.0,1.0,
3644,Z,473.42,0.07999999999998408,phoneme,0.0,0.0,0.0,0.0,0.0,0.0,0.0,0.0,1.0,0.0,0.0,0.0,1.0,1.0,
3645,E,473.5,0.07999999999998408,phoneme,0.0,0.0,1.0,0.0,0.0,0.0,1.0,0.0,0.0,0.0,0.0,0.0,0.0,1.0,
3646,n,473.58,0.1500000000000341,phoneme,0.0,0.0,0.0,0.0,0.0,0.0,0.0,0.0,0.0,1.0,0.0,0.0,0.0,0.0,
3647,e,473.73,0.08999999999997499,phoneme,0.0,0.0,1.0,0.0,0.0,0.0,1.0,0.0,0.0,0.0,0.0,0.0,0.0,1.0,
3648,v,474.96,0.03000000000002956,phoneme,0.0,0.0,0.0,0.0,0.0,0.0,0.0,0.0,1.0,0.0,0.0,0.0,1.0,1.0,
3649,u,474.99,0.0999999999999659,phoneme,0.0,1.0,0.0,0.0,0.0,0.0,1.0,0.0,0.0,0.0,0.0,0.0,0.0,1.0,
3650,t,475.09,0.07000000000005002,phoneme,0.0,0.0,0.0,0.0,0.0,0.0,0.0,1.0,0.0,0.0,0.0,0.0,1.0,0.0,
3651,E,475.16,0.08999999999997499,phoneme,0.0,0.0,1.0,0.0,0.0,0.0,1.0,0.0,0.0,0.0,0.0,0.0,0.0,1.0,
3652,t,475.25,0.08999999999997499,phoneme,0.0,0.0,0.0,0.0,0.0,0.0,0.0,1.0,0.0,0.0,0.0,0.0,1.0,0.0,
3653,b,475.34,0.05000000000001137,phoneme,0.0,0.0,0.0,1.0,0.0,0.0,0.0,1.0,0.0,0.0,0.0,0.0,1.0,1.0,
3654,E,475.39,0.1500000000000341,phoneme,0.0,0.0,1.0,0.0,0.0,0.0,1.0,0.0,0.0,0.0,0.0,0.0,0.0,1.0,
3655,l,475.54,0.13999999999998636,phoneme,0.0,0.0,0.0,0.0,0.0,0.0,0.0,0.0,0.0,0.0,1.0,0.0,0.0,0.0,
3656,m,475.89,0.040000000000020464,phoneme,0.0,0.0,0.0,1.0,0.0,0.0,0.0,0.0,0.0,1.0,0.0,0.0,0.0,0.0,
3657,E,475.93,0.08999999999997499,phoneme,0.0,0.0,1.0,0.0,0.0,0.0,1.0,0.0,0.0,0.0,0.0,0.0,0.0,1.0,
3658,v,476.02,0.03000000000002956,phoneme,0.0,0.0,0.0,0.0,0.0,0.0,0.0,0.0,1.0,0.0,0.0,0.0,1.0,1.0,
3659,u,476.05,0.08999999999997499,phoneme,0.0,1.0,0.0,0.0,0.0,0.0,1.0,0.0,0.0,0.0,0.0,0.0,0.0,1.0,
3660,t,476.14,0.08000000000004093,phoneme,0.0,0.0,0.0,0.0,0.0,0.0,0.0,1.0,0.0,0.0,0.0,0.0,1.0,0.0,
3661,E,476.22,0.06999999999999318,phoneme,0.0,0.0,1.0,0.0,0.0,0.0,1.0,0.0,0.0,0.0,0.0,0.0,0.0,1.0,
3662,t,476.29,0.06999999999999318,phoneme,0.0,0.0,0.0,0.0,0.0,0.0,0.0,1.0,0.0,0.0,0.0,0.0,1.0,0.0,
3663,@,476.36,0.029999999999972715,phoneme,0.0,0.0,1.0,0.0,0.0,0.0,1.0,0.0,0.0,0.0,0.0,0.0,0.0,1.0,
3664,v,476.39,0.03000000000002956,phoneme,0.0,0.0,0.0,0.0,0.0,0.0,0.0,0.0,1.0,0.0,0.0,0.0,1.0,1.0,
3665,i,476.42,0.18999999999999773,phoneme,0.0,1.0,0.0,0.0,0.0,0.0,1.0,0.0,0.0,0.0,0.0,0.0,0.0,1.0,
3666,d,476.61,0.16999999999995907,phoneme,0.0,0.0,0.0,0.0,0.0,0.0,0.0,1.0,0.0,0.0,0.0,0.0,1.0,1.0,
3667,l,477.14,0.08000000000004093,phoneme,0.0,0.0,0.0,0.0,0.0,0.0,0.0,0.0,0.0,0.0,1.0,0.0,0.0,0.0,
3668,9,477.22,0.05999999999994543,phoneme,0.0,0.0,1.0,0.0,0.0,0.0,1.0,0.0,0.0,0.0,0.0,0.0,0.0,1.0,
3669,R,477.28,0.040000000000020464,phoneme,0.0,0.0,0.0,0.0,0.0,0.0,0.0,0.0,0.0,0.0,0.0,1.0,0.0,0.0,
3670,d,477.32,0.09000000000003183,phoneme,0.0,0.0,0.0,0.0,0.0,0.0,0.0,1.0,0.0,0.0,0.0,0.0,1.0,1.0,
3671,i,477.41,0.1199999999999477,phoneme,0.0,1.0,0.0,0.0,0.0,0.0,1.0,0.0,0.0,0.0,0.0,0.0,0.0,1.0,
3672,i,477.53,0.1300000000000523,phoneme,0.0,1.0,0.0,0.0,0.0,0.0,1.0,0.0,0.0,0.0,0.0,0.0,0.0,1.0,
3673,l,477.66,0.060000000000002274,phoneme,0.0,0.0,0.0,0.0,0.0,0.0,0.0,0.0,0.0,0.0,1.0,0.0,0.0,0.0,
3674,a~,477.72,0.08999999999997499,phoneme,1.0,0.0,0.0,0.0,0.0,0.0,1.0,0.0,0.0,1.0,0.0,0.0,0.0,1.0,
3675,k,477.81,0.08999999999997499,phoneme,0.0,0.0,0.0,0.0,0.0,1.0,0.0,1.0,0.0,0.0,0.0,0.0,1.0,0.0,
3676,O,477.9,0.21000000000003638,phoneme,0.0,0.0,1.0,0.0,0.0,0.0,1.0,0.0,0.0,0.0,0.0,0.0,0.0,1.0,
3677,R,478.11,0.14999999999997726,phoneme,0.0,0.0,0.0,0.0,0.0,0.0,0.0,0.0,0.0,0.0,0.0,1.0,0.0,0.0,
3678,o~,478.89,0.09000000000003183,phoneme,0.0,0.0,1.0,0.0,0.0,0.0,1.0,0.0,0.0,1.0,0.0,0.0,0.0,1.0,
3679,n,478.98,0.060000000000002274,phoneme,0.0,0.0,0.0,0.0,0.0,0.0,0.0,0.0,0.0,1.0,0.0,0.0,0.0,0.0,
3680,@,479.04,0.03999999999996362,phoneme,0.0,0.0,1.0,0.0,0.0,0.0,1.0,0.0,0.0,0.0,0.0,0.0,0.0,1.0,
3681,p,479.08,0.08000000000004093,phoneme,0.0,0.0,0.0,1.0,0.0,0.0,0.0,1.0,0.0,0.0,0.0,0.0,1.0,0.0,
3682,2,479.16,0.06999999999999318,phoneme,0.0,0.0,1.0,0.0,0.0,0.0,1.0,0.0,0.0,0.0,0.0,0.0,0.0,1.0,
3683,p,479.23,0.07999999999998408,phoneme,0.0,0.0,0.0,1.0,0.0,0.0,0.0,1.0,0.0,0.0,0.0,0.0,1.0,0.0,
3684,a,479.31,0.12000000000000455,phoneme,1.0,0.0,0.0,0.0,0.0,0.0,1.0,0.0,0.0,0.0,0.0,0.0,0.0,1.0,
3685,m,479.43,0.040000000000020464,phoneme,0.0,0.0,0.0,1.0,0.0,0.0,0.0,0.0,0.0,1.0,0.0,0.0,0.0,0.0,
3686,u,479.47,0.06999999999999318,phoneme,0.0,1.0,0.0,0.0,0.0,0.0,1.0,0.0,0.0,0.0,0.0,0.0,0.0,1.0,
3687,R,479.54,0.060000000000002274,phoneme,0.0,0.0,0.0,0.0,0.0,0.0,0.0,0.0,0.0,0.0,0.0,1.0,0.0,0.0,
3688,i,479.6,0.0999999999999659,phoneme,0.0,1.0,0.0,0.0,0.0,0.0,1.0,0.0,0.0,0.0,0.0,0.0,0.0,1.0,
3689,R,479.7,0.06999999999999318,phoneme,0.0,0.0,0.0,0.0,0.0,0.0,0.0,0.0,0.0,0.0,0.0,1.0,0.0,0.0,
3690,p,479.77,0.06999999999999318,phoneme,0.0,0.0,0.0,1.0,0.0,0.0,0.0,1.0,0.0,0.0,0.0,0.0,1.0,0.0,
3691,u,479.84,0.1400000000000432,phoneme,0.0,1.0,0.0,0.0,0.0,0.0,1.0,0.0,0.0,0.0,0.0,0.0,0.0,1.0,
3692,v,479.98,0.0999999999999659,phoneme,0.0,0.0,0.0,0.0,0.0,0.0,0.0,0.0,1.0,0.0,0.0,0.0,1.0,1.0,
3693,u,480.08,0.10000000000002274,phoneme,0.0,1.0,0.0,0.0,0.0,0.0,1.0,0.0,0.0,0.0,0.0,0.0,0.0,1.0,
3694,t,480.18,0.17000000000001592,phoneme,0.0,0.0,0.0,0.0,0.0,0.0,0.0,1.0,0.0,0.0,0.0,0.0,1.0,0.0,
3695,b,480.92,0.029999999999972715,phoneme,0.0,0.0,0.0,1.0,0.0,0.0,0.0,1.0,0.0,0.0,0.0,0.0,1.0,1.0,
3696,j,480.95,0.10000000000002274,phoneme,0.0,0.0,0.0,0.0,0.0,0.0,0.0,0.0,0.0,0.0,1.0,0.0,0.0,0.0,
3697,e~,481.05,0.060000000000002274,phoneme,0.0,0.0,1.0,0.0,0.0,0.0,1.0,0.0,0.0,1.0,0.0,0.0,0.0,1.0,
3698,s,481.11,0.16999999999995907,phoneme,0.0,0.0,0.0,0.0,0.0,0.0,0.0,0.0,1.0,0.0,0.0,0.0,1.0,0.0,
3699,y,481.28,0.1300000000000523,phoneme,0.0,1.0,0.0,0.0,0.0,0.0,1.0,0.0,0.0,0.0,0.0,0.0,0.0,1.0,
3700,R,481.41,0.1199999999999477,phoneme,0.0,0.0,0.0,0.0,0.0,0.0,0.0,0.0,0.0,0.0,0.0,1.0,0.0,0.0,
3701,m,481.53,0.060000000000002274,phoneme,0.0,0.0,0.0,1.0,0.0,0.0,0.0,0.0,0.0,1.0,0.0,0.0,0.0,0.0,
3702,a,481.59,0.07000000000005002,phoneme,1.0,0.0,0.0,0.0,0.0,0.0,1.0,0.0,0.0,0.0,0.0,0.0,0.0,1.0,
3703,R,481.66,0.06999999999999318,phoneme,0.0,0.0,0.0,0.0,0.0,0.0,0.0,0.0,0.0,0.0,0.0,1.0,0.0,0.0,
3704,o,481.73,0.08999999999997499,phoneme,0.0,0.0,1.0,0.0,0.0,0.0,1.0,0.0,0.0,0.0,0.0,0.0,0.0,1.0,
3705,z,481.82,0.11000000000001364,phoneme,0.0,0.0,0.0,0.0,0.0,0.0,0.0,0.0,1.0,0.0,0.0,0.0,1.0,1.0,
3706,a,481.93,0.06999999999999318,phoneme,1.0,0.0,0.0,0.0,0.0,0.0,1.0,0.0,0.0,0.0,0.0,0.0,0.0,1.0,
3707,m,482.0,0.08999999999997499,phoneme,0.0,0.0,0.0,1.0,0.0,0.0,0.0,0.0,0.0,1.0,0.0,0.0,0.0,0.0,
3708,w,482.09,0.05000000000001137,phoneme,0.0,0.0,0.0,1.0,0.0,1.0,0.0,0.0,0.0,0.0,1.0,0.0,0.0,0.0,
3709,a,482.14,0.10000000000002274,phoneme,1.0,0.0,0.0,0.0,0.0,0.0,1.0,0.0,0.0,0.0,0.0,0.0,0.0,1.0,
3710,9~,482.58,0.17000000000001592,phoneme,0.0,0.0,1.0,0.0,0.0,0.0,1.0,0.0,0.0,1.0,0.0,0.0,0.0,1.0,
3711,p,482.75,0.07999999999998408,phoneme,0.0,0.0,0.0,1.0,0.0,0.0,0.0,1.0,0.0,0.0,0.0,0.0,1.0,0.0,
3712,a,482.83,0.06999999999999318,phoneme,1.0,0.0,0.0,0.0,0.0,0.0,1.0,0.0,0.0,0.0,0.0,0.0,0.0,1.0,
3713,s,482.9,0.1400000000000432,phoneme,0.0,0.0,0.0,0.0,0.0,0.0,0.0,0.0,1.0,0.0,0.0,0.0,1.0,0.0,
3714,a~,483.04,0.08999999999997499,phoneme,1.0,0.0,0.0,0.0,0.0,0.0,1.0,0.0,0.0,1.0,0.0,0.0,0.0,1.0,
3715,O,483.13,0.10000000000002274,phoneme,0.0,0.0,1.0,0.0,0.0,0.0,1.0,0.0,0.0,0.0,0.0,0.0,0.0,1.0,
3716,R,483.23,0.060000000000002274,phoneme,0.0,0.0,0.0,0.0,0.0,0.0,0.0,0.0,0.0,0.0,0.0,1.0,0.0,0.0,
3717,d,483.29,0.049999999999954525,phoneme,0.0,0.0,0.0,0.0,0.0,0.0,0.0,1.0,0.0,0.0,0.0,0.0,1.0,1.0,
3718,i,483.34,0.07000000000005002,phoneme,0.0,1.0,0.0,0.0,0.0,0.0,1.0,0.0,0.0,0.0,0.0,0.0,0.0,1.0,
3719,n,483.41,0.0999999999999659,phoneme,0.0,0.0,0.0,0.0,0.0,0.0,0.0,0.0,0.0,1.0,0.0,0.0,0.0,0.0,
3720,E,483.51,0.11000000000001364,phoneme,0.0,0.0,1.0,0.0,0.0,0.0,1.0,0.0,0.0,0.0,0.0,0.0,0.0,1.0,
3721,R,483.62,0.029999999999972715,phoneme,0.0,0.0,0.0,0.0,0.0,0.0,0.0,0.0,0.0,0.0,0.0,1.0,0.0,0.0,
3722,k,483.65,0.05000000000001137,phoneme,0.0,0.0,0.0,0.0,0.0,1.0,0.0,1.0,0.0,0.0,0.0,0.0,1.0,0.0,
3723,R,483.7,0.13999999999998636,phoneme,0.0,0.0,0.0,0.0,0.0,0.0,0.0,0.0,0.0,0.0,0.0,1.0,0.0,0.0,
3724,w,483.84,0.05000000000001137,phoneme,0.0,0.0,0.0,1.0,0.0,1.0,0.0,0.0,0.0,0.0,1.0,0.0,0.0,0.0,
3725,a,483.89,0.05000000000001137,phoneme,1.0,0.0,0.0,0.0,0.0,0.0,1.0,0.0,0.0,0.0,0.0,0.0,0.0,1.0,
3726,R,483.94,0.040000000000020464,phoneme,0.0,0.0,0.0,0.0,0.0,0.0,0.0,0.0,0.0,0.0,0.0,1.0,0.0,0.0,
3727,E,483.98,0.08999999999997499,phoneme,0.0,0.0,1.0,0.0,0.0,0.0,1.0,0.0,0.0,0.0,0.0,0.0,0.0,1.0,
3728,k,484.07,0.07999999999998408,phoneme,0.0,0.0,0.0,0.0,0.0,1.0,0.0,1.0,0.0,0.0,0.0,0.0,1.0,0.0,
3729,E,484.15,0.03000000000002956,phoneme,0.0,0.0,1.0,0.0,0.0,0.0,1.0,0.0,0.0,0.0,0.0,0.0,0.0,1.0,
3730,l,484.18,0.029999999999972715,phoneme,0.0,0.0,0.0,0.0,0.0,0.0,0.0,0.0,0.0,0.0,1.0,0.0,0.0,0.0,
3731,@,484.21,0.06999999999999318,phoneme,0.0,0.0,1.0,0.0,0.0,0.0,1.0,0.0,0.0,0.0,0.0,0.0,0.0,1.0,
3732,v,484.28,0.03000000000002956,phoneme,0.0,0.0,0.0,0.0,0.0,0.0,0.0,0.0,1.0,0.0,0.0,0.0,1.0,1.0,
3733,u,484.31,0.08999999999997499,phoneme,0.0,1.0,0.0,0.0,0.0,0.0,1.0,0.0,0.0,0.0,0.0,0.0,0.0,1.0,
3734,R,484.4,0.060000000000002274,phoneme,0.0,0.0,0.0,0.0,0.0,0.0,0.0,0.0,0.0,0.0,0.0,1.0,0.0,0.0,
3735,@,484.46,0.08000000000004093,phoneme,0.0,0.0,1.0,0.0,0.0,0.0,1.0,0.0,0.0,0.0,0.0,0.0,0.0,1.0,
3736,s,484.54,0.13999999999998636,phoneme,0.0,0.0,0.0,0.0,0.0,0.0,0.0,0.0,1.0,0.0,0.0,0.0,1.0,0.0,
3737,a~,484.68,0.18000000000000682,phoneme,1.0,0.0,0.0,0.0,0.0,0.0,1.0,0.0,0.0,1.0,0.0,0.0,0.0,1.0,
3738,b,484.86,0.05000000000001137,phoneme,0.0,0.0,0.0,1.0,0.0,0.0,0.0,1.0,0.0,0.0,0.0,0.0,1.0,1.0,
3739,l,484.91,0.15999999999996817,phoneme,0.0,0.0,0.0,0.0,0.0,0.0,0.0,0.0,0.0,0.0,1.0,0.0,0.0,0.0,
3740,m,485.54,0.03999999999996362,phoneme,0.0,0.0,0.0,1.0,0.0,0.0,0.0,0.0,0.0,1.0,0.0,0.0,0.0,0.0,
3741,E,485.58,0.06999999999999318,phoneme,0.0,0.0,1.0,0.0,0.0,0.0,1.0,0.0,0.0,0.0,0.0,0.0,0.0,1.0,
3742,t,485.65,0.10000000000002274,phoneme,0.0,0.0,0.0,0.0,0.0,0.0,0.0,1.0,0.0,0.0,0.0,0.0,1.0,0.0,
3743,a,485.75,0.060000000000002274,phoneme,1.0,0.0,0.0,0.0,0.0,0.0,1.0,0.0,0.0,0.0,0.0,0.0,0.0,1.0,
3744,E,485.81,0.14999999999997726,phoneme,0.0,0.0,1.0,0.0,0.0,0.0,1.0,0.0,0.0,0.0,0.0,0.0,0.0,1.0,
3745,l,485.96,0.05000000000001137,phoneme,0.0,0.0,0.0,0.0,0.0,0.0,0.0,0.0,0.0,0.0,1.0,0.0,0.0,0.0,
3746,@,486.01,0.05000000000001137,phoneme,0.0,0.0,1.0,0.0,0.0,0.0,1.0,0.0,0.0,0.0,0.0,0.0,0.0,1.0,
3747,s,486.06,0.18999999999999773,phoneme,0.0,0.0,0.0,0.0,0.0,0.0,0.0,0.0,1.0,0.0,0.0,0.0,1.0,0.0,
3748,9,486.25,0.12000000000000455,phoneme,0.0,0.0,1.0,0.0,0.0,0.0,1.0,0.0,0.0,0.0,0.0,0.0,0.0,1.0,
3749,l,486.37,0.040000000000020464,phoneme,0.0,0.0,0.0,0.0,0.0,0.0,0.0,0.0,0.0,0.0,1.0,0.0,0.0,0.0,
3750,E,486.53,0.10000000000002274,phoneme,0.0,0.0,1.0,0.0,0.0,0.0,1.0,0.0,0.0,0.0,0.0,0.0,0.0,1.0,
3751,l,486.63,0.05498899999997775,phoneme,0.0,0.0,0.0,0.0,0.0,0.0,0.0,0.0,0.0,0.0,1.0,0.0,0.0,0.0,
3752,e,486.684989,0.08498800000000983,phoneme,0.0,0.0,1.0,0.0,0.0,0.0,1.0,0.0,0.0,0.0,0.0,0.0,0.0,1.0,
3753,p,486.769977,0.11002300000001242,phoneme,0.0,0.0,0.0,1.0,0.0,0.0,0.0,1.0,0.0,0.0,0.0,0.0,1.0,0.0,
3754,l,486.88,0.05000000000001137,phoneme,0.0,0.0,0.0,0.0,0.0,0.0,0.0,0.0,0.0,0.0,1.0,0.0,0.0,0.0,
3755,y,486.93,0.029999999999972715,phoneme,0.0,1.0,0.0,0.0,0.0,0.0,1.0,0.0,0.0,0.0,0.0,0.0,0.0,1.0,
3756,z,486.96,0.09000000000003183,phoneme,0.0,0.0,0.0,0.0,0.0,0.0,0.0,0.0,1.0,0.0,0.0,0.0,1.0,1.0,
3757,e~,487.05,0.0999999999999659,phoneme,0.0,0.0,1.0,0.0,0.0,0.0,1.0,0.0,0.0,1.0,0.0,0.0,0.0,1.0,
3758,p,487.15,0.08000000000004093,phoneme,0.0,0.0,0.0,1.0,0.0,0.0,0.0,1.0,0.0,0.0,0.0,0.0,1.0,0.0,
3759,O,487.23,0.029999999999972715,phoneme,0.0,0.0,1.0,0.0,0.0,0.0,1.0,0.0,0.0,0.0,0.0,0.0,0.0,1.0,
3760,R,487.26,0.10000000000002274,phoneme,0.0,0.0,0.0,0.0,0.0,0.0,0.0,0.0,0.0,0.0,0.0,1.0,0.0,0.0,
3761,t,487.36,0.060000000000002274,phoneme,0.0,0.0,0.0,0.0,0.0,0.0,0.0,1.0,0.0,0.0,0.0,0.0,1.0,0.0,
3762,a~,487.42,0.12000000000000455,phoneme,1.0,0.0,0.0,0.0,0.0,0.0,1.0,0.0,0.0,1.0,0.0,0.0,0.0,1.0,
3763,t,487.54,0.060000000000002274,phoneme,0.0,0.0,0.0,0.0,0.0,0.0,0.0,1.0,0.0,0.0,0.0,0.0,1.0,0.0,
3764,k,487.6,0.12999999999999545,phoneme,0.0,0.0,0.0,0.0,0.0,1.0,0.0,1.0,0.0,0.0,0.0,0.0,1.0,0.0,
3765,@,487.73,0.06999999999999318,phoneme,0.0,0.0,1.0,0.0,0.0,0.0,1.0,0.0,0.0,0.0,0.0,0.0,0.0,1.0,
3766,v,487.8,0.12000000000000455,phoneme,0.0,0.0,0.0,0.0,0.0,0.0,0.0,0.0,1.0,0.0,0.0,0.0,1.0,1.0,
3767,u,487.92,0.060000000000002274,phoneme,0.0,1.0,0.0,0.0,0.0,0.0,1.0,0.0,0.0,0.0,0.0,0.0,0.0,1.0,
3768,t,487.98,0.14999999999997726,phoneme,0.0,0.0,0.0,0.0,0.0,0.0,0.0,1.0,0.0,0.0,0.0,0.0,1.0,0.0,
3769,u,488.13,0.11000000000001364,phoneme,0.0,1.0,0.0,0.0,0.0,0.0,1.0,0.0,0.0,0.0,0.0,0.0,0.0,1.0,
3770,t,488.24,0.2400000000000091,phoneme,0.0,0.0,0.0,0.0,0.0,0.0,0.0,1.0,0.0,0.0,0.0,0.0,1.0,0.0,
3771,p,488.81,0.029999999999972715,phoneme,0.0,0.0,0.0,1.0,0.0,0.0,0.0,1.0,0.0,0.0,0.0,0.0,1.0,0.0,
3772,H,488.84,0.05000000000001137,phoneme,0.0,0.0,0.0,1.0,0.0,0.0,0.0,0.0,0.0,0.0,1.0,0.0,0.0,0.0,
3773,i,488.89,0.060000000000002274,phoneme,0.0,1.0,0.0,0.0,0.0,0.0,1.0,0.0,0.0,0.0,0.0,0.0,0.0,1.0,
3774,s,488.95,0.09000000000003183,phoneme,0.0,0.0,0.0,0.0,0.0,0.0,0.0,0.0,1.0,0.0,0.0,0.0,1.0,0.0,
3775,k,489.04,0.03999999999996362,phoneme,0.0,0.0,0.0,0.0,0.0,1.0,0.0,1.0,0.0,0.0,0.0,0.0,1.0,0.0,
3776,@,489.08,0.054989000000034594,phoneme,0.0,0.0,1.0,0.0,0.0,0.0,1.0,0.0,0.0,0.0,0.0,0.0,0.0,1.0,
3777,s,489.134989,0.14498799999995526,phoneme,0.0,0.0,0.0,0.0,0.0,0.0,0.0,0.0,1.0,0.0,0.0,0.0,1.0,0.0,
3778,e,489.279977,0.12002300000000332,phoneme,0.0,0.0,1.0,0.0,0.0,0.0,1.0,0.0,0.0,0.0,0.0,0.0,0.0,1.0,
3779,t,489.4,0.10000000000002274,phoneme,0.0,0.0,0.0,0.0,0.0,0.0,0.0,1.0,0.0,0.0,0.0,0.0,1.0,0.0,
3780,E,489.5,0.12000000000000455,phoneme,0.0,0.0,1.0,0.0,0.0,0.0,1.0,0.0,0.0,0.0,0.0,0.0,0.0,1.0,
3781,l,489.62,0.07999999999998408,phoneme,0.0,0.0,0.0,0.0,0.0,0.0,0.0,0.0,0.0,0.0,1.0,0.0,0.0,0.0,
3782,k,489.7,0.13999999999998636,phoneme,0.0,0.0,0.0,0.0,0.0,1.0,0.0,1.0,0.0,0.0,0.0,0.0,1.0,0.0,
3783,@,489.84,0.07000000000005002,phoneme,0.0,0.0,1.0,0.0,0.0,0.0,1.0,0.0,0.0,0.0,0.0,0.0,0.0,1.0,
3784,Z,489.91,0.07999999999998408,phoneme,0.0,0.0,0.0,0.0,0.0,0.0,0.0,0.0,1.0,0.0,0.0,0.0,1.0,1.0,
3785,e,489.99,0.03999999999996362,phoneme,0.0,0.0,1.0,0.0,0.0,0.0,1.0,0.0,0.0,0.0,0.0,0.0,0.0,1.0,
3786,a,490.1,0.07999999999998408,phoneme,1.0,0.0,0.0,0.0,0.0,0.0,1.0,0.0,0.0,0.0,0.0,0.0,0.0,1.0,
3787,R,490.18,0.12000000000000455,phoneme,0.0,0.0,0.0,0.0,0.0,0.0,0.0,0.0,0.0,0.0,0.0,1.0,0.0,0.0,
3788,O,490.3,0.08999999999997499,phoneme,0.0,0.0,1.0,0.0,0.0,0.0,1.0,0.0,0.0,0.0,0.0,0.0,0.0,1.0,
3789,z,490.39,0.10000000000002274,phoneme,0.0,0.0,0.0,0.0,0.0,0.0,0.0,0.0,1.0,0.0,0.0,0.0,1.0,1.0,
3790,e,490.49,0.21999999999997044,phoneme,0.0,0.0,1.0,0.0,0.0,0.0,1.0,0.0,0.0,0.0,0.0,0.0,0.0,1.0,
3791,p,491.2,0.12000000000000455,phoneme,0.0,0.0,0.0,1.0,0.0,0.0,0.0,1.0,0.0,0.0,0.0,0.0,1.0,0.0,
3792,H,491.32,0.060000000000002274,phoneme,0.0,0.0,0.0,1.0,0.0,0.0,0.0,0.0,0.0,0.0,1.0,0.0,0.0,0.0,
3793,i,491.38,0.060000000000002274,phoneme,0.0,1.0,0.0,0.0,0.0,0.0,1.0,0.0,0.0,0.0,0.0,0.0,0.0,1.0,
3794,s,491.44,0.06999999999999318,phoneme,0.0,0.0,0.0,0.0,0.0,0.0,0.0,0.0,1.0,0.0,0.0,0.0,1.0,0.0,
3795,k,491.51,0.060000000000002274,phoneme,0.0,0.0,0.0,0.0,0.0,1.0,0.0,1.0,0.0,0.0,0.0,0.0,1.0,0.0,
3796,s,491.62,0.12999999999999545,phoneme,0.0,0.0,0.0,0.0,0.0,0.0,0.0,0.0,1.0,0.0,0.0,0.0,1.0,0.0,
3797,e,491.75,0.06999999999999318,phoneme,0.0,0.0,1.0,0.0,0.0,0.0,1.0,0.0,0.0,0.0,0.0,0.0,0.0,1.0,
3798,t,491.82,0.13999999999998636,phoneme,0.0,0.0,0.0,0.0,0.0,0.0,0.0,1.0,0.0,0.0,0.0,0.0,1.0,0.0,
3799,E,492.03,0.05000000000001137,phoneme,0.0,0.0,1.0,0.0,0.0,0.0,1.0,0.0,0.0,0.0,0.0,0.0,0.0,1.0,
3800,l,492.08,0.05000000000001137,phoneme,0.0,0.0,0.0,0.0,0.0,0.0,0.0,0.0,0.0,0.0,1.0,0.0,0.0,0.0,
3801,@,492.13,0.040000000000020464,phoneme,0.0,0.0,1.0,0.0,0.0,0.0,1.0,0.0,0.0,0.0,0.0,0.0,0.0,1.0,
3802,k,492.17,0.1099999999999568,phoneme,0.0,0.0,0.0,0.0,0.0,1.0,0.0,1.0,0.0,0.0,0.0,0.0,1.0,0.0,
3803,@,492.28,0.05000000000001137,phoneme,0.0,0.0,1.0,0.0,0.0,0.0,1.0,0.0,0.0,0.0,0.0,0.0,0.0,1.0,
3804,Z,492.33,0.12999999999999545,phoneme,0.0,0.0,0.0,0.0,0.0,0.0,0.0,0.0,1.0,0.0,0.0,0.0,1.0,1.0,
3805,e,492.46,0.03000000000002956,phoneme,0.0,0.0,1.0,0.0,0.0,0.0,1.0,0.0,0.0,0.0,0.0,0.0,0.0,1.0,
3806,m,492.49,0.07999999999998408,phoneme,0.0,0.0,0.0,1.0,0.0,0.0,0.0,0.0,0.0,1.0,0.0,0.0,0.0,0.0,
3807,i,492.57,0.10000000000002274,phoneme,0.0,1.0,0.0,0.0,0.0,0.0,1.0,0.0,0.0,0.0,0.0,0.0,0.0,1.0,
3808,z,492.67,0.03999999999996362,phoneme,0.0,0.0,0.0,0.0,0.0,0.0,0.0,0.0,1.0,0.0,0.0,0.0,1.0,1.0,
3809,s,492.71,0.18999999999999773,phoneme,0.0,0.0,0.0,0.0,0.0,0.0,0.0,0.0,1.0,0.0,0.0,0.0,1.0,0.0,
3810,u,492.9,0.09000000000003183,phoneme,0.0,1.0,0.0,0.0,0.0,0.0,1.0,0.0,0.0,0.0,0.0,0.0,0.0,1.0,
3811,g,492.99,0.060000000000002274,phoneme,0.0,0.0,0.0,0.0,0.0,1.0,0.0,1.0,0.0,0.0,0.0,0.0,1.0,1.0,
3812,l,493.05,0.0999999999999659,phoneme,0.0,0.0,0.0,0.0,0.0,0.0,0.0,0.0,0.0,0.0,1.0,0.0,0.0,0.0,
3813,O,493.15,0.12999999999999545,phoneme,0.0,0.0,1.0,0.0,0.0,0.0,1.0,0.0,0.0,0.0,0.0,0.0,0.0,1.0,
3814,b,493.28,0.12000000000000455,phoneme,0.0,0.0,0.0,1.0,0.0,0.0,0.0,1.0,0.0,0.0,0.0,0.0,1.0,1.0,
3815,p,494.11,0.029999999999972715,phoneme,0.0,0.0,0.0,1.0,0.0,0.0,0.0,1.0,0.0,0.0,0.0,0.0,1.0,0.0,
3816,H,494.14,0.05000000000001137,phoneme,0.0,0.0,0.0,1.0,0.0,0.0,0.0,0.0,0.0,0.0,1.0,0.0,0.0,0.0,
3817,i,494.19,0.040000000000020464,phoneme,0.0,1.0,0.0,0.0,0.0,0.0,1.0,0.0,0.0,0.0,0.0,0.0,0.0,1.0,
3818,s,494.23,0.13999999999998636,phoneme,0.0,0.0,0.0,0.0,0.0,0.0,0.0,0.0,1.0,0.0,0.0,0.0,1.0,0.0,
3819,k,494.37,0.08999999999997499,phoneme,0.0,0.0,0.0,0.0,0.0,1.0,0.0,1.0,0.0,0.0,0.0,0.0,1.0,0.0,
3820,s,494.46,0.10000000000002274,phoneme,0.0,0.0,0.0,0.0,0.0,0.0,0.0,0.0,1.0,0.0,0.0,0.0,1.0,0.0,
3821,e,494.56,0.11000000000001364,phoneme,0.0,0.0,1.0,0.0,0.0,0.0,1.0,0.0,0.0,0.0,0.0,0.0,0.0,1.0,
3822,t,494.67,0.08999999999997499,phoneme,0.0,0.0,0.0,0.0,0.0,0.0,0.0,1.0,0.0,0.0,0.0,0.0,1.0,0.0,
3823,E,494.76,0.11000000000001364,phoneme,0.0,0.0,1.0,0.0,0.0,0.0,1.0,0.0,0.0,0.0,0.0,0.0,0.0,1.0,
3824,l,494.87,0.060000000000002274,phoneme,0.0,0.0,0.0,0.0,0.0,0.0,0.0,0.0,0.0,0.0,1.0,0.0,0.0,0.0,
3825,k,494.93,0.13999999999998636,phoneme,0.0,0.0,0.0,0.0,0.0,1.0,0.0,1.0,0.0,0.0,0.0,0.0,1.0,0.0,
3826,@,495.07,0.060000000000002274,phoneme,0.0,0.0,1.0,0.0,0.0,0.0,1.0,0.0,0.0,0.0,0.0,0.0,0.0,1.0,
3827,Z,495.13,0.10000000000002274,phoneme,0.0,0.0,0.0,0.0,0.0,0.0,0.0,0.0,1.0,0.0,0.0,0.0,1.0,1.0,
3828,e,495.23,0.03999999999996362,phoneme,0.0,0.0,1.0,0.0,0.0,0.0,1.0,0.0,0.0,0.0,0.0,0.0,0.0,1.0,
3829,a,495.27,0.09000000000003183,phoneme,1.0,0.0,0.0,0.0,0.0,0.0,1.0,0.0,0.0,0.0,0.0,0.0,0.0,1.0,
3830,b,495.36,0.029999999999972715,phoneme,0.0,0.0,0.0,1.0,0.0,0.0,0.0,1.0,0.0,0.0,0.0,0.0,1.0,1.0,
3831,R,495.39,0.09000000000003183,phoneme,0.0,0.0,0.0,0.0,0.0,0.0,0.0,0.0,0.0,0.0,0.0,1.0,0.0,0.0,
3832,i,495.48,0.07999999999998408,phoneme,0.0,1.0,0.0,0.0,0.0,0.0,1.0,0.0,0.0,0.0,0.0,0.0,0.0,1.0,
3833,t,495.56,0.10000000000002274,phoneme,0.0,0.0,0.0,0.0,0.0,0.0,0.0,1.0,0.0,0.0,0.0,0.0,1.0,0.0,
3834,e,495.66,0.08999999999997499,phoneme,0.0,0.0,1.0,0.0,0.0,0.0,1.0,0.0,0.0,0.0,0.0,0.0,0.0,1.0,
3835,p,495.75,0.07999999999998408,phoneme,0.0,0.0,0.0,1.0,0.0,0.0,0.0,1.0,0.0,0.0,0.0,0.0,1.0,0.0,
3836,a,495.83,0.10000000000002274,phoneme,1.0,0.0,0.0,0.0,0.0,0.0,1.0,0.0,0.0,0.0,0.0,0.0,0.0,1.0,
3837,R,495.93,0.029999999999972715,phoneme,0.0,0.0,0.0,0.0,0.0,0.0,0.0,0.0,0.0,0.0,0.0,1.0,0.0,0.0,
3838,l,495.96,0.060000000000002274,phoneme,0.0,0.0,0.0,0.0,0.0,0.0,0.0,0.0,0.0,0.0,1.0,0.0,0.0,0.0,
3839,p,496.02,0.10000000000002274,phoneme,0.0,0.0,0.0,1.0,0.0,0.0,0.0,1.0,0.0,0.0,0.0,0.0,1.0,0.0,
3840,a,496.12,0.10000000000002274,phoneme,1.0,0.0,0.0,0.0,0.0,0.0,1.0,0.0,0.0,0.0,0.0,0.0,0.0,1.0,
3841,R,496.22,0.23999999999995225,phoneme,0.0,0.0,0.0,0.0,0.0,0.0,0.0,0.0,0.0,0.0,0.0,1.0,0.0,0.0,
3842,a,496.46,0.09000000000003183,phoneme,1.0,0.0,0.0,0.0,0.0,0.0,1.0,0.0,0.0,0.0,0.0,0.0,0.0,1.0,
3843,v,496.55,0.029999999999972715,phoneme,0.0,0.0,0.0,0.0,0.0,0.0,0.0,0.0,1.0,0.0,0.0,0.0,1.0,1.0,
3844,p,497.51,0.10000000000002274,phoneme,0.0,0.0,0.0,1.0,0.0,0.0,0.0,1.0,0.0,0.0,0.0,0.0,1.0,0.0,
3845,H,497.61,0.05000000000001137,phoneme,0.0,0.0,0.0,1.0,0.0,0.0,0.0,0.0,0.0,0.0,1.0,0.0,0.0,0.0,
3846,i,497.66,0.060000000000002274,phoneme,0.0,1.0,0.0,0.0,0.0,0.0,1.0,0.0,0.0,0.0,0.0,0.0,0.0,1.0,
3847,s,497.72,0.0999999999999659,phoneme,0.0,0.0,0.0,0.0,0.0,0.0,0.0,0.0,1.0,0.0,0.0,0.0,1.0,0.0,
3848,k,497.82,0.05000000000001137,phoneme,0.0,0.0,0.0,0.0,0.0,1.0,0.0,1.0,0.0,0.0,0.0,0.0,1.0,0.0,
3849,@,497.87,0.040000000000020464,phoneme,0.0,0.0,1.0,0.0,0.0,0.0,1.0,0.0,0.0,0.0,0.0,0.0,0.0,1.0,
3850,s,497.91,0.14999999999997726,phoneme,0.0,0.0,0.0,0.0,0.0,0.0,0.0,0.0,1.0,0.0,0.0,0.0,1.0,0.0,
3851,e,498.06,0.07999999999998408,phoneme,0.0,0.0,1.0,0.0,0.0,0.0,1.0,0.0,0.0,0.0,0.0,0.0,0.0,1.0,
3852,t,498.14,0.12000000000000455,phoneme,0.0,0.0,0.0,0.0,0.0,0.0,0.0,1.0,0.0,0.0,0.0,0.0,1.0,0.0,
3853,E,498.26,0.11000000000001364,phoneme,0.0,0.0,1.0,0.0,0.0,0.0,1.0,0.0,0.0,0.0,0.0,0.0,0.0,1.0,
3854,l,498.37,0.060000000000002274,phoneme,0.0,0.0,0.0,0.0,0.0,0.0,0.0,0.0,0.0,0.0,1.0,0.0,0.0,0.0,
3855,d,498.43,0.06999999999999318,phoneme,0.0,0.0,0.0,0.0,0.0,0.0,0.0,1.0,0.0,0.0,0.0,0.0,1.0,1.0,
3856,o~,498.5,0.11000000000001364,phoneme,0.0,0.0,1.0,0.0,0.0,0.0,1.0,0.0,0.0,1.0,0.0,0.0,0.0,1.0,
3857,Z,498.61,0.06999999999999318,phoneme,0.0,0.0,0.0,0.0,0.0,0.0,0.0,0.0,1.0,0.0,0.0,0.0,1.0,1.0,
3858,e,498.68,0.12000000000000455,phoneme,0.0,0.0,1.0,0.0,0.0,0.0,1.0,0.0,0.0,0.0,0.0,0.0,0.0,1.0,
3859,t,498.8,0.12999999999999545,phoneme,0.0,0.0,0.0,0.0,0.0,0.0,0.0,1.0,0.0,0.0,0.0,0.0,1.0,0.0,
3860,y,498.93,0.15999999999996817,phoneme,0.0,1.0,0.0,0.0,0.0,0.0,1.0,0.0,0.0,0.0,0.0,0.0,0.0,1.0,
3861,e,499.09,0.09000000000003183,phoneme,0.0,0.0,1.0,0.0,0.0,0.0,1.0,0.0,0.0,0.0,0.0,0.0,0.0,1.0,
3862,l,499.18,0.029999999999972715,phoneme,0.0,0.0,0.0,0.0,0.0,0.0,0.0,0.0,0.0,0.0,1.0,0.0,0.0,0.0,
3863,e,499.21,0.060000000000002274,phoneme,0.0,0.0,1.0,0.0,0.0,0.0,1.0,0.0,0.0,0.0,0.0,0.0,0.0,1.0,
3864,S,499.27,0.12999999999999545,phoneme,0.0,0.0,0.0,0.0,0.0,0.0,0.0,0.0,1.0,0.0,0.0,0.0,1.0,0.0,
3865,@,499.4,0.040000000000020464,phoneme,0.0,0.0,1.0,0.0,0.0,0.0,1.0,0.0,0.0,0.0,0.0,0.0,0.0,1.0,
3866,n,499.44,0.08999999999997499,phoneme,0.0,0.0,0.0,0.0,0.0,0.0,0.0,0.0,0.0,1.0,0.0,0.0,0.0,0.0,
3867,i,499.53,0.27000000000003865,phoneme,0.0,1.0,0.0,0.0,0.0,0.0,1.0,0.0,0.0,0.0,0.0,0.0,0.0,1.0,
3868,j,499.8,0.029999999999972715,phoneme,0.0,0.0,0.0,0.0,0.0,0.0,0.0,0.0,0.0,0.0,1.0,0.0,0.0,0.0,
3869,s,500.15,0.1500000000000341,phoneme,0.0,0.0,0.0,0.0,0.0,0.0,0.0,0.0,1.0,0.0,0.0,0.0,1.0,0.0,
3870,o,500.3,0.0999999999999659,phoneme,0.0,0.0,1.0,0.0,0.0,0.0,1.0,0.0,0.0,0.0,0.0,0.0,0.0,1.0,
3871,f,500.4,0.05000000000001137,phoneme,0.0,0.0,0.0,0.0,0.0,0.0,0.0,0.0,1.0,0.0,0.0,0.0,1.0,0.0,
3872,l,500.45,0.06999999999999318,phoneme,0.0,0.0,0.0,0.0,0.0,0.0,0.0,0.0,0.0,0.0,1.0,0.0,0.0,0.0,
3873,e,500.52,0.08000000000004093,phoneme,0.0,0.0,1.0,0.0,0.0,0.0,1.0,0.0,0.0,0.0,0.0,0.0,0.0,1.0,
3874,t,500.6,0.07999999999998408,phoneme,0.0,0.0,0.0,0.0,0.0,0.0,0.0,1.0,0.0,0.0,0.0,0.0,1.0,0.0,
3875,d,500.68,0.029999999999972715,phoneme,0.0,0.0,0.0,0.0,0.0,0.0,0.0,1.0,0.0,0.0,0.0,0.0,1.0,1.0,
3876,2,500.71,0.09000000000003183,phoneme,0.0,0.0,1.0,0.0,0.0,0.0,1.0,0.0,0.0,0.0,0.0,0.0,0.0,1.0,
3877,u,500.8,0.07999999999998408,phoneme,0.0,1.0,0.0,0.0,0.0,0.0,1.0,0.0,0.0,0.0,0.0,0.0,0.0,1.0,
3878,t,500.88,0.07999999999998408,phoneme,0.0,0.0,0.0,0.0,0.0,0.0,0.0,1.0,0.0,0.0,0.0,0.0,1.0,0.0,
3879,R,500.96,0.040000000000020464,phoneme,0.0,0.0,0.0,0.0,0.0,0.0,0.0,0.0,0.0,0.0,0.0,1.0,0.0,0.0,
3880,w,501.0,0.060000000000002274,phoneme,0.0,0.0,0.0,1.0,0.0,1.0,0.0,0.0,0.0,0.0,1.0,0.0,0.0,0.0,
3881,a,501.06,0.10000000000002274,phoneme,1.0,0.0,0.0,0.0,0.0,0.0,1.0,0.0,0.0,0.0,0.0,0.0,0.0,1.0,
3882,p,501.16,0.06999999999999318,phoneme,0.0,0.0,0.0,1.0,0.0,0.0,0.0,1.0,0.0,0.0,0.0,0.0,1.0,0.0,
3883,u,501.23,0.07999999999998408,phoneme,0.0,1.0,0.0,0.0,0.0,0.0,1.0,0.0,0.0,0.0,0.0,0.0,0.0,1.0,
3884,R,501.31,0.029999999999972715,phoneme,0.0,0.0,0.0,0.0,0.0,0.0,0.0,0.0,0.0,0.0,0.0,1.0,0.0,0.0,
3885,l,501.34,0.03000000000002956,phoneme,0.0,0.0,0.0,0.0,0.0,0.0,0.0,0.0,0.0,0.0,1.0,0.0,0.0,0.0,
3886,e,501.37,0.08999999999997499,phoneme,0.0,0.0,1.0,0.0,0.0,0.0,1.0,0.0,0.0,0.0,0.0,0.0,0.0,1.0,
3887,p,501.46,0.05000000000001137,phoneme,0.0,0.0,0.0,1.0,0.0,0.0,0.0,1.0,0.0,0.0,0.0,0.0,1.0,0.0,
3888,a,501.51,0.060000000000002274,phoneme,1.0,0.0,0.0,0.0,0.0,0.0,1.0,0.0,0.0,0.0,0.0,0.0,0.0,1.0,
3889,p,501.57,0.11000000000001364,phoneme,0.0,0.0,0.0,1.0,0.0,0.0,0.0,1.0,0.0,0.0,0.0,0.0,1.0,0.0,
3890,i,501.68,0.08999999999997499,phoneme,0.0,1.0,0.0,0.0,0.0,0.0,1.0,0.0,0.0,0.0,0.0,0.0,0.0,1.0,
3891,j,501.77,0.06999999999999318,phoneme,0.0,0.0,0.0,0.0,0.0,0.0,0.0,0.0,0.0,0.0,1.0,0.0,0.0,0.0,
3892,o~,501.84,0.09000000000003183,phoneme,0.0,0.0,1.0,0.0,0.0,0.0,1.0,0.0,0.0,1.0,0.0,0.0,0.0,1.0,
3893,t,501.93,0.08999999999997499,phoneme,0.0,0.0,0.0,0.0,0.0,0.0,0.0,1.0,0.0,0.0,0.0,0.0,1.0,0.0,
3894,p,503.0,0.05000000000001137,phoneme,0.0,0.0,0.0,1.0,0.0,0.0,0.0,1.0,0.0,0.0,0.0,0.0,1.0,0.0,
3895,H,503.05,0.05000000000001137,phoneme,0.0,0.0,0.0,1.0,0.0,0.0,0.0,0.0,0.0,0.0,1.0,0.0,0.0,0.0,
3896,i,503.1,0.049999999999954525,phoneme,0.0,1.0,0.0,0.0,0.0,0.0,1.0,0.0,0.0,0.0,0.0,0.0,0.0,1.0,
3897,s,503.15,0.11000000000001364,phoneme,0.0,0.0,0.0,0.0,0.0,0.0,0.0,0.0,1.0,0.0,0.0,0.0,1.0,0.0,
3898,k,503.26,0.05000000000001137,phoneme,0.0,0.0,0.0,0.0,0.0,1.0,0.0,1.0,0.0,0.0,0.0,0.0,1.0,0.0,
3899,@,503.31,0.029999999999972715,phoneme,0.0,0.0,1.0,0.0,0.0,0.0,1.0,0.0,0.0,0.0,0.0,0.0,0.0,1.0,
3900,s,503.34,0.12000000000000455,phoneme,0.0,0.0,0.0,0.0,0.0,0.0,0.0,0.0,1.0,0.0,0.0,0.0,1.0,0.0,
3901,e,503.46,0.09000000000003183,phoneme,0.0,0.0,1.0,0.0,0.0,0.0,1.0,0.0,0.0,0.0,0.0,0.0,0.0,1.0,
3902,t,503.55,0.11000000000001364,phoneme,0.0,0.0,0.0,0.0,0.0,0.0,0.0,1.0,0.0,0.0,0.0,0.0,1.0,0.0,
3903,E,503.66,0.12999999999999545,phoneme,0.0,0.0,1.0,0.0,0.0,0.0,1.0,0.0,0.0,0.0,0.0,0.0,0.0,1.0,
3904,l,503.79,0.03999999999996362,phoneme,0.0,0.0,0.0,0.0,0.0,0.0,0.0,0.0,0.0,0.0,1.0,0.0,0.0,0.0,
3905,k,503.83,0.160000000000025,phoneme,0.0,0.0,0.0,0.0,0.0,1.0,0.0,1.0,0.0,0.0,0.0,0.0,1.0,0.0,
3906,@,503.99,0.060000000000002274,phoneme,0.0,0.0,1.0,0.0,0.0,0.0,1.0,0.0,0.0,0.0,0.0,0.0,0.0,1.0,
3907,Z,504.05,0.07999999999998408,phoneme,0.0,0.0,0.0,0.0,0.0,0.0,0.0,0.0,1.0,0.0,0.0,0.0,1.0,1.0,
3908,e,504.13,0.12999999999999545,phoneme,0.0,0.0,1.0,0.0,0.0,0.0,1.0,0.0,0.0,0.0,0.0,0.0,0.0,1.0,
3909,e,504.26,0.03000000000002956,phoneme,0.0,0.0,1.0,0.0,0.0,0.0,1.0,0.0,0.0,0.0,0.0,0.0,0.0,1.0,
3910,k,504.29,0.1099999999999568,phoneme,0.0,0.0,0.0,0.0,0.0,1.0,0.0,1.0,0.0,0.0,0.0,0.0,1.0,0.0,
3911,u,504.4,0.040000000000020464,phoneme,0.0,1.0,0.0,0.0,0.0,0.0,1.0,0.0,0.0,0.0,0.0,0.0,0.0,1.0,
3912,t,504.44,0.08999999999997499,phoneme,0.0,0.0,0.0,0.0,0.0,0.0,0.0,1.0,0.0,0.0,0.0,0.0,1.0,0.0,
3913,e,504.53,0.05000000000001137,phoneme,0.0,0.0,1.0,0.0,0.0,0.0,1.0,0.0,0.0,0.0,0.0,0.0,0.0,1.0,
3914,t,504.58,0.060000000000002274,phoneme,0.0,0.0,0.0,0.0,0.0,0.0,0.0,1.0,0.0,0.0,0.0,0.0,1.0,0.0,
3915,s,504.64,0.06999999999999318,phoneme,0.0,0.0,0.0,0.0,0.0,0.0,0.0,0.0,1.0,0.0,0.0,0.0,1.0,0.0,
3916,@,504.71,0.05000000000001137,phoneme,0.0,0.0,1.0,0.0,0.0,0.0,1.0,0.0,0.0,0.0,0.0,0.0,0.0,1.0,
3917,p,504.76,0.10000000000002274,phoneme,0.0,0.0,0.0,1.0,0.0,0.0,0.0,1.0,0.0,0.0,0.0,0.0,1.0,0.0,
3918,l,504.86,0.05000000000001137,phoneme,0.0,0.0,0.0,0.0,0.0,0.0,0.0,0.0,0.0,0.0,1.0,0.0,0.0,0.0,
3919,e~,504.91,0.16999999999995907,phoneme,0.0,0.0,1.0,0.0,0.0,0.0,1.0,0.0,0.0,1.0,0.0,0.0,0.0,1.0,
3920,d,505.08,0.03000000000002956,phoneme,0.0,0.0,0.0,0.0,0.0,0.0,0.0,1.0,0.0,0.0,0.0,0.0,1.0,1.0,
3921,R,505.11,0.14999999999997726,phoneme,0.0,0.0,0.0,0.0,0.0,0.0,0.0,0.0,0.0,0.0,0.0,1.0,0.0,0.0,
3922,u,505.57,0.11000000000001364,phoneme,0.0,1.0,0.0,0.0,0.0,0.0,1.0,0.0,0.0,0.0,0.0,0.0,0.0,1.0,
3923,s,505.68,0.12000000000000455,phoneme,0.0,0.0,0.0,0.0,0.0,0.0,0.0,0.0,1.0,0.0,0.0,0.0,1.0,0.0,
3924,@,505.8,0.060000000000002274,phoneme,0.0,0.0,1.0,0.0,0.0,0.0,1.0,0.0,0.0,0.0,0.0,0.0,0.0,1.0,
3925,v,505.86,0.029999999999972715,phoneme,0.0,0.0,0.0,0.0,0.0,0.0,0.0,0.0,1.0,0.0,0.0,0.0,1.0,1.0,
3926,a~,505.89,0.13999999999998636,phoneme,1.0,0.0,0.0,0.0,0.0,0.0,1.0,0.0,0.0,1.0,0.0,0.0,0.0,1.0,
3927,t,506.03,0.1400000000000432,phoneme,0.0,0.0,0.0,0.0,0.0,0.0,0.0,1.0,0.0,0.0,0.0,0.0,1.0,0.0,
3928,e,506.17,0.14999999999997726,phoneme,0.0,0.0,1.0,0.0,0.0,0.0,1.0,0.0,0.0,0.0,0.0,0.0,0.0,1.0,
3929,u,506.8,0.20999999999997954,phoneme,0.0,1.0,0.0,0.0,0.0,0.0,1.0,0.0,0.0,0.0,0.0,0.0,0.0,1.0,
3930,m,507.01,0.060000000000002274,phoneme,0.0,0.0,0.0,1.0,0.0,0.0,0.0,0.0,0.0,1.0,0.0,0.0,0.0,0.0,
3931,E,507.07,0.07999999999998408,phoneme,0.0,0.0,1.0,0.0,0.0,0.0,1.0,0.0,0.0,0.0,0.0,0.0,0.0,1.0,
3932,m,507.15,0.08000000000004093,phoneme,0.0,0.0,0.0,1.0,0.0,0.0,0.0,0.0,0.0,1.0,0.0,0.0,0.0,0.0,
3933,k,507.23,0.0999999999999659,phoneme,0.0,0.0,0.0,0.0,0.0,1.0,0.0,1.0,0.0,0.0,0.0,0.0,1.0,0.0,
3934,E,507.33,0.060000000000002274,phoneme,0.0,0.0,1.0,0.0,0.0,0.0,1.0,0.0,0.0,0.0,0.0,0.0,0.0,1.0,
3935,l,507.39,0.03000000000002956,phoneme,0.0,0.0,0.0,0.0,0.0,0.0,0.0,0.0,0.0,0.0,1.0,0.0,0.0,0.0,
3936,k,507.42,0.14999999999997726,phoneme,0.0,0.0,0.0,0.0,0.0,1.0,0.0,1.0,0.0,0.0,0.0,0.0,1.0,0.0,
3937,f,507.57,0.12999999999999545,phoneme,0.0,0.0,0.0,0.0,0.0,0.0,0.0,0.0,1.0,0.0,0.0,0.0,1.0,0.0,
3938,w,507.7,0.03000000000002956,phoneme,0.0,0.0,0.0,1.0,0.0,1.0,0.0,0.0,0.0,0.0,1.0,0.0,0.0,0.0,
3939,a,507.73,0.06999999999999318,phoneme,1.0,0.0,0.0,0.0,0.0,0.0,1.0,0.0,0.0,0.0,0.0,0.0,0.0,1.0,
3940,s,507.8,0.13999999999998636,phoneme,0.0,0.0,0.0,0.0,0.0,0.0,0.0,0.0,1.0,0.0,0.0,0.0,1.0,0.0,
3941,@,507.94,0.040000000000020464,phoneme,0.0,0.0,1.0,0.0,0.0,0.0,1.0,0.0,0.0,0.0,0.0,0.0,0.0,1.0,
3942,t,507.98,0.13999999999998636,phoneme,0.0,0.0,0.0,0.0,0.0,0.0,0.0,1.0,0.0,0.0,0.0,0.0,1.0,0.0,
3943,E,508.12,0.20999999999997954,phoneme,0.0,0.0,1.0,0.0,0.0,0.0,1.0,0.0,0.0,0.0,0.0,0.0,0.0,1.0,
3944,R,508.33,0.18999999999999773,phoneme,0.0,0.0,0.0,0.0,0.0,0.0,0.0,0.0,0.0,0.0,0.0,1.0,0.0,0.0,
3945,p,509.25,0.06999999999999318,phoneme,0.0,0.0,0.0,1.0,0.0,0.0,0.0,1.0,0.0,0.0,0.0,0.0,1.0,0.0,
3946,H,509.32,0.05000000000001137,phoneme,0.0,0.0,0.0,1.0,0.0,0.0,0.0,0.0,0.0,0.0,1.0,0.0,0.0,0.0,
3947,i,509.37,0.05000000000001137,phoneme,0.0,1.0,0.0,0.0,0.0,0.0,1.0,0.0,0.0,0.0,0.0,0.0,0.0,1.0,
3948,s,509.42,0.1099999999999568,phoneme,0.0,0.0,0.0,0.0,0.0,0.0,0.0,0.0,1.0,0.0,0.0,0.0,1.0,0.0,
3949,k,509.53,0.03000000000002956,phoneme,0.0,0.0,0.0,0.0,0.0,1.0,0.0,1.0,0.0,0.0,0.0,0.0,1.0,0.0,
3950,@,509.56,0.060000000000002274,phoneme,0.0,0.0,1.0,0.0,0.0,0.0,1.0,0.0,0.0,0.0,0.0,0.0,0.0,1.0,
3951,s,509.62,0.13999999999998636,phoneme,0.0,0.0,0.0,0.0,0.0,0.0,0.0,0.0,1.0,0.0,0.0,0.0,1.0,0.0,
3952,e,509.76,0.07999999999998408,phoneme,0.0,0.0,1.0,0.0,0.0,0.0,1.0,0.0,0.0,0.0,0.0,0.0,0.0,1.0,
3953,t,509.84,0.05000000000001137,phoneme,0.0,0.0,0.0,0.0,0.0,0.0,0.0,1.0,0.0,0.0,0.0,0.0,1.0,0.0,
3954,m,509.89,0.12999999999999545,phoneme,0.0,0.0,0.0,1.0,0.0,0.0,0.0,0.0,0.0,1.0,0.0,0.0,0.0,0.0,
3955,a,510.02,0.18999999999999773,phoneme,1.0,0.0,0.0,0.0,0.0,0.0,1.0,0.0,0.0,0.0,0.0,0.0,0.0,1.0,
3956,R,510.21,0.09000000000003183,phoneme,0.0,0.0,0.0,0.0,0.0,0.0,0.0,0.0,0.0,0.0,0.0,1.0,0.0,0.0,
3957,o,510.3,0.2400000000000091,phoneme,0.0,0.0,1.0,0.0,0.0,0.0,1.0,0.0,0.0,0.0,0.0,0.0,0.0,1.0,
3958,z,510.54,0.18999999999999773,phoneme,0.0,0.0,0.0,0.0,0.0,0.0,0.0,0.0,1.0,0.0,0.0,0.0,1.0,1.0,
3959,e,512.25,0.14999999999997726,phoneme,0.0,0.0,1.0,0.0,0.0,0.0,1.0,0.0,0.0,0.0,0.0,0.0,0.0,1.0,
3960,i,512.4,0.10000000000002274,phoneme,0.0,1.0,0.0,0.0,0.0,0.0,1.0,0.0,0.0,0.0,0.0,0.0,0.0,1.0,
3961,R,512.5,0.11000000000001364,phoneme,0.0,0.0,0.0,0.0,0.0,0.0,0.0,0.0,0.0,0.0,0.0,1.0,0.0,0.0,
3962,@,512.61,0.08000000000004093,phoneme,0.0,0.0,1.0,0.0,0.0,0.0,1.0,0.0,0.0,0.0,0.0,0.0,0.0,1.0,
3963,v,512.69,0.03999999999996362,phoneme,0.0,0.0,0.0,0.0,0.0,0.0,0.0,0.0,1.0,0.0,0.0,0.0,1.0,1.0,
3964,9~,512.73,0.12999999999999545,phoneme,0.0,0.0,1.0,0.0,0.0,0.0,1.0,0.0,0.0,1.0,0.0,0.0,0.0,1.0,
3965,v,512.86,0.029999999999972715,phoneme,0.0,0.0,0.0,0.0,0.0,0.0,0.0,0.0,1.0,0.0,0.0,0.0,1.0,1.0,
3966,E,512.89,0.12000000000000455,phoneme,0.0,0.0,1.0,0.0,0.0,0.0,1.0,0.0,0.0,0.0,0.0,0.0,0.0,1.0,
3967,R,513.01,0.029999999999972715,phoneme,0.0,0.0,0.0,0.0,0.0,0.0,0.0,0.0,0.0,0.0,0.0,1.0,0.0,0.0,
3968,l,513.04,0.030000000000086402,phoneme,0.0,0.0,0.0,0.0,0.0,0.0,0.0,0.0,0.0,0.0,1.0,0.0,0.0,0.0,
3969,@,513.07,0.08999999999991815,phoneme,0.0,0.0,1.0,0.0,0.0,0.0,1.0,0.0,0.0,0.0,0.0,0.0,0.0,1.0,
3970,R,513.16,0.05000000000006821,phoneme,0.0,0.0,0.0,0.0,0.0,0.0,0.0,0.0,0.0,0.0,0.0,1.0,0.0,0.0,
3971,@,513.21,0.03999999999996362,phoneme,0.0,0.0,1.0,0.0,0.0,0.0,1.0,0.0,0.0,0.0,0.0,0.0,0.0,1.0,
3972,n,513.25,0.09000000000003183,phoneme,0.0,0.0,0.0,0.0,0.0,0.0,0.0,0.0,0.0,1.0,0.0,0.0,0.0,0.0,
3973,a,513.34,0.1999999999999318,phoneme,1.0,0.0,0.0,0.0,0.0,0.0,1.0,0.0,0.0,0.0,0.0,0.0,0.0,1.0,
3974,R,513.54,0.2400000000000091,phoneme,0.0,0.0,0.0,0.0,0.0,0.0,0.0,0.0,0.0,0.0,0.0,1.0,0.0,0.0,
3975,a,514.63,0.13999999999998636,phoneme,1.0,0.0,0.0,0.0,0.0,0.0,1.0,0.0,0.0,0.0,0.0,0.0,0.0,1.0,
3976,d,514.77,0.029999999999972715,phoneme,0.0,0.0,0.0,0.0,0.0,0.0,0.0,1.0,0.0,0.0,0.0,0.0,1.0,1.0,
3977,j,514.8,0.14000000000010004,phoneme,0.0,0.0,0.0,0.0,0.0,0.0,0.0,0.0,0.0,0.0,1.0,0.0,0.0,0.0,
3978,2,514.94,0.09999999999990905,phoneme,0.0,0.0,1.0,0.0,0.0,0.0,1.0,0.0,0.0,0.0,0.0,0.0,0.0,1.0,
3979,d,515.38,0.07000000000005002,phoneme,0.0,0.0,0.0,0.0,0.0,0.0,0.0,1.0,0.0,0.0,0.0,0.0,1.0,1.0,
3980,i,515.45,0.16999999999995907,phoneme,0.0,1.0,0.0,0.0,0.0,0.0,1.0,0.0,0.0,0.0,0.0,0.0,0.0,1.0,
3981,i,515.62,0.2699999999999818,phoneme,0.0,1.0,0.0,0.0,0.0,0.0,1.0,0.0,0.0,0.0,0.0,0.0,0.0,1.0,
3982,l,515.89,0.06000000000005912,phoneme,0.0,0.0,0.0,0.0,0.0,0.0,0.0,0.0,0.0,0.0,1.0,0.0,0.0,0.0,
3983,a,516.72,0.11000000000001364,phoneme,1.0,0.0,0.0,0.0,0.0,0.0,1.0,0.0,0.0,0.0,0.0,0.0,0.0,1.0,
3984,d,516.83,0.05999999999994543,phoneme,0.0,0.0,0.0,0.0,0.0,0.0,0.0,1.0,0.0,0.0,0.0,0.0,1.0,1.0,
3985,j,516.89,0.11000000000001364,phoneme,0.0,0.0,0.0,0.0,0.0,0.0,0.0,0.0,0.0,0.0,1.0,0.0,0.0,0.0,
3986,2,517.0,0.17999999999994998,phoneme,0.0,0.0,1.0,0.0,0.0,0.0,1.0,0.0,0.0,0.0,0.0,0.0,0.0,1.0,
3987,d,517.55,0.10000000000002274,phoneme,0.0,0.0,0.0,0.0,0.0,0.0,0.0,1.0,0.0,0.0,0.0,0.0,1.0,1.0,
3988,i,517.65,0.08000000000004093,phoneme,0.0,1.0,0.0,0.0,0.0,0.0,1.0,0.0,0.0,0.0,0.0,0.0,0.0,1.0,
3989,l,517.73,0.029999999999972715,phoneme,0.0,0.0,0.0,0.0,0.0,0.0,0.0,0.0,0.0,0.0,1.0,0.0,0.0,0.0,
3990,@,517.76,0.03999999999996362,phoneme,0.0,0.0,1.0,0.0,0.0,0.0,1.0,0.0,0.0,0.0,0.0,0.0,0.0,1.0,
3991,R,517.8,0.06000000000005912,phoneme,0.0,0.0,0.0,0.0,0.0,0.0,0.0,0.0,0.0,0.0,0.0,1.0,0.0,0.0,
3992,@,517.86,0.05999999999994543,phoneme,0.0,0.0,1.0,0.0,0.0,0.0,1.0,0.0,0.0,0.0,0.0,0.0,0.0,1.0,
3993,n,517.92,0.07000000000005002,phoneme,0.0,0.0,0.0,0.0,0.0,0.0,0.0,0.0,0.0,1.0,0.0,0.0,0.0,0.0,
3994,a,517.99,0.22000000000002728,phoneme,1.0,0.0,0.0,0.0,0.0,0.0,1.0,0.0,0.0,0.0,0.0,0.0,0.0,1.0,
3995,R,518.21,0.17999999999994998,phoneme,0.0,0.0,0.0,0.0,0.0,0.0,0.0,0.0,0.0,0.0,0.0,1.0,0.0,0.0,
3996,v,518.85,0.07999999999992724,phoneme,0.0,0.0,0.0,0.0,0.0,0.0,0.0,0.0,1.0,0.0,0.0,0.0,1.0,1.0,
3997,w,518.93,0.06000000000005912,phoneme,0.0,0.0,0.0,1.0,0.0,1.0,0.0,0.0,0.0,0.0,1.0,0.0,0.0,0.0,
3998,a,518.99,0.029999999999972715,phoneme,1.0,0.0,0.0,0.0,0.0,0.0,1.0,0.0,0.0,0.0,0.0,0.0,0.0,1.0,
3999,s,519.02,0.15999999999996817,phoneme,0.0,0.0,0.0,0.0,0.0,0.0,0.0,0.0,1.0,0.0,0.0,0.0,1.0,0.0,
4000,i,519.18,0.14000000000010004,phoneme,0.0,1.0,0.0,0.0,0.0,0.0,1.0,0.0,0.0,0.0,0.0,0.0,0.0,1.0,
4001,m,519.32,0.029999999999972715,phoneme,0.0,0.0,0.0,1.0,0.0,0.0,0.0,0.0,0.0,1.0,0.0,0.0,0.0,0.0,
4002,o~,519.35,0.10000000000002274,phoneme,0.0,0.0,1.0,0.0,0.0,0.0,1.0,0.0,0.0,1.0,0.0,0.0,0.0,1.0,
4003,s,519.45,0.12000000000000455,phoneme,0.0,0.0,0.0,0.0,0.0,0.0,0.0,0.0,1.0,0.0,0.0,0.0,1.0,0.0,
4004,@,519.57,0.07999999999992724,phoneme,0.0,0.0,1.0,0.0,0.0,0.0,1.0,0.0,0.0,0.0,0.0,0.0,0.0,1.0,
4005,k,519.65,0.08000000000004093,phoneme,0.0,0.0,0.0,0.0,0.0,1.0,0.0,1.0,0.0,0.0,0.0,0.0,1.0,0.0,
4006,R,519.73,0.07999999999992724,phoneme,0.0,0.0,0.0,0.0,0.0,0.0,0.0,0.0,0.0,0.0,0.0,1.0,0.0,0.0,
4007,E,519.81,0.12000000000000455,phoneme,0.0,0.0,1.0,0.0,0.0,0.0,1.0,0.0,0.0,0.0,0.0,0.0,0.0,1.0,
4008,i,520.42,0.11498900000003687,phoneme,0.0,1.0,0.0,0.0,0.0,0.0,1.0,0.0,0.0,0.0,0.0,0.0,0.0,1.0,
4009,e,520.534989,0.154988000000003,phoneme,0.0,0.0,1.0,0.0,0.0,0.0,1.0,0.0,0.0,0.0,0.0,0.0,0.0,1.0,
4010,t,520.689977,0.14002300000004197,phoneme,0.0,0.0,0.0,0.0,0.0,0.0,0.0,1.0,0.0,0.0,0.0,0.0,1.0,0.0,
4011,R,520.83,0.06999999999993634,phoneme,0.0,0.0,0.0,0.0,0.0,0.0,0.0,0.0,0.0,0.0,0.0,1.0,0.0,0.0,
4012,E,520.9,0.11000000000001364,phoneme,0.0,0.0,1.0,0.0,0.0,0.0,1.0,0.0,0.0,0.0,0.0,0.0,0.0,1.0,
4013,s,521.01,0.12999999999999545,phoneme,0.0,0.0,0.0,0.0,0.0,0.0,0.0,0.0,1.0,0.0,0.0,0.0,1.0,0.0,
4014,e~,521.14,0.15999999999996817,phoneme,0.0,0.0,1.0,0.0,0.0,0.0,1.0,0.0,0.0,1.0,0.0,0.0,0.0,1.0,
4015,p,521.3,0.11000000000001364,phoneme,0.0,0.0,0.0,1.0,0.0,0.0,0.0,1.0,0.0,0.0,0.0,0.0,1.0,0.0,
4016,l,521.41,0.07000000000005002,phoneme,0.0,0.0,0.0,0.0,0.0,0.0,0.0,0.0,0.0,0.0,1.0,0.0,0.0,0.0,
4017,o~,522.07,0.13999999999998636,phoneme,0.0,0.0,1.0,0.0,0.0,0.0,1.0,0.0,0.0,1.0,0.0,0.0,0.0,1.0,
4018,n,522.21,0.049999999999954525,phoneme,0.0,0.0,0.0,0.0,0.0,0.0,0.0,0.0,0.0,1.0,0.0,0.0,0.0,0.0,
4019,@,522.26,0.06000000000005912,phoneme,0.0,0.0,1.0,0.0,0.0,0.0,1.0,0.0,0.0,0.0,0.0,0.0,0.0,1.0,
4020,v,522.32,0.07999999999992724,phoneme,0.0,0.0,0.0,0.0,0.0,0.0,0.0,0.0,1.0,0.0,0.0,0.0,1.0,1.0,
4021,w,522.4,0.09000000000003183,phoneme,0.0,0.0,0.0,1.0,0.0,1.0,0.0,0.0,0.0,0.0,1.0,0.0,0.0,0.0,
4022,a,522.49,0.03999999999996362,phoneme,1.0,0.0,0.0,0.0,0.0,0.0,1.0,0.0,0.0,0.0,0.0,0.0,0.0,1.0,
4023,b,522.53,0.05000000000006821,phoneme,0.0,0.0,0.0,1.0,0.0,0.0,0.0,1.0,0.0,0.0,0.0,0.0,1.0,1.0,
4024,j,522.58,0.15999999999996817,phoneme,0.0,0.0,0.0,0.0,0.0,0.0,0.0,0.0,0.0,0.0,1.0,0.0,0.0,0.0,
4025,9~,522.74,0.05999999999994543,phoneme,0.0,0.0,1.0,0.0,0.0,0.0,1.0,0.0,0.0,1.0,0.0,0.0,0.0,1.0,
4026,k,523.06,0.09000000000003183,phoneme,0.0,0.0,0.0,0.0,0.0,1.0,0.0,1.0,0.0,0.0,0.0,0.0,1.0,0.0,
4027,a,523.15,0.07000000000005002,phoneme,1.0,0.0,0.0,0.0,0.0,0.0,1.0,0.0,0.0,0.0,0.0,0.0,0.0,1.0,
4028,v,523.22,0.05999999999994543,phoneme,0.0,0.0,0.0,0.0,0.0,0.0,0.0,0.0,1.0,0.0,0.0,0.0,1.0,1.0,
4029,E,523.28,0.11000000000001364,phoneme,0.0,0.0,1.0,0.0,0.0,0.0,1.0,0.0,0.0,0.0,0.0,0.0,0.0,1.0,
4030,k,523.39,0.09000000000003183,phoneme,0.0,0.0,0.0,0.0,0.0,1.0,0.0,1.0,0.0,0.0,0.0,0.0,1.0,0.0,
4031,l,523.48,0.05999999999994543,phoneme,0.0,0.0,0.0,0.0,0.0,0.0,0.0,0.0,0.0,0.0,1.0,0.0,0.0,0.0,
4032,@,523.54,0.04000000000007731,phoneme,0.0,0.0,1.0,0.0,0.0,0.0,1.0,0.0,0.0,0.0,0.0,0.0,0.0,1.0,
4033,k,523.58,0.13999999999998636,phoneme,0.0,0.0,0.0,0.0,0.0,1.0,0.0,1.0,0.0,0.0,0.0,0.0,1.0,0.0,
4034,o,523.72,0.029999999999972715,phoneme,0.0,0.0,1.0,0.0,0.0,0.0,1.0,0.0,0.0,0.0,0.0,0.0,0.0,1.0,
4035,9,523.75,0.2400000000000091,phoneme,0.0,0.0,1.0,0.0,0.0,0.0,1.0,0.0,0.0,0.0,0.0,0.0,0.0,1.0,
4036,R,523.99,0.14999999999997726,phoneme,0.0,0.0,0.0,0.0,0.0,0.0,0.0,0.0,0.0,0.0,0.0,1.0,0.0,0.0,
4037,l,524.73,0.11000000000001364,phoneme,0.0,0.0,0.0,0.0,0.0,0.0,0.0,0.0,0.0,0.0,1.0,0.0,0.0,0.0,
4038,e,524.84,0.049999999999954525,phoneme,0.0,0.0,1.0,0.0,0.0,0.0,1.0,0.0,0.0,0.0,0.0,0.0,0.0,1.0,
4039,s,524.89,0.12999999999999545,phoneme,0.0,0.0,0.0,0.0,0.0,0.0,0.0,0.0,1.0,0.0,0.0,0.0,1.0,0.0,
4040,a~,525.02,0.11000000000001364,phoneme,1.0,0.0,0.0,0.0,0.0,0.0,1.0,0.0,0.0,1.0,0.0,0.0,0.0,1.0,
4041,s,525.13,0.14999999999997726,phoneme,0.0,0.0,0.0,0.0,0.0,0.0,0.0,0.0,1.0,0.0,0.0,0.0,1.0,0.0,
4042,j,525.28,0.04000000000007731,phoneme,0.0,0.0,0.0,0.0,0.0,0.0,0.0,0.0,0.0,0.0,1.0,0.0,0.0,0.0,
4043,E,525.32,0.13999999999998636,phoneme,0.0,0.0,1.0,0.0,0.0,0.0,1.0,0.0,0.0,0.0,0.0,0.0,0.0,1.0,
4044,l,525.46,0.06999999999993634,phoneme,0.0,0.0,0.0,0.0,0.0,0.0,0.0,0.0,0.0,0.0,1.0,0.0,0.0,0.0,
4045,e,525.64,0.12999999999999545,phoneme,0.0,0.0,1.0,0.0,0.0,0.0,1.0,0.0,0.0,0.0,0.0,0.0,0.0,1.0,
4046,t,525.77,0.17000000000007276,phoneme,0.0,0.0,0.0,0.0,0.0,0.0,0.0,1.0,0.0,0.0,0.0,0.0,1.0,0.0,
4047,e~,525.94,0.12999999999999545,phoneme,0.0,0.0,1.0,0.0,0.0,0.0,1.0,0.0,0.0,1.0,0.0,0.0,0.0,1.0,
4048,v,526.07,0.049999999999954525,phoneme,0.0,0.0,0.0,0.0,0.0,0.0,0.0,0.0,1.0,0.0,0.0,0.0,1.0,1.0,
4049,i,526.12,0.11000000000001364,phoneme,0.0,1.0,0.0,0.0,0.0,0.0,1.0,0.0,0.0,0.0,0.0,0.0,0.0,1.0,
4050,z,526.23,0.14999999999997726,phoneme,0.0,0.0,0.0,0.0,0.0,0.0,0.0,0.0,1.0,0.0,0.0,0.0,1.0,1.0,
4051,i,526.38,0.03999999999996362,phoneme,0.0,1.0,0.0,0.0,0.0,0.0,1.0,0.0,0.0,0.0,0.0,0.0,0.0,1.0,
4052,b,526.42,0.06000000000005912,phoneme,0.0,0.0,0.0,1.0,0.0,0.0,0.0,1.0,0.0,0.0,0.0,0.0,1.0,1.0,
4053,l,526.48,0.049999999999954525,phoneme,0.0,0.0,0.0,0.0,0.0,0.0,0.0,0.0,0.0,0.0,1.0,0.0,0.0,0.0,
4054,@,526.53,0.04000000000007731,phoneme,0.0,0.0,1.0,0.0,0.0,0.0,1.0,0.0,0.0,0.0,0.0,0.0,0.0,1.0,
4055,p,526.57,0.08999999999991815,phoneme,0.0,0.0,0.0,1.0,0.0,0.0,0.0,1.0,0.0,0.0,0.0,0.0,1.0,0.0,
4056,u,526.66,0.13999999999998636,phoneme,0.0,1.0,0.0,0.0,0.0,0.0,1.0,0.0,0.0,0.0,0.0,0.0,0.0,1.0,
4057,l,526.8,0.030000000000086402,phoneme,0.0,0.0,0.0,0.0,0.0,0.0,0.0,0.0,0.0,0.0,1.0,0.0,0.0,0.0,
4058,e,526.83,0.029999999999972715,phoneme,0.0,0.0,1.0,0.0,0.0,0.0,1.0,0.0,0.0,0.0,0.0,0.0,0.0,1.0,
4059,i,526.86,0.029999999999972715,phoneme,0.0,1.0,0.0,0.0,0.0,0.0,1.0,0.0,0.0,0.0,0.0,0.0,0.0,1.0,
4060,2,526.89,0.03999999999996362,phoneme,0.0,0.0,1.0,0.0,0.0,0.0,1.0,0.0,0.0,0.0,0.0,0.0,0.0,1.0,
4061,e,526.93,0.030000000000086402,phoneme,0.0,0.0,1.0,0.0,0.0,0.0,1.0,0.0,0.0,0.0,0.0,0.0,0.0,1.0,
4062,z,526.96,0.029999999999972715,phoneme,0.0,0.0,0.0,0.0,0.0,0.0,0.0,0.0,1.0,0.0,0.0,0.0,1.0,1.0,
4063,k,526.99,0.029999999999972715,phoneme,0.0,0.0,0.0,0.0,0.0,1.0,0.0,1.0,0.0,0.0,0.0,0.0,1.0,0.0,
4064,u,527.02,0.029999999999972715,phoneme,0.0,1.0,0.0,0.0,0.0,0.0,1.0,0.0,0.0,0.0,0.0,0.0,0.0,1.0,
4065,S,527.05,0.04000000000007731,phoneme,0.0,0.0,0.0,0.0,0.0,0.0,0.0,0.0,1.0,0.0,0.0,0.0,1.0,0.0,
4066,e,527.09,0.029999999999972715,phoneme,0.0,0.0,1.0,0.0,0.0,0.0,1.0,0.0,0.0,0.0,0.0,0.0,0.0,1.0,
4067,d,527.12,0.029999999999972715,phoneme,0.0,0.0,0.0,0.0,0.0,0.0,0.0,1.0,0.0,0.0,0.0,0.0,1.0,1.0,
4068,a~,527.15,0.04000000000007731,phoneme,1.0,0.0,0.0,0.0,0.0,0.0,1.0,0.0,0.0,1.0,0.0,0.0,0.0,1.0,
4069,l,527.19,0.029999999999972715,phoneme,0.0,0.0,0.0,0.0,0.0,0.0,0.0,0.0,0.0,0.0,1.0,0.0,0.0,0.0,
4070,E,527.22,0.029999999999972715,phoneme,0.0,0.0,1.0,0.0,0.0,0.0,1.0,0.0,0.0,0.0,0.0,0.0,0.0,1.0,
4071,R,527.25,0.029999999999972715,phoneme,0.0,0.0,0.0,0.0,0.0,0.0,0.0,0.0,0.0,0.0,0.0,1.0,0.0,0.0,
4072,b,527.28,0.029999999999972715,phoneme,0.0,0.0,0.0,1.0,0.0,0.0,0.0,1.0,0.0,0.0,0.0,0.0,1.0,1.0,
4073,i,528.16,0.030000000000086402,phoneme,0.0,1.0,0.0,0.0,0.0,0.0,1.0,0.0,0.0,0.0,0.0,0.0,0.0,1.0,
4074,p,528.19,0.029999999999972715,phoneme,0.0,0.0,0.0,1.0,0.0,0.0,0.0,1.0,0.0,0.0,0.0,0.0,1.0,0.0,
4075,l,528.22,0.029999999999972715,phoneme,0.0,0.0,0.0,0.0,0.0,0.0,0.0,0.0,0.0,0.0,1.0,0.0,0.0,0.0,
4076,2,528.25,0.03999999999996362,phoneme,0.0,0.0,1.0,0.0,0.0,0.0,1.0,0.0,0.0,0.0,0.0,0.0,0.0,1.0,
4077,R,528.29,0.030000000000086402,phoneme,0.0,0.0,0.0,0.0,0.0,0.0,0.0,0.0,0.0,0.0,0.0,1.0,0.0,0.0,
4078,a,528.32,0.029999999999972715,phoneme,1.0,0.0,0.0,0.0,0.0,0.0,1.0,0.0,0.0,0.0,0.0,0.0,0.0,1.0,
4079,l,528.35,0.029999999999972715,phoneme,0.0,0.0,0.0,0.0,0.0,0.0,0.0,0.0,0.0,0.0,1.0,0.0,0.0,0.0,
4080,e,528.38,0.06000000000005912,phoneme,0.0,0.0,1.0,0.0,0.0,0.0,1.0,0.0,0.0,0.0,0.0,0.0,0.0,1.0,
4081,s,528.44,0.14999999999997726,phoneme,0.0,0.0,0.0,0.0,0.0,0.0,0.0,0.0,1.0,0.0,0.0,0.0,1.0,0.0,
4082,a~,528.59,0.11000000000001364,phoneme,1.0,0.0,0.0,0.0,0.0,0.0,1.0,0.0,0.0,1.0,0.0,0.0,0.0,1.0,
4083,s,528.7,0.17999999999994998,phoneme,0.0,0.0,0.0,0.0,0.0,0.0,0.0,0.0,1.0,0.0,0.0,0.0,1.0,0.0,
4084,j,528.88,0.029999999999972715,phoneme,0.0,0.0,0.0,0.0,0.0,0.0,0.0,0.0,0.0,0.0,1.0,0.0,0.0,0.0,
4085,E,528.91,0.07000000000005002,phoneme,0.0,0.0,1.0,0.0,0.0,0.0,1.0,0.0,0.0,0.0,0.0,0.0,0.0,1.0,
4086,l,528.98,0.06999999999993634,phoneme,0.0,0.0,0.0,0.0,0.0,0.0,0.0,0.0,0.0,0.0,1.0,0.0,0.0,0.0,
4087,e,529.05,0.10000000000002274,phoneme,0.0,0.0,1.0,0.0,0.0,0.0,1.0,0.0,0.0,0.0,0.0,0.0,0.0,1.0,
4088,t,529.15,0.08000000000004093,phoneme,0.0,0.0,0.0,0.0,0.0,0.0,0.0,1.0,0.0,0.0,0.0,0.0,1.0,0.0,
4089,e~,529.23,0.13999999999998636,phoneme,0.0,0.0,1.0,0.0,0.0,0.0,1.0,0.0,0.0,1.0,0.0,0.0,0.0,1.0,
4090,v,529.37,0.029999999999972715,phoneme,0.0,0.0,0.0,0.0,0.0,0.0,0.0,0.0,1.0,0.0,0.0,0.0,1.0,1.0,
4091,i,529.4,0.09000000000003183,phoneme,0.0,1.0,0.0,0.0,0.0,0.0,1.0,0.0,0.0,0.0,0.0,0.0,0.0,1.0,
4092,z,529.49,0.09000000000003183,phoneme,0.0,0.0,0.0,0.0,0.0,0.0,0.0,0.0,1.0,0.0,0.0,0.0,1.0,1.0,
4093,i,529.58,0.12999999999999545,phoneme,0.0,1.0,0.0,0.0,0.0,0.0,1.0,0.0,0.0,0.0,0.0,0.0,0.0,1.0,
4094,b,529.71,0.029999999999972715,phoneme,0.0,0.0,0.0,1.0,0.0,0.0,0.0,1.0,0.0,0.0,0.0,0.0,1.0,1.0,
4095,l,529.74,0.049999999999954525,phoneme,0.0,0.0,0.0,0.0,0.0,0.0,0.0,0.0,0.0,0.0,1.0,0.0,0.0,0.0,
4096,@,529.79,0.05000000000006821,phoneme,0.0,0.0,1.0,0.0,0.0,0.0,1.0,0.0,0.0,0.0,0.0,0.0,0.0,1.0,
4097,p,529.84,0.08999999999991815,phoneme,0.0,0.0,0.0,1.0,0.0,0.0,0.0,1.0,0.0,0.0,0.0,0.0,1.0,0.0,
4098,u,529.93,0.12000000000000455,phoneme,0.0,1.0,0.0,0.0,0.0,0.0,1.0,0.0,0.0,0.0,0.0,0.0,0.0,1.0,
4099,l,530.05,0.04000000000007731,phoneme,0.0,0.0,0.0,0.0,0.0,0.0,0.0,0.0,0.0,0.0,1.0,0.0,0.0,0.0,
4100,e,530.09,0.08999999999991815,phoneme,0.0,0.0,1.0,0.0,0.0,0.0,1.0,0.0,0.0,0.0,0.0,0.0,0.0,1.0,
4101,z,530.18,0.1549890000000005,phoneme,0.0,0.0,0.0,0.0,0.0,0.0,0.0,0.0,1.0,0.0,0.0,0.0,1.0,1.0,
4102,i,530.334989,0.08498800000006668,phoneme,0.0,1.0,0.0,0.0,0.0,0.0,1.0,0.0,0.0,0.0,0.0,0.0,0.0,1.0,
4103,2,530.419977,0.13002299999993738,phoneme,0.0,0.0,1.0,0.0,0.0,0.0,1.0,0.0,0.0,0.0,0.0,0.0,0.0,1.0,
4104,R,531.1,0.07999999999992724,phoneme,0.0,0.0,0.0,0.0,0.0,0.0,0.0,0.0,0.0,0.0,0.0,1.0,0.0,0.0,
4105,e,531.18,0.09000000000003183,phoneme,0.0,0.0,1.0,0.0,0.0,0.0,1.0,0.0,0.0,0.0,0.0,0.0,0.0,1.0,
4106,p,531.27,0.03999999999996362,phoneme,0.0,0.0,0.0,1.0,0.0,0.0,0.0,1.0,0.0,0.0,0.0,0.0,1.0,0.0,
4107,e,531.31,0.09000000000003183,phoneme,0.0,0.0,1.0,0.0,0.0,0.0,1.0,0.0,0.0,0.0,0.0,0.0,0.0,1.0,
4108,t,531.4,0.06000000000005912,phoneme,0.0,0.0,0.0,0.0,0.0,0.0,0.0,1.0,0.0,0.0,0.0,0.0,1.0,0.0,
4109,a,531.46,0.08999999999991815,phoneme,1.0,0.0,0.0,0.0,0.0,0.0,1.0,0.0,0.0,0.0,0.0,0.0,0.0,1.0,
4110,l,531.55,0.04000000000007731,phoneme,0.0,0.0,0.0,0.0,0.0,0.0,0.0,0.0,0.0,0.0,1.0,0.0,0.0,0.0,
4111,@,531.59,0.06999999999993634,phoneme,0.0,0.0,1.0,0.0,0.0,0.0,1.0,0.0,0.0,0.0,0.0,0.0,0.0,1.0,
4112,p,531.66,0.08000000000004093,phoneme,0.0,0.0,0.0,1.0,0.0,0.0,0.0,1.0,0.0,0.0,0.0,0.0,1.0,0.0,
4113,@,531.74,0.03999999999996362,phoneme,0.0,0.0,1.0,0.0,0.0,0.0,1.0,0.0,0.0,0.0,0.0,0.0,0.0,1.0,
4114,t,531.78,0.08000000000004093,phoneme,0.0,0.0,0.0,0.0,0.0,0.0,0.0,1.0,0.0,0.0,0.0,0.0,1.0,0.0,
4115,i,531.86,0.05999999999994543,phoneme,0.0,1.0,0.0,0.0,0.0,0.0,1.0,0.0,0.0,0.0,0.0,0.0,0.0,1.0,
4116,p,531.92,0.07000000000005002,phoneme,0.0,0.0,0.0,1.0,0.0,0.0,0.0,1.0,0.0,0.0,0.0,0.0,1.0,0.0,
4117,R,531.99,0.09000000000003183,phoneme,0.0,0.0,0.0,0.0,0.0,0.0,0.0,0.0,0.0,0.0,0.0,1.0,0.0,0.0,
4118,e~,532.08,0.17999999999994998,phoneme,0.0,0.0,1.0,0.0,0.0,0.0,1.0,0.0,0.0,1.0,0.0,0.0,0.0,1.0,
4119,s,532.26,0.2300000000000182,phoneme,0.0,0.0,0.0,0.0,0.0,0.0,0.0,0.0,1.0,0.0,0.0,0.0,1.0,0.0,
4120,a,532.62,0.11000000000001364,phoneme,1.0,0.0,0.0,0.0,0.0,0.0,1.0,0.0,0.0,0.0,0.0,0.0,0.0,1.0,
4121,f,532.73,0.12999999999999545,phoneme,0.0,0.0,0.0,0.0,0.0,0.0,0.0,0.0,1.0,0.0,0.0,0.0,1.0,0.0,
4122,9~,532.86,0.05999999999994543,phoneme,0.0,0.0,1.0,0.0,0.0,0.0,1.0,0.0,0.0,1.0,0.0,0.0,0.0,1.0,
4123,d,532.92,0.06000000000005912,phoneme,0.0,0.0,0.0,0.0,0.0,0.0,0.0,1.0,0.0,0.0,0.0,0.0,1.0,1.0,
4124,@,532.98,0.07999999999992724,phoneme,0.0,0.0,1.0,0.0,0.0,0.0,1.0,0.0,0.0,0.0,0.0,0.0,0.0,1.0,
4125,s,533.06,0.09000000000003183,phoneme,0.0,0.0,0.0,0.0,0.0,0.0,0.0,0.0,1.0,0.0,0.0,0.0,1.0,0.0,
4126,@,533.15,0.06000000000005912,phoneme,0.0,0.0,1.0,0.0,0.0,0.0,1.0,0.0,0.0,0.0,0.0,0.0,0.0,1.0,
4127,s,533.21,0.09999999999990905,phoneme,0.0,0.0,0.0,0.0,0.0,0.0,0.0,0.0,1.0,0.0,0.0,0.0,1.0,0.0,
4128,u,533.31,0.07000000000005002,phoneme,0.0,1.0,0.0,0.0,0.0,0.0,1.0,0.0,0.0,0.0,0.0,0.0,0.0,1.0,
4129,v,533.38,0.08000000000004093,phoneme,0.0,0.0,0.0,0.0,0.0,0.0,0.0,0.0,1.0,0.0,0.0,0.0,1.0,1.0,
4130,n,533.46,0.12999999999999545,phoneme,0.0,0.0,0.0,0.0,0.0,0.0,0.0,0.0,0.0,1.0,0.0,0.0,0.0,0.0,
4131,i,533.59,0.25,phoneme,0.0,1.0,0.0,0.0,0.0,0.0,1.0,0.0,0.0,0.0,0.0,0.0,0.0,1.0,
4132,R,533.84,0.12000000000000455,phoneme,0.0,0.0,0.0,0.0,0.0,0.0,0.0,0.0,0.0,0.0,0.0,1.0,0.0,0.0,
4133,s,534.82,0.10999999999989996,phoneme,0.0,0.0,0.0,0.0,0.0,0.0,0.0,0.0,1.0,0.0,0.0,0.0,1.0,0.0,
4134,e,534.93,0.07000000000005002,phoneme,0.0,0.0,1.0,0.0,0.0,0.0,1.0,0.0,0.0,0.0,0.0,0.0,0.0,1.0,
4135,l,535.0,0.03999999999996362,phoneme,0.0,0.0,0.0,0.0,0.0,0.0,0.0,0.0,0.0,0.0,1.0,0.0,0.0,0.0,
4136,@,535.04,0.10000000000002274,phoneme,0.0,0.0,1.0,0.0,0.0,0.0,1.0,0.0,0.0,0.0,0.0,0.0,0.0,1.0,
4137,t,535.14,0.08000000000004093,phoneme,0.0,0.0,0.0,0.0,0.0,0.0,0.0,1.0,0.0,0.0,0.0,0.0,1.0,0.0,
4138,a~,535.22,0.14999999999997726,phoneme,1.0,0.0,0.0,0.0,0.0,0.0,1.0,0.0,0.0,1.0,0.0,0.0,0.0,1.0,
4139,k,535.37,0.09000000000003183,phoneme,0.0,0.0,0.0,0.0,0.0,1.0,0.0,1.0,0.0,0.0,0.0,0.0,1.0,0.0,
4140,@,535.46,0.05999999999994543,phoneme,0.0,0.0,1.0,0.0,0.0,0.0,1.0,0.0,0.0,0.0,0.0,0.0,0.0,1.0,
4141,t,535.52,0.08000000000004093,phoneme,0.0,0.0,0.0,0.0,0.0,0.0,0.0,1.0,0.0,0.0,0.0,0.0,1.0,0.0,
4142,y,535.6,0.049999999999954525,phoneme,0.0,1.0,0.0,0.0,0.0,0.0,1.0,0.0,0.0,0.0,0.0,0.0,0.0,1.0,
4143,a,535.65,0.14999999999997726,phoneme,1.0,0.0,0.0,0.0,0.0,0.0,1.0,0.0,0.0,0.0,0.0,0.0,0.0,1.0,
4144,p,535.8,0.06000000000005912,phoneme,0.0,0.0,0.0,1.0,0.0,0.0,0.0,1.0,0.0,0.0,0.0,0.0,1.0,0.0,
4145,E,535.86,0.11000000000001364,phoneme,0.0,0.0,1.0,0.0,0.0,0.0,1.0,0.0,0.0,0.0,0.0,0.0,0.0,1.0,
4146,R,535.97,0.05999999999994543,phoneme,0.0,0.0,0.0,0.0,0.0,0.0,0.0,0.0,0.0,0.0,0.0,1.0,0.0,0.0,
4147,d,536.03,0.06000000000005912,phoneme,0.0,0.0,0.0,0.0,0.0,0.0,0.0,1.0,0.0,0.0,0.0,0.0,1.0,1.0,
4148,y,536.09,0.08999999999991815,phoneme,0.0,1.0,0.0,0.0,0.0,0.0,1.0,0.0,0.0,0.0,0.0,0.0,0.0,1.0,
4149,p,536.18,0.09000000000003183,phoneme,0.0,0.0,0.0,1.0,0.0,0.0,0.0,1.0,0.0,0.0,0.0,0.0,1.0,0.0,
4150,u,536.27,0.06000000000005912,phoneme,0.0,1.0,0.0,0.0,0.0,0.0,1.0,0.0,0.0,0.0,0.0,0.0,0.0,1.0,
4151,R,536.33,0.03999999999996362,phoneme,0.0,0.0,0.0,0.0,0.0,0.0,0.0,0.0,0.0,0.0,0.0,1.0,0.0,0.0,
4152,t,536.37,0.08000000000004093,phoneme,0.0,0.0,0.0,0.0,0.0,0.0,0.0,1.0,0.0,0.0,0.0,0.0,1.0,0.0,
4153,a,536.45,0.05999999999994543,phoneme,1.0,0.0,0.0,0.0,0.0,0.0,1.0,0.0,0.0,0.0,0.0,0.0,0.0,1.0,
4154,R,536.51,0.08000000000004093,phoneme,0.0,0.0,0.0,0.0,0.0,0.0,0.0,0.0,0.0,0.0,0.0,1.0,0.0,0.0,
4155,o,536.59,0.1999999999999318,phoneme,0.0,0.0,1.0,0.0,0.0,0.0,1.0,0.0,0.0,0.0,0.0,0.0,0.0,1.0,
4156,z,536.79,0.18000000000006366,phoneme,0.0,0.0,0.0,0.0,0.0,0.0,0.0,0.0,1.0,0.0,0.0,0.0,1.0,1.0,
4157,k,537.11,0.12000000000000455,phoneme,0.0,0.0,0.0,0.0,0.0,1.0,0.0,1.0,0.0,0.0,0.0,0.0,1.0,0.0,
4158,i,537.23,0.06999999999993634,phoneme,0.0,1.0,0.0,0.0,0.0,0.0,1.0,0.0,0.0,0.0,0.0,0.0,0.0,1.0,
4159,f,537.3,0.08000000000004093,phoneme,0.0,0.0,0.0,0.0,0.0,0.0,0.0,0.0,1.0,0.0,0.0,0.0,1.0,0.0,
4160,E,537.38,0.08000000000004093,phoneme,0.0,0.0,1.0,0.0,0.0,0.0,1.0,0.0,0.0,0.0,0.0,0.0,0.0,1.0,
4161,t,537.46,0.05999999999994543,phoneme,0.0,0.0,0.0,0.0,0.0,0.0,0.0,1.0,0.0,0.0,0.0,0.0,1.0,0.0,
4162,a,537.52,0.08000000000004093,phoneme,1.0,0.0,0.0,0.0,0.0,0.0,1.0,0.0,0.0,0.0,0.0,0.0,0.0,1.0,
4163,R,537.6,0.07999999999992724,phoneme,0.0,0.0,0.0,0.0,0.0,0.0,0.0,0.0,0.0,0.0,0.0,1.0,0.0,0.0,
4164,o,537.68,0.19000000000005457,phoneme,0.0,0.0,1.0,0.0,0.0,0.0,1.0,0.0,0.0,0.0,0.0,0.0,0.0,1.0,
4165,z,537.87,0.14999999999997726,phoneme,0.0,0.0,0.0,0.0,0.0,0.0,0.0,0.0,1.0,0.0,0.0,0.0,1.0,1.0,
4166,s,538.02,0.2699999999999818,phoneme,0.0,0.0,0.0,0.0,0.0,0.0,0.0,0.0,1.0,0.0,0.0,0.0,1.0,0.0,
4167,i,538.29,0.13999999999998636,phoneme,0.0,1.0,0.0,0.0,0.0,0.0,1.0,0.0,0.0,0.0,0.0,0.0,0.0,1.0,
4168,e~,538.43,0.09000000000003183,phoneme,0.0,0.0,1.0,0.0,0.0,0.0,1.0,0.0,0.0,1.0,0.0,0.0,0.0,1.0,
4169,p,538.52,0.09000000000003183,phoneme,0.0,0.0,0.0,1.0,0.0,0.0,0.0,1.0,0.0,0.0,0.0,0.0,1.0,0.0,
4170,O,538.61,0.029999999999972715,phoneme,0.0,0.0,1.0,0.0,0.0,0.0,1.0,0.0,0.0,0.0,0.0,0.0,0.0,1.0,
4171,R,538.64,0.08000000000004093,phoneme,0.0,0.0,0.0,0.0,0.0,0.0,0.0,0.0,0.0,0.0,0.0,1.0,0.0,0.0,
4172,t,538.72,0.10000000000002274,phoneme,0.0,0.0,0.0,0.0,0.0,0.0,0.0,1.0,0.0,0.0,0.0,0.0,1.0,0.0,
4173,a~,538.82,0.2099999999999227,phoneme,1.0,0.0,0.0,0.0,0.0,0.0,1.0,0.0,0.0,1.0,0.0,0.0,0.0,1.0,
4174,t,539.03,0.2300000000000182,phoneme,0.0,0.0,0.0,0.0,0.0,0.0,0.0,1.0,0.0,0.0,0.0,0.0,1.0,0.0,
4175,s,540.61,0.12000000000000455,phoneme,0.0,0.0,0.0,0.0,0.0,0.0,0.0,0.0,1.0,0.0,0.0,0.0,1.0,0.0,
4176,e,540.73,0.07999999999992724,phoneme,0.0,0.0,1.0,0.0,0.0,0.0,1.0,0.0,0.0,0.0,0.0,0.0,0.0,1.0,
4177,t,540.81,0.030000000000086402,phoneme,0.0,0.0,0.0,0.0,0.0,0.0,0.0,1.0,0.0,0.0,0.0,0.0,1.0,0.0,
4178,l,540.84,0.05999999999994543,phoneme,0.0,0.0,0.0,0.0,0.0,0.0,0.0,0.0,0.0,0.0,1.0,0.0,0.0,0.0,
4179,@,540.9,0.06000000000005912,phoneme,0.0,0.0,1.0,0.0,0.0,0.0,1.0,0.0,0.0,0.0,0.0,0.0,0.0,1.0,
4180,t,540.96,0.2199999999999136,phoneme,0.0,0.0,0.0,0.0,0.0,0.0,0.0,1.0,0.0,0.0,0.0,0.0,1.0,0.0,
4181,a~,541.18,0.11000000000001364,phoneme,1.0,0.0,0.0,0.0,0.0,0.0,1.0,0.0,0.0,1.0,0.0,0.0,0.0,1.0,
4182,k,541.29,0.11000000000001364,phoneme,0.0,0.0,0.0,0.0,0.0,1.0,0.0,1.0,0.0,0.0,0.0,0.0,1.0,0.0,
4183,@,541.4,0.05000000000006821,phoneme,0.0,0.0,1.0,0.0,0.0,0.0,1.0,0.0,0.0,0.0,0.0,0.0,0.0,1.0,
4184,Z,541.45,0.07999999999992724,phoneme,0.0,0.0,0.0,0.0,0.0,0.0,0.0,0.0,1.0,0.0,0.0,0.0,1.0,1.0,
4185,e,541.53,0.12999999999999545,phoneme,0.0,0.0,1.0,0.0,0.0,0.0,1.0,0.0,0.0,0.0,0.0,0.0,0.0,1.0,
4186,p,541.66,0.10000000000002274,phoneme,0.0,0.0,0.0,1.0,0.0,0.0,0.0,1.0,0.0,0.0,0.0,0.0,1.0,0.0,
4187,E,541.76,0.07000000000005002,phoneme,0.0,0.0,1.0,0.0,0.0,0.0,1.0,0.0,0.0,0.0,0.0,0.0,0.0,1.0,
4188,R,541.83,0.049999999999954525,phoneme,0.0,0.0,0.0,0.0,0.0,0.0,0.0,0.0,0.0,0.0,0.0,1.0,0.0,0.0,
4189,d,541.88,0.06000000000005912,phoneme,0.0,0.0,0.0,0.0,0.0,0.0,0.0,1.0,0.0,0.0,0.0,0.0,1.0,1.0,
4190,y,541.94,0.09999999999990905,phoneme,0.0,1.0,0.0,0.0,0.0,0.0,1.0,0.0,0.0,0.0,0.0,0.0,0.0,1.0,
4191,p,542.04,0.08000000000004093,phoneme,0.0,0.0,0.0,1.0,0.0,0.0,0.0,1.0,0.0,0.0,0.0,0.0,1.0,0.0,
4192,u,542.12,0.08000000000004093,phoneme,0.0,1.0,0.0,0.0,0.0,0.0,1.0,0.0,0.0,0.0,0.0,0.0,0.0,1.0,
4193,R,542.2,0.029999999999972715,phoneme,0.0,0.0,0.0,0.0,0.0,0.0,0.0,0.0,0.0,0.0,0.0,1.0,0.0,0.0,
4194,m,542.23,0.049999999999954525,phoneme,0.0,0.0,0.0,1.0,0.0,0.0,0.0,0.0,0.0,1.0,0.0,0.0,0.0,0.0,
4195,a,542.28,0.05000000000006821,phoneme,1.0,0.0,0.0,0.0,0.0,0.0,1.0,0.0,0.0,0.0,0.0,0.0,0.0,1.0,
4196,R,542.33,0.03999999999996362,phoneme,0.0,0.0,0.0,0.0,0.0,0.0,0.0,0.0,0.0,0.0,0.0,1.0,0.0,0.0,
4197,o,542.37,0.2999999999999545,phoneme,0.0,0.0,1.0,0.0,0.0,0.0,1.0,0.0,0.0,0.0,0.0,0.0,0.0,1.0,
4198,z,542.67,0.17000000000007276,phoneme,0.0,0.0,0.0,0.0,0.0,0.0,0.0,0.0,1.0,0.0,0.0,0.0,1.0,1.0,
4199,f,543.57,0.05999999999994543,phoneme,0.0,0.0,0.0,0.0,0.0,0.0,0.0,0.0,1.0,0.0,0.0,0.0,1.0,0.0,
4200,i,543.63,0.07000000000005002,phoneme,0.0,1.0,0.0,0.0,0.0,0.0,1.0,0.0,0.0,0.0,0.0,0.0,0.0,1.0,
4201,l,543.7,0.03999999999996362,phoneme,0.0,0.0,0.0,0.0,0.0,0.0,0.0,0.0,0.0,0.0,1.0,0.0,0.0,0.0,
4202,@,543.74,0.05999999999994543,phoneme,0.0,0.0,1.0,0.0,0.0,0.0,1.0,0.0,0.0,0.0,0.0,0.0,0.0,1.0,
4203,p,543.8,0.08000000000004093,phoneme,0.0,0.0,0.0,1.0,0.0,0.0,0.0,1.0,0.0,0.0,0.0,0.0,1.0,0.0,
4204,@,543.88,0.06000000000005912,phoneme,0.0,0.0,1.0,0.0,0.0,0.0,1.0,0.0,0.0,0.0,0.0,0.0,0.0,1.0,
4205,t,543.94,0.08999999999991815,phoneme,0.0,0.0,0.0,0.0,0.0,0.0,0.0,1.0,0.0,0.0,0.0,0.0,1.0,0.0,
4206,i,544.03,0.08000000000004093,phoneme,0.0,1.0,0.0,0.0,0.0,0.0,1.0,0.0,0.0,0.0,0.0,0.0,0.0,1.0,
4207,p,544.11,0.03999999999996362,phoneme,0.0,0.0,0.0,1.0,0.0,0.0,0.0,1.0,0.0,0.0,0.0,0.0,1.0,0.0,
4208,R,544.15,0.09000000000003183,phoneme,0.0,0.0,0.0,0.0,0.0,0.0,0.0,0.0,0.0,0.0,0.0,1.0,0.0,0.0,
4209,e~,544.24,0.18999999999994088,phoneme,0.0,0.0,1.0,0.0,0.0,0.0,1.0,0.0,0.0,1.0,0.0,0.0,0.0,1.0,
4210,s,544.43,0.2600000000001046,phoneme,0.0,0.0,0.0,0.0,0.0,0.0,0.0,0.0,1.0,0.0,0.0,0.0,1.0,0.0,
4211,a,544.86,0.11000000000001364,phoneme,1.0,0.0,0.0,0.0,0.0,0.0,1.0,0.0,0.0,0.0,0.0,0.0,0.0,1.0,
4212,f,544.97,0.12000000000000455,phoneme,0.0,0.0,0.0,0.0,0.0,0.0,0.0,0.0,1.0,0.0,0.0,0.0,1.0,0.0,
4213,9~,545.09,0.049999999999954525,phoneme,0.0,0.0,1.0,0.0,0.0,0.0,1.0,0.0,0.0,1.0,0.0,0.0,0.0,1.0,
4214,d,545.14,0.06000000000005912,phoneme,0.0,0.0,0.0,0.0,0.0,0.0,0.0,1.0,0.0,0.0,0.0,0.0,1.0,1.0,
4215,@,545.2,0.049999999999954525,phoneme,0.0,0.0,1.0,0.0,0.0,0.0,1.0,0.0,0.0,0.0,0.0,0.0,0.0,1.0,
4216,s,545.25,0.12000000000000455,phoneme,0.0,0.0,0.0,0.0,0.0,0.0,0.0,0.0,1.0,0.0,0.0,0.0,1.0,0.0,
4217,@,545.37,0.029999999999972715,phoneme,0.0,0.0,1.0,0.0,0.0,0.0,1.0,0.0,0.0,0.0,0.0,0.0,0.0,1.0,
4218,s,545.4,0.11000000000001364,phoneme,0.0,0.0,0.0,0.0,0.0,0.0,0.0,0.0,1.0,0.0,0.0,0.0,1.0,0.0,
4219,u,545.51,0.06000000000005912,phoneme,0.0,1.0,0.0,0.0,0.0,0.0,1.0,0.0,0.0,0.0,0.0,0.0,0.0,1.0,
4220,v,545.57,0.10999999999989996,phoneme,0.0,0.0,0.0,0.0,0.0,0.0,0.0,0.0,1.0,0.0,0.0,0.0,1.0,1.0,
4221,n,545.68,0.10000000000002274,phoneme,0.0,0.0,0.0,0.0,0.0,0.0,0.0,0.0,0.0,1.0,0.0,0.0,0.0,0.0,
4222,i,545.78,0.22000000000002728,phoneme,0.0,1.0,0.0,0.0,0.0,0.0,1.0,0.0,0.0,0.0,0.0,0.0,0.0,1.0,
4223,R,546.0,0.12000000000000455,phoneme,0.0,0.0,0.0,0.0,0.0,0.0,0.0,0.0,0.0,0.0,0.0,1.0,0.0,0.0,
4224,l,547.04,0.05000000000006821,phoneme,0.0,0.0,0.0,0.0,0.0,0.0,0.0,0.0,0.0,0.0,1.0,0.0,0.0,0.0,
4225,e,547.09,0.11000000000001364,phoneme,0.0,0.0,1.0,0.0,0.0,0.0,1.0,0.0,0.0,0.0,0.0,0.0,0.0,1.0,
4226,z,547.2,0.10999999999989996,phoneme,0.0,0.0,0.0,0.0,0.0,0.0,0.0,0.0,1.0,0.0,0.0,0.0,1.0,1.0,
4227,O,547.31,0.13000000000010914,phoneme,0.0,0.0,1.0,0.0,0.0,0.0,1.0,0.0,0.0,0.0,0.0,0.0,0.0,1.0,
4228,m,547.44,0.06999999999993634,phoneme,0.0,0.0,0.0,1.0,0.0,0.0,0.0,0.0,0.0,1.0,0.0,0.0,0.0,0.0,
4229,o~,547.51,0.09000000000003183,phoneme,0.0,0.0,1.0,0.0,0.0,0.0,1.0,0.0,0.0,1.0,0.0,0.0,0.0,1.0,
4230,t,547.6,0.06999999999993634,phoneme,0.0,0.0,0.0,0.0,0.0,0.0,0.0,1.0,0.0,0.0,0.0,0.0,1.0,0.0,
4231,u,547.67,0.09000000000003183,phoneme,0.0,1.0,0.0,0.0,0.0,0.0,1.0,0.0,0.0,0.0,0.0,0.0,0.0,1.0,
4232,b,547.76,0.049999999999954525,phoneme,0.0,0.0,0.0,1.0,0.0,0.0,0.0,1.0,0.0,0.0,0.0,0.0,1.0,1.0,
4233,l,547.81,0.05000000000006821,phoneme,0.0,0.0,0.0,0.0,0.0,0.0,0.0,0.0,0.0,0.0,1.0,0.0,0.0,0.0,
4234,i,547.86,0.16999999999995907,phoneme,0.0,1.0,0.0,0.0,0.0,0.0,1.0,0.0,0.0,0.0,0.0,0.0,0.0,1.0,
4235,e,548.03,0.04000000000007731,phoneme,0.0,0.0,1.0,0.0,0.0,0.0,1.0,0.0,0.0,0.0,0.0,0.0,0.0,1.0,
4236,s,548.07,0.09999999999990905,phoneme,0.0,0.0,0.0,0.0,0.0,0.0,0.0,0.0,1.0,0.0,0.0,0.0,1.0,0.0,
4237,e,548.17,0.09000000000003183,phoneme,0.0,0.0,1.0,0.0,0.0,0.0,1.0,0.0,0.0,0.0,0.0,0.0,0.0,1.0,
4238,t,548.26,0.029999999999972715,phoneme,0.0,0.0,0.0,0.0,0.0,0.0,0.0,1.0,0.0,0.0,0.0,0.0,1.0,0.0,
4239,v,548.29,0.04000000000007731,phoneme,0.0,0.0,0.0,0.0,0.0,0.0,0.0,0.0,1.0,0.0,0.0,0.0,1.0,1.0,
4240,e,548.33,0.09999999999990905,phoneme,0.0,0.0,1.0,0.0,0.0,0.0,1.0,0.0,0.0,0.0,0.0,0.0,0.0,1.0,
4241,R,548.43,0.030000000000086402,phoneme,0.0,0.0,0.0,0.0,0.0,0.0,0.0,0.0,0.0,0.0,0.0,1.0,0.0,0.0,
4242,i,548.46,0.13999999999998636,phoneme,0.0,1.0,0.0,0.0,0.0,0.0,1.0,0.0,0.0,0.0,0.0,0.0,0.0,1.0,
4243,t,548.6,0.09000000000003183,phoneme,0.0,0.0,0.0,0.0,0.0,0.0,0.0,1.0,0.0,0.0,0.0,0.0,1.0,0.0,
4244,e,548.69,0.2199999999999136,phoneme,0.0,0.0,1.0,0.0,0.0,0.0,1.0,0.0,0.0,0.0,0.0,0.0,0.0,1.0,
4245,d,549.17,0.10000000000002274,phoneme,0.0,0.0,0.0,0.0,0.0,0.0,0.0,1.0,0.0,0.0,0.0,0.0,1.0,1.0,
4246,i,549.27,0.07000000000005002,phoneme,0.0,1.0,0.0,0.0,0.0,0.0,1.0,0.0,0.0,0.0,0.0,0.0,0.0,1.0,
4247,l,549.34,0.029999999999972715,phoneme,0.0,0.0,0.0,0.0,0.0,0.0,0.0,0.0,0.0,0.0,1.0,0.0,0.0,0.0,
4248,@,549.37,0.11000000000001364,phoneme,0.0,0.0,1.0,0.0,0.0,0.0,1.0,0.0,0.0,0.0,0.0,0.0,0.0,1.0,
4249,R,549.48,0.05999999999994543,phoneme,0.0,0.0,0.0,0.0,0.0,0.0,0.0,0.0,0.0,0.0,0.0,1.0,0.0,0.0,
4250,@,549.54,0.04000000000007731,phoneme,0.0,0.0,1.0,0.0,0.0,0.0,1.0,0.0,0.0,0.0,0.0,0.0,0.0,1.0,
4251,n,549.58,0.08999999999991815,phoneme,0.0,0.0,0.0,0.0,0.0,0.0,0.0,0.0,0.0,1.0,0.0,0.0,0.0,0.0,
4252,a,549.67,0.17000000000007276,phoneme,1.0,0.0,0.0,0.0,0.0,0.0,1.0,0.0,0.0,0.0,0.0,0.0,0.0,1.0,
4253,R,549.84,0.2599999999999909,phoneme,0.0,0.0,0.0,0.0,0.0,0.0,0.0,0.0,0.0,0.0,0.0,1.0,0.0,0.0,
4254,m,550.47,0.05999999999994543,phoneme,0.0,0.0,0.0,1.0,0.0,0.0,0.0,0.0,0.0,1.0,0.0,0.0,0.0,0.0,
4255,E,550.53,0.08000000000004093,phoneme,0.0,0.0,1.0,0.0,0.0,0.0,1.0,0.0,0.0,0.0,0.0,0.0,0.0,1.0,
4256,t,550.61,0.06999999999993634,phoneme,0.0,0.0,0.0,0.0,0.0,0.0,0.0,1.0,0.0,0.0,0.0,0.0,1.0,0.0,
4257,y,550.68,0.10000000000002274,phoneme,0.0,1.0,0.0,0.0,0.0,0.0,1.0,0.0,0.0,0.0,0.0,0.0,0.0,1.0,
4258,n,550.78,0.05000000000006821,phoneme,0.0,0.0,0.0,0.0,0.0,0.0,0.0,0.0,0.0,1.0,0.0,0.0,0.0,0.0,
4259,@,550.83,0.05999999999994543,phoneme,0.0,0.0,1.0,0.0,0.0,0.0,1.0,0.0,0.0,0.0,0.0,0.0,0.0,1.0,
4260,d,550.89,0.05000000000006821,phoneme,0.0,0.0,0.0,0.0,0.0,0.0,0.0,1.0,0.0,0.0,0.0,0.0,1.0,1.0,
4261,w,550.94,0.07999999999992724,phoneme,0.0,0.0,0.0,1.0,0.0,1.0,0.0,0.0,0.0,0.0,1.0,0.0,0.0,0.0,
4262,a,551.02,0.07000000000005002,phoneme,1.0,0.0,0.0,0.0,0.0,0.0,1.0,0.0,0.0,0.0,0.0,0.0,0.0,1.0,
4263,p,551.09,0.14999999999997726,phoneme,0.0,0.0,0.0,1.0,0.0,0.0,0.0,1.0,0.0,0.0,0.0,0.0,1.0,0.0,
4264,a,551.24,0.10000000000002274,phoneme,1.0,0.0,0.0,0.0,0.0,0.0,1.0,0.0,0.0,0.0,0.0,0.0,0.0,1.0,
4265,l,551.34,0.05999999999994543,phoneme,0.0,0.0,0.0,0.0,0.0,0.0,0.0,0.0,0.0,0.0,1.0,0.0,0.0,0.0,
4266,u,551.4,0.07000000000005002,phoneme,0.0,1.0,0.0,0.0,0.0,0.0,1.0,0.0,0.0,0.0,0.0,0.0,0.0,1.0,
4267,b,551.47,0.049999999999954525,phoneme,0.0,0.0,0.0,1.0,0.0,0.0,0.0,1.0,0.0,0.0,0.0,0.0,1.0,1.0,
4268,l,551.52,0.029999999999972715,phoneme,0.0,0.0,0.0,0.0,0.0,0.0,0.0,0.0,0.0,0.0,1.0,0.0,0.0,0.0,
4269,i,551.55,0.2800000000000864,phoneme,0.0,1.0,0.0,0.0,0.0,0.0,1.0,0.0,0.0,0.0,0.0,0.0,0.0,1.0,
4270,e,551.83,0.06999999999993634,phoneme,0.0,0.0,1.0,0.0,0.0,0.0,1.0,0.0,0.0,0.0,0.0,0.0,0.0,1.0,
4271,t,552.38,0.08000000000004093,phoneme,0.0,0.0,0.0,0.0,0.0,0.0,0.0,1.0,0.0,0.0,0.0,0.0,1.0,0.0,
4272,y,552.46,0.06999999999993634,phoneme,0.0,1.0,0.0,0.0,0.0,0.0,1.0,0.0,0.0,0.0,0.0,0.0,0.0,1.0,
4273,d,552.53,0.06000000000005912,phoneme,0.0,0.0,0.0,0.0,0.0,0.0,0.0,1.0,0.0,0.0,0.0,0.0,1.0,1.0,
4274,@,552.59,0.07999999999992724,phoneme,0.0,0.0,1.0,0.0,0.0,0.0,1.0,0.0,0.0,0.0,0.0,0.0,0.0,1.0,
4275,v,552.67,0.030000000000086402,phoneme,0.0,0.0,0.0,0.0,0.0,0.0,0.0,0.0,1.0,0.0,0.0,0.0,1.0,1.0,
4276,j,552.7,0.09999999999990905,phoneme,0.0,0.0,0.0,0.0,0.0,0.0,0.0,0.0,0.0,0.0,1.0,0.0,0.0,0.0,
4277,e~,552.8,0.08000000000004093,phoneme,0.0,0.0,1.0,0.0,0.0,0.0,1.0,0.0,0.0,1.0,0.0,0.0,0.0,1.0,
4278,R,552.88,0.03999999999996362,phoneme,0.0,0.0,0.0,0.0,0.0,0.0,0.0,0.0,0.0,0.0,0.0,1.0,0.0,0.0,
4279,E,552.92,0.07000000000005002,phoneme,0.0,0.0,1.0,0.0,0.0,0.0,1.0,0.0,0.0,0.0,0.0,0.0,0.0,1.0,
4280,s,552.99,0.12000000000000455,phoneme,0.0,0.0,0.0,0.0,0.0,0.0,0.0,0.0,1.0,0.0,0.0,0.0,1.0,0.0,
4281,p,553.11,0.029999999999972715,phoneme,0.0,0.0,0.0,1.0,0.0,0.0,0.0,1.0,0.0,0.0,0.0,0.0,1.0,0.0,
4282,o~,553.14,0.06000000000005912,phoneme,0.0,0.0,1.0,0.0,0.0,0.0,1.0,0.0,0.0,1.0,0.0,0.0,0.0,1.0,
4283,s,553.2,0.12000000000000455,phoneme,0.0,0.0,0.0,0.0,0.0,0.0,0.0,0.0,1.0,0.0,0.0,0.0,1.0,0.0,
4284,a,553.32,0.07999999999992724,phoneme,1.0,0.0,0.0,0.0,0.0,0.0,1.0,0.0,0.0,0.0,0.0,0.0,0.0,1.0,
4285,b,553.4,0.06000000000005912,phoneme,0.0,0.0,0.0,1.0,0.0,0.0,0.0,1.0,0.0,0.0,0.0,0.0,1.0,1.0,
4286,l,553.46,0.029999999999972715,phoneme,0.0,0.0,0.0,0.0,0.0,0.0,0.0,0.0,0.0,0.0,1.0,0.0,0.0,0.0,
4287,@,553.49,0.049999999999954525,phoneme,0.0,0.0,1.0,0.0,0.0,0.0,1.0,0.0,0.0,0.0,0.0,0.0,0.0,1.0,
4288,p,553.54,0.09000000000003183,phoneme,0.0,0.0,0.0,1.0,0.0,0.0,0.0,1.0,0.0,0.0,0.0,0.0,1.0,0.0,
4289,u,553.63,0.08000000000004093,phoneme,0.0,1.0,0.0,0.0,0.0,0.0,1.0,0.0,0.0,0.0,0.0,0.0,0.0,1.0,
4290,R,553.71,0.06999999999993634,phoneme,0.0,0.0,0.0,0.0,0.0,0.0,0.0,0.0,0.0,0.0,0.0,1.0,0.0,0.0,
4291,t,553.78,0.10000000000002274,phoneme,0.0,0.0,0.0,0.0,0.0,0.0,0.0,1.0,0.0,0.0,0.0,0.0,1.0,0.0,
4292,u,553.88,0.10000000000002274,phoneme,0.0,1.0,0.0,0.0,0.0,0.0,1.0,0.0,0.0,0.0,0.0,0.0,0.0,1.0,
4293,Z,553.98,0.11000000000001364,phoneme,0.0,0.0,0.0,0.0,0.0,0.0,0.0,0.0,1.0,0.0,0.0,0.0,1.0,1.0,
4294,u,554.09,0.13999999999998636,phoneme,0.0,1.0,0.0,0.0,0.0,0.0,1.0,0.0,0.0,0.0,0.0,0.0,0.0,1.0,
4295,R,554.23,0.049999999999954525,phoneme,0.0,0.0,0.0,0.0,0.0,0.0,0.0,0.0,0.0,0.0,0.0,1.0,0.0,0.0,
4296,d,554.28,0.07000000000005002,phoneme,0.0,0.0,0.0,0.0,0.0,0.0,0.0,1.0,0.0,0.0,0.0,0.0,1.0,1.0,
4297,@,554.35,0.06999999999993634,phoneme,0.0,0.0,1.0,0.0,0.0,0.0,1.0,0.0,0.0,0.0,0.0,0.0,0.0,1.0,
4298,s,554.42,0.10000000000002274,phoneme,0.0,0.0,0.0,0.0,0.0,0.0,0.0,0.0,1.0,0.0,0.0,0.0,1.0,0.0,
4299,@,554.52,0.03999999999996362,phoneme,0.0,0.0,1.0,0.0,0.0,0.0,1.0,0.0,0.0,0.0,0.0,0.0,0.0,1.0,
4300,k,554.56,0.09000000000003183,phoneme,0.0,0.0,0.0,0.0,0.0,1.0,0.0,1.0,0.0,0.0,0.0,0.0,1.0,0.0,
4301,@,554.65,0.04000000000007731,phoneme,0.0,0.0,1.0,0.0,0.0,0.0,1.0,0.0,0.0,0.0,0.0,0.0,0.0,1.0,
4302,t,554.69,0.09999999999990905,phoneme,0.0,0.0,0.0,0.0,0.0,0.0,0.0,1.0,0.0,0.0,0.0,0.0,1.0,0.0,
4303,y,554.79,0.11000000000001364,phoneme,0.0,1.0,0.0,0.0,0.0,0.0,1.0,0.0,0.0,0.0,0.0,0.0,0.0,1.0,
4304,a,554.9,0.08000000000004093,phoneme,1.0,0.0,0.0,0.0,0.0,0.0,1.0,0.0,0.0,0.0,0.0,0.0,0.0,1.0,
4305,s,554.98,0.06999999999993634,phoneme,0.0,0.0,0.0,0.0,0.0,0.0,0.0,0.0,1.0,0.0,0.0,0.0,1.0,0.0,
4306,a,555.05,0.07000000000005002,phoneme,1.0,0.0,0.0,0.0,0.0,0.0,1.0,0.0,0.0,0.0,0.0,0.0,0.0,1.0,
4307,p,555.12,0.03999999999996362,phoneme,0.0,0.0,0.0,1.0,0.0,0.0,0.0,1.0,0.0,0.0,0.0,0.0,1.0,0.0,
4308,R,555.16,0.07000000000005002,phoneme,0.0,0.0,0.0,0.0,0.0,0.0,0.0,0.0,0.0,0.0,0.0,1.0,0.0,0.0,
4309,i,555.23,0.07999999999992724,phoneme,0.0,1.0,0.0,0.0,0.0,0.0,1.0,0.0,0.0,0.0,0.0,0.0,0.0,1.0,
4310,v,555.31,0.04000000000007731,phoneme,0.0,0.0,0.0,0.0,0.0,0.0,0.0,0.0,1.0,0.0,0.0,0.0,1.0,1.0,
4311,w,555.35,0.09000000000003183,phoneme,0.0,0.0,0.0,1.0,0.0,1.0,0.0,0.0,0.0,0.0,1.0,0.0,0.0,0.0,
4312,a,555.44,0.03999999999996362,phoneme,1.0,0.0,0.0,0.0,0.0,0.0,1.0,0.0,0.0,0.0,0.0,0.0,0.0,1.0,
4313,z,555.48,0.11000000000001364,phoneme,0.0,0.0,0.0,0.0,0.0,0.0,0.0,0.0,1.0,0.0,0.0,0.0,1.0,1.0,
4314,e,555.59,0.18999999999994088,phoneme,0.0,0.0,1.0,0.0,0.0,0.0,1.0,0.0,0.0,0.0,0.0,0.0,0.0,1.0,
4315,t,556.18,0.06000000000005912,phoneme,0.0,0.0,0.0,0.0,0.0,0.0,0.0,1.0,0.0,0.0,0.0,0.0,1.0,0.0,
4316,y,556.24,0.10000000000002274,phoneme,0.0,1.0,0.0,0.0,0.0,0.0,1.0,0.0,0.0,0.0,0.0,0.0,0.0,1.0,
4317,e,556.34,0.12000000000000455,phoneme,0.0,0.0,1.0,0.0,0.0,0.0,1.0,0.0,0.0,0.0,0.0,0.0,0.0,1.0,
4318,R,556.46,0.049999999999954525,phoneme,0.0,0.0,0.0,0.0,0.0,0.0,0.0,0.0,0.0,0.0,0.0,1.0,0.0,0.0,
4319,E,556.51,0.049999999999954525,phoneme,0.0,0.0,1.0,0.0,0.0,0.0,1.0,0.0,0.0,0.0,0.0,0.0,0.0,1.0,
4320,s,556.56,0.10000000000002274,phoneme,0.0,0.0,0.0,0.0,0.0,0.0,0.0,0.0,1.0,0.0,0.0,0.0,1.0,0.0,
4321,p,556.66,0.06000000000005912,phoneme,0.0,0.0,0.0,1.0,0.0,0.0,0.0,1.0,0.0,0.0,0.0,0.0,1.0,0.0,
4322,o~,556.72,0.07999999999992724,phoneme,0.0,0.0,1.0,0.0,0.0,0.0,1.0,0.0,0.0,1.0,0.0,0.0,0.0,1.0,
4323,s,556.8,0.12999999999999545,phoneme,0.0,0.0,0.0,0.0,0.0,0.0,0.0,0.0,1.0,0.0,0.0,0.0,1.0,0.0,
4324,a,556.93,0.11000000000001364,phoneme,1.0,0.0,0.0,0.0,0.0,0.0,1.0,0.0,0.0,0.0,0.0,0.0,0.0,1.0,
4325,b,557.04,0.06000000000005912,phoneme,0.0,0.0,0.0,1.0,0.0,0.0,0.0,1.0,0.0,0.0,0.0,0.0,1.0,1.0,
4326,l,557.1,0.03999999999996362,phoneme,0.0,0.0,0.0,0.0,0.0,0.0,0.0,0.0,0.0,0.0,1.0,0.0,0.0,0.0,
4327,@,557.14,0.029999999999972715,phoneme,0.0,0.0,1.0,0.0,0.0,0.0,1.0,0.0,0.0,0.0,0.0,0.0,0.0,1.0,
4328,d,557.17,0.05000000000006821,phoneme,0.0,0.0,0.0,0.0,0.0,0.0,0.0,1.0,0.0,0.0,0.0,0.0,1.0,1.0,
4329,@,557.22,0.07999999999992724,phoneme,0.0,0.0,1.0,0.0,0.0,0.0,1.0,0.0,0.0,0.0,0.0,0.0,0.0,1.0,
4330,t,557.3,0.10000000000002274,phoneme,0.0,0.0,0.0,0.0,0.0,0.0,0.0,1.0,0.0,0.0,0.0,0.0,1.0,0.0,
4331,a,557.4,0.08000000000004093,phoneme,1.0,0.0,0.0,0.0,0.0,0.0,1.0,0.0,0.0,0.0,0.0,0.0,0.0,1.0,
4332,R,557.48,0.049999999999954525,phoneme,0.0,0.0,0.0,0.0,0.0,0.0,0.0,0.0,0.0,0.0,0.0,1.0,0.0,0.0,
4333,o,557.53,0.2300000000000182,phoneme,0.0,0.0,1.0,0.0,0.0,0.0,1.0,0.0,0.0,0.0,0.0,0.0,0.0,1.0,
4334,z,557.76,0.19000000000005457,phoneme,0.0,0.0,0.0,0.0,0.0,0.0,0.0,0.0,1.0,0.0,0.0,0.0,1.0,1.0,
4335,S,559.32,0.15999999999996817,phoneme,0.0,0.0,0.0,0.0,0.0,0.0,0.0,0.0,1.0,0.0,0.0,0.0,1.0,0.0,
4336,s,559.48,0.21000000000003638,phoneme,0.0,0.0,0.0,0.0,0.0,0.0,0.0,0.0,1.0,0.0,0.0,0.0,1.0,0.0,
4337,H,559.69,0.07999999999992724,phoneme,0.0,0.0,0.0,1.0,0.0,0.0,0.0,0.0,0.0,0.0,1.0,0.0,0.0,0.0,
4338,i,559.77,0.06000000000005912,phoneme,0.0,1.0,0.0,0.0,0.0,0.0,1.0,0.0,0.0,0.0,0.0,0.0,0.0,1.0,
4339,R,559.83,0.06999999999993634,phoneme,0.0,0.0,0.0,0.0,0.0,0.0,0.0,0.0,0.0,0.0,0.0,1.0,0.0,0.0,
4340,E,559.9,0.07000000000005002,phoneme,0.0,0.0,1.0,0.0,0.0,0.0,1.0,0.0,0.0,0.0,0.0,0.0,0.0,1.0,
4341,s,559.97,0.10000000000002274,phoneme,0.0,0.0,0.0,0.0,0.0,0.0,0.0,0.0,1.0,0.0,0.0,0.0,1.0,0.0,
4342,p,560.07,0.049999999999954525,phoneme,0.0,0.0,0.0,1.0,0.0,0.0,0.0,1.0,0.0,0.0,0.0,0.0,1.0,0.0,
4343,o~,560.12,0.10000000000002274,phoneme,0.0,0.0,1.0,0.0,0.0,0.0,1.0,0.0,0.0,1.0,0.0,0.0,0.0,1.0,
4344,s,560.22,0.15999999999996817,phoneme,0.0,0.0,0.0,0.0,0.0,0.0,0.0,0.0,1.0,0.0,0.0,0.0,1.0,0.0,
4345,a,560.38,0.049999999999954525,phoneme,1.0,0.0,0.0,0.0,0.0,0.0,1.0,0.0,0.0,0.0,0.0,0.0,0.0,1.0,
4346,b,560.43,0.030000000000086402,phoneme,0.0,0.0,0.0,1.0,0.0,0.0,0.0,1.0,0.0,0.0,0.0,0.0,1.0,1.0,
4347,l,560.46,0.12999999999999545,phoneme,0.0,0.0,0.0,0.0,0.0,0.0,0.0,0.0,0.0,0.0,1.0,0.0,0.0,0.0,
4348,@,560.59,0.049999999999954525,phoneme,0.0,0.0,1.0,0.0,0.0,0.0,1.0,0.0,0.0,0.0,0.0,0.0,0.0,1.0,
4349,d,560.64,0.03999999999996362,phoneme,0.0,0.0,0.0,0.0,0.0,0.0,0.0,1.0,0.0,0.0,0.0,0.0,1.0,1.0,
4350,@,560.68,0.08498900000006415,phoneme,0.0,0.0,1.0,0.0,0.0,0.0,1.0,0.0,0.0,0.0,0.0,0.0,0.0,1.0,
4351,m,560.764989,0.06498799999997118,phoneme,0.0,0.0,0.0,1.0,0.0,0.0,0.0,0.0,0.0,1.0,0.0,0.0,0.0,0.0,
4352,a,560.829977,0.10002299999996467,phoneme,1.0,0.0,0.0,0.0,0.0,0.0,1.0,0.0,0.0,0.0,0.0,0.0,0.0,1.0,
4353,R,560.93,0.07000000000005002,phoneme,0.0,0.0,0.0,0.0,0.0,0.0,0.0,0.0,0.0,0.0,0.0,1.0,0.0,0.0,
4354,o,561.0,0.2599999999999909,phoneme,0.0,0.0,1.0,0.0,0.0,0.0,1.0,0.0,0.0,0.0,0.0,0.0,0.0,1.0,
4355,z,561.26,0.18000000000006366,phoneme,0.0,0.0,0.0,0.0,0.0,0.0,0.0,0.0,1.0,0.0,0.0,0.0,1.0,1.0,
4356,R,562.17,0.07000000000005002,phoneme,0.0,0.0,0.0,0.0,0.0,0.0,0.0,0.0,0.0,0.0,0.0,1.0,0.0,0.0,
4357,e,562.24,0.09000000000003183,phoneme,0.0,0.0,1.0,0.0,0.0,0.0,1.0,0.0,0.0,0.0,0.0,0.0,0.0,1.0,
4358,p,562.33,0.049999999999954525,phoneme,0.0,0.0,0.0,1.0,0.0,0.0,0.0,1.0,0.0,0.0,0.0,0.0,1.0,0.0,
4359,e,562.38,0.09000000000003183,phoneme,0.0,0.0,1.0,0.0,0.0,0.0,1.0,0.0,0.0,0.0,0.0,0.0,0.0,1.0,
4360,t,562.47,0.049999999999954525,phoneme,0.0,0.0,0.0,0.0,0.0,0.0,0.0,1.0,0.0,0.0,0.0,0.0,1.0,0.0,
4361,a,562.52,0.11000000000001364,phoneme,1.0,0.0,0.0,0.0,0.0,0.0,1.0,0.0,0.0,0.0,0.0,0.0,0.0,1.0,
4362,l,562.63,0.029999999999972715,phoneme,0.0,0.0,0.0,0.0,0.0,0.0,0.0,0.0,0.0,0.0,1.0,0.0,0.0,0.0,
4363,@,562.66,0.05000000000006821,phoneme,0.0,0.0,1.0,0.0,0.0,0.0,1.0,0.0,0.0,0.0,0.0,0.0,0.0,1.0,
4364,p,562.71,0.09999999999990905,phoneme,0.0,0.0,0.0,1.0,0.0,0.0,0.0,1.0,0.0,0.0,0.0,0.0,1.0,0.0,
4365,@,562.81,0.05000000000006821,phoneme,0.0,0.0,1.0,0.0,0.0,0.0,1.0,0.0,0.0,0.0,0.0,0.0,0.0,1.0,
4366,t,562.86,0.10000000000002274,phoneme,0.0,0.0,0.0,0.0,0.0,0.0,0.0,1.0,0.0,0.0,0.0,0.0,1.0,0.0,
4367,i,562.96,0.07999999999992724,phoneme,0.0,1.0,0.0,0.0,0.0,0.0,1.0,0.0,0.0,0.0,0.0,0.0,0.0,1.0,
4368,p,563.04,0.04000000000007731,phoneme,0.0,0.0,0.0,1.0,0.0,0.0,0.0,1.0,0.0,0.0,0.0,0.0,1.0,0.0,
4369,R,563.08,0.07999999999992724,phoneme,0.0,0.0,0.0,0.0,0.0,0.0,0.0,0.0,0.0,0.0,0.0,1.0,0.0,0.0,
4370,e~,563.16,0.19000000000005457,phoneme,0.0,0.0,1.0,0.0,0.0,0.0,1.0,0.0,0.0,1.0,0.0,0.0,0.0,1.0,
4371,s,563.35,0.2599999999999909,phoneme,0.0,0.0,0.0,0.0,0.0,0.0,0.0,0.0,1.0,0.0,0.0,0.0,1.0,0.0,
4372,a,563.83,0.12999999999999545,phoneme,1.0,0.0,0.0,0.0,0.0,0.0,1.0,0.0,0.0,0.0,0.0,0.0,0.0,1.0,
4373,f,563.96,0.12000000000000455,phoneme,0.0,0.0,0.0,0.0,0.0,0.0,0.0,0.0,1.0,0.0,0.0,0.0,1.0,0.0,
4374,9~,564.08,0.06999999999993634,phoneme,0.0,0.0,1.0,0.0,0.0,0.0,1.0,0.0,0.0,1.0,0.0,0.0,0.0,1.0,
4375,d,564.15,0.06000000000005912,phoneme,0.0,0.0,0.0,0.0,0.0,0.0,0.0,1.0,0.0,0.0,0.0,0.0,1.0,1.0,
4376,@,564.21,0.05999999999994543,phoneme,0.0,0.0,1.0,0.0,0.0,0.0,1.0,0.0,0.0,0.0,0.0,0.0,0.0,1.0,
4377,s,564.27,0.10000000000002274,phoneme,0.0,0.0,0.0,0.0,0.0,0.0,0.0,0.0,1.0,0.0,0.0,0.0,1.0,0.0,
4378,@,564.37,0.049999999999954525,phoneme,0.0,0.0,1.0,0.0,0.0,0.0,1.0,0.0,0.0,0.0,0.0,0.0,0.0,1.0,
4379,s,564.42,0.10000000000002274,phoneme,0.0,0.0,0.0,0.0,0.0,0.0,0.0,0.0,1.0,0.0,0.0,0.0,1.0,0.0,
4380,u,564.52,0.08000000000004093,phoneme,0.0,1.0,0.0,0.0,0.0,0.0,1.0,0.0,0.0,0.0,0.0,0.0,0.0,1.0,
4381,v,564.6,0.10000000000002274,phoneme,0.0,0.0,0.0,0.0,0.0,0.0,0.0,0.0,1.0,0.0,0.0,0.0,1.0,1.0,
4382,n,564.7,0.08999999999991815,phoneme,0.0,0.0,0.0,0.0,0.0,0.0,0.0,0.0,0.0,1.0,0.0,0.0,0.0,0.0,
4383,i,564.79,0.2699999999999818,phoneme,0.0,1.0,0.0,0.0,0.0,0.0,1.0,0.0,0.0,0.0,0.0,0.0,0.0,1.0,
4384,R,565.06,0.14000000000010004,phoneme,0.0,0.0,0.0,0.0,0.0,0.0,0.0,0.0,0.0,0.0,0.0,1.0,0.0,0.0,
4385,b,568.54,0.030000000000086402,phoneme,0.0,0.0,0.0,1.0,0.0,0.0,0.0,1.0,0.0,0.0,0.0,0.0,1.0,1.0,
4386,o~,568.57,0.08999999999991815,phoneme,0.0,0.0,1.0,0.0,0.0,0.0,1.0,0.0,0.0,1.0,0.0,0.0,0.0,1.0,
4387,Z,568.66,0.09000000000003183,phoneme,0.0,0.0,0.0,0.0,0.0,0.0,0.0,0.0,1.0,0.0,0.0,0.0,1.0,1.0,
4388,u,568.75,0.19000000000005457,phoneme,0.0,1.0,0.0,0.0,0.0,0.0,1.0,0.0,0.0,0.0,0.0,0.0,0.0,1.0,
4389,R,568.94,0.14999999999997726,phoneme,0.0,0.0,0.0,0.0,0.0,0.0,0.0,0.0,0.0,0.0,0.0,1.0,0.0,0.0,
4390,d,569.41,0.030000000000086402,phoneme,0.0,0.0,0.0,0.0,0.0,0.0,0.0,1.0,0.0,0.0,0.0,0.0,1.0,1.0,
4391,i,569.44,0.05999999999994543,phoneme,0.0,1.0,0.0,0.0,0.0,0.0,1.0,0.0,0.0,0.0,0.0,0.0,0.0,1.0,
4392,l,569.5,0.07000000000005002,phoneme,0.0,0.0,0.0,0.0,0.0,0.0,0.0,0.0,0.0,0.0,1.0,0.0,0.0,0.0,
4393,@,569.57,0.05999999999994543,phoneme,0.0,0.0,1.0,0.0,0.0,0.0,1.0,0.0,0.0,0.0,0.0,0.0,0.0,1.0,
4394,p,569.63,0.06000000000005912,phoneme,0.0,0.0,0.0,1.0,0.0,0.0,0.0,1.0,0.0,0.0,0.0,0.0,1.0,0.0,
4395,@,569.69,0.05999999999994543,phoneme,0.0,0.0,1.0,0.0,0.0,0.0,1.0,0.0,0.0,0.0,0.0,0.0,0.0,1.0,
4396,t,569.75,0.10000000000002274,phoneme,0.0,0.0,0.0,0.0,0.0,0.0,0.0,1.0,0.0,0.0,0.0,0.0,1.0,0.0,
4397,i,569.85,0.06999999999993634,phoneme,0.0,1.0,0.0,0.0,0.0,0.0,1.0,0.0,0.0,0.0,0.0,0.0,0.0,1.0,
4398,p,569.92,0.030000000000086402,phoneme,0.0,0.0,0.0,1.0,0.0,0.0,0.0,1.0,0.0,0.0,0.0,0.0,1.0,0.0,
4399,R,569.95,0.06999999999993634,phoneme,0.0,0.0,0.0,0.0,0.0,0.0,0.0,0.0,0.0,0.0,0.0,1.0,0.0,0.0,
4400,e~,570.02,0.17000000000007276,phoneme,0.0,0.0,1.0,0.0,0.0,0.0,1.0,0.0,0.0,1.0,0.0,0.0,0.0,1.0,
4401,s,570.19,0.25,phoneme,0.0,0.0,0.0,0.0,0.0,0.0,0.0,0.0,1.0,0.0,0.0,0.0,1.0,0.0,
4402,b,570.91,0.030000000000086402,phoneme,0.0,0.0,0.0,1.0,0.0,0.0,0.0,1.0,0.0,0.0,0.0,0.0,1.0,1.0,
4403,o~,570.94,0.16999999999995907,phoneme,0.0,0.0,1.0,0.0,0.0,0.0,1.0,0.0,0.0,1.0,0.0,0.0,0.0,1.0,
4404,Z,571.11,0.11000000000001364,phoneme,0.0,0.0,0.0,0.0,0.0,0.0,0.0,0.0,1.0,0.0,0.0,0.0,1.0,1.0,
4405,u,571.22,0.25,phoneme,0.0,1.0,0.0,0.0,0.0,0.0,1.0,0.0,0.0,0.0,0.0,0.0,0.0,1.0,
4406,R,571.47,0.13999999999998636,phoneme,0.0,0.0,0.0,0.0,0.0,0.0,0.0,0.0,0.0,0.0,0.0,1.0,0.0,0.0,
4407,d,571.91,0.10000000000002274,phoneme,0.0,0.0,0.0,0.0,0.0,0.0,0.0,1.0,0.0,0.0,0.0,0.0,1.0,1.0,
4408,i,572.01,0.03999999999996362,phoneme,0.0,1.0,0.0,0.0,0.0,0.0,1.0,0.0,0.0,0.0,0.0,0.0,0.0,1.0,
4409,l,572.05,0.06000000000005912,phoneme,0.0,0.0,0.0,0.0,0.0,0.0,0.0,0.0,0.0,0.0,1.0,0.0,0.0,0.0,
4410,E,572.11,0.08000000000004093,phoneme,0.0,0.0,1.0,0.0,0.0,0.0,1.0,0.0,0.0,0.0,0.0,0.0,0.0,1.0,
4411,g,572.19,0.07999999999992724,phoneme,0.0,0.0,0.0,0.0,0.0,1.0,0.0,1.0,0.0,0.0,0.0,0.0,1.0,1.0,
4412,H,572.27,0.06000000000005912,phoneme,0.0,0.0,0.0,1.0,0.0,0.0,0.0,0.0,0.0,0.0,1.0,0.0,0.0,0.0,
4413,i,572.33,0.049999999999954525,phoneme,0.0,1.0,0.0,0.0,0.0,0.0,1.0,0.0,0.0,0.0,0.0,0.0,0.0,1.0,
4414,j,572.38,0.08000000000004093,phoneme,0.0,0.0,0.0,0.0,0.0,0.0,0.0,0.0,0.0,0.0,1.0,0.0,0.0,0.0,
4415,9,572.46,0.17999999999994998,phoneme,0.0,0.0,1.0,0.0,0.0,0.0,1.0,0.0,0.0,0.0,0.0,0.0,0.0,1.0,
4416,R,572.64,0.13999999999998636,phoneme,0.0,0.0,0.0,0.0,0.0,0.0,0.0,0.0,0.0,0.0,0.0,1.0,0.0,0.0,
4417,k,573.54,0.06000000000005912,phoneme,0.0,0.0,0.0,0.0,0.0,1.0,0.0,1.0,0.0,0.0,0.0,0.0,1.0,0.0,
4418,@,573.6,0.07999999999992724,phoneme,0.0,0.0,1.0,0.0,0.0,0.0,1.0,0.0,0.0,0.0,0.0,0.0,0.0,1.0,
4419,f,573.68,0.08000000000004093,phoneme,0.0,0.0,0.0,0.0,0.0,0.0,0.0,0.0,1.0,0.0,0.0,0.0,1.0,0.0,
4420,E,573.76,0.049999999999954525,phoneme,0.0,0.0,1.0,0.0,0.0,0.0,1.0,0.0,0.0,0.0,0.0,0.0,0.0,1.0,
4421,t,573.81,0.12000000000000455,phoneme,0.0,0.0,0.0,0.0,0.0,0.0,0.0,1.0,0.0,0.0,0.0,0.0,1.0,0.0,
4422,y,573.93,0.10000000000002274,phoneme,0.0,1.0,0.0,0.0,0.0,0.0,1.0,0.0,0.0,0.0,0.0,0.0,0.0,1.0,
4423,i,574.03,0.12000000000000455,phoneme,0.0,1.0,0.0,0.0,0.0,0.0,1.0,0.0,0.0,0.0,0.0,0.0,0.0,1.0,
4424,s,574.15,0.15999999999996817,phoneme,0.0,0.0,0.0,0.0,0.0,0.0,0.0,0.0,1.0,0.0,0.0,0.0,1.0,0.0,
4425,i,574.31,0.18000000000006366,phoneme,0.0,1.0,0.0,0.0,0.0,0.0,1.0,0.0,0.0,0.0,0.0,0.0,0.0,1.0,
4426,d,574.87,0.10000000000002274,phoneme,0.0,0.0,0.0,0.0,0.0,0.0,0.0,1.0,0.0,0.0,0.0,0.0,1.0,1.0,
4427,i,574.97,0.06999999999993634,phoneme,0.0,1.0,0.0,0.0,0.0,0.0,1.0,0.0,0.0,0.0,0.0,0.0,0.0,1.0,
4428,l,575.04,0.030000000000086402,phoneme,0.0,0.0,0.0,0.0,0.0,0.0,0.0,0.0,0.0,0.0,1.0,0.0,0.0,0.0,
4429,@,575.07,0.06999999999993634,phoneme,0.0,0.0,1.0,0.0,0.0,0.0,1.0,0.0,0.0,0.0,0.0,0.0,0.0,1.0,
4430,p,575.14,0.05000000000006821,phoneme,0.0,0.0,0.0,1.0,0.0,0.0,0.0,1.0,0.0,0.0,0.0,0.0,1.0,0.0,
4431,@,575.19,0.07999999999992724,phoneme,0.0,0.0,1.0,0.0,0.0,0.0,1.0,0.0,0.0,0.0,0.0,0.0,0.0,1.0,
4432,t,575.27,0.03999999999996362,phoneme,0.0,0.0,0.0,0.0,0.0,0.0,0.0,1.0,0.0,0.0,0.0,0.0,1.0,0.0,
4433,i,575.31,0.11000000000001364,phoneme,0.0,1.0,0.0,0.0,0.0,0.0,1.0,0.0,0.0,0.0,0.0,0.0,0.0,1.0,
4434,p,575.42,0.06000000000005912,phoneme,0.0,0.0,0.0,1.0,0.0,0.0,0.0,1.0,0.0,0.0,0.0,0.0,1.0,0.0,
4435,R,575.48,0.05999999999994543,phoneme,0.0,0.0,0.0,0.0,0.0,0.0,0.0,0.0,0.0,0.0,0.0,1.0,0.0,0.0,
4436,e~,575.54,0.18000000000006366,phoneme,0.0,0.0,1.0,0.0,0.0,0.0,1.0,0.0,0.0,1.0,0.0,0.0,0.0,1.0,
4437,s,575.72,0.1999999999999318,phoneme,0.0,0.0,0.0,0.0,0.0,0.0,0.0,0.0,1.0,0.0,0.0,0.0,1.0,0.0,
4438,Z,576.63,0.08000000000004093,phoneme,0.0,0.0,0.0,0.0,0.0,0.0,0.0,0.0,1.0,0.0,0.0,0.0,1.0,1.0,
4439,@,576.71,0.08999999999991815,phoneme,0.0,0.0,1.0,0.0,0.0,0.0,1.0,0.0,0.0,0.0,0.0,0.0,0.0,1.0,
4440,t,576.8,0.21000000000003638,phoneme,0.0,0.0,0.0,0.0,0.0,0.0,0.0,1.0,0.0,0.0,0.0,0.0,1.0,0.0,
4441,R,577.01,0.049999999999954525,phoneme,0.0,0.0,0.0,0.0,0.0,0.0,0.0,0.0,0.0,0.0,0.0,1.0,0.0,0.0,
4442,i,577.06,0.04000000000007731,phoneme,0.0,1.0,0.0,0.0,0.0,0.0,1.0,0.0,0.0,0.0,0.0,0.0,0.0,1.0,
4443,l,577.1,0.029999999999972715,phoneme,0.0,0.0,0.0,0.0,0.0,0.0,0.0,0.0,0.0,0.0,1.0,0.0,0.0,0.0,
4444,e,577.13,0.03999999999996362,phoneme,0.0,0.0,1.0,0.0,0.0,0.0,1.0,0.0,0.0,0.0,0.0,0.0,0.0,1.0,
4445,v,577.17,0.05000000000006821,phoneme,0.0,0.0,0.0,0.0,0.0,0.0,0.0,0.0,1.0,0.0,0.0,0.0,1.0,1.0,
4446,w,577.22,0.05999999999994543,phoneme,0.0,0.0,0.0,1.0,0.0,1.0,0.0,0.0,0.0,0.0,1.0,0.0,0.0,0.0,
4447,a,577.28,0.029999999999972715,phoneme,1.0,0.0,0.0,0.0,0.0,0.0,1.0,0.0,0.0,0.0,0.0,0.0,0.0,1.0,
4448,j,577.31,0.10000000000002274,phoneme,0.0,0.0,0.0,0.0,0.0,0.0,0.0,0.0,0.0,0.0,1.0,0.0,0.0,0.0,
4449,a,577.41,0.030000000000086402,phoneme,1.0,0.0,0.0,0.0,0.0,0.0,1.0,0.0,0.0,0.0,0.0,0.0,0.0,1.0,
4450,Z,577.44,0.10999999999989996,phoneme,0.0,0.0,0.0,0.0,0.0,0.0,0.0,0.0,1.0,0.0,0.0,0.0,1.0,1.0,
4451,9,577.55,0.2300000000000182,phoneme,0.0,0.0,1.0,0.0,0.0,0.0,1.0,0.0,0.0,0.0,0.0,0.0,0.0,1.0,
4452,R,577.78,0.08000000000004093,phoneme,0.0,0.0,0.0,0.0,0.0,0.0,0.0,0.0,0.0,0.0,0.0,1.0,0.0,0.0,
4453,p,577.86,0.08000000000004093,phoneme,0.0,0.0,0.0,1.0,0.0,0.0,0.0,1.0,0.0,0.0,0.0,0.0,1.0,0.0,
4454,a,577.94,0.03999999999996362,phoneme,1.0,0.0,0.0,0.0,0.0,0.0,1.0,0.0,0.0,0.0,0.0,0.0,0.0,1.0,
4455,R,577.98,0.07999999999992724,phoneme,0.0,0.0,0.0,0.0,0.0,0.0,0.0,0.0,0.0,0.0,0.0,1.0,0.0,0.0,
4456,p,578.06,0.09000000000003183,phoneme,0.0,0.0,0.0,1.0,0.0,0.0,0.0,1.0,0.0,0.0,0.0,0.0,1.0,0.0,
4457,a,578.15,0.05000000000006821,phoneme,1.0,0.0,0.0,0.0,0.0,0.0,1.0,0.0,0.0,0.0,0.0,0.0,0.0,1.0,
4458,k,578.2,0.12000000000000455,phoneme,0.0,0.0,0.0,0.0,0.0,1.0,0.0,1.0,0.0,0.0,0.0,0.0,1.0,0.0,
4459,E,578.32,0.06999999999993634,phoneme,0.0,0.0,1.0,0.0,0.0,0.0,1.0,0.0,0.0,0.0,0.0,0.0,0.0,1.0,
4460,d,578.39,0.07000000000005002,phoneme,0.0,0.0,0.0,0.0,0.0,0.0,0.0,1.0,0.0,0.0,0.0,0.0,1.0,1.0,
4461,@,578.46,0.12000000000000455,phoneme,0.0,0.0,1.0,0.0,0.0,0.0,1.0,0.0,0.0,0.0,0.0,0.0,0.0,1.0,
4462,m,578.58,0.029999999999972715,phoneme,0.0,0.0,0.0,1.0,0.0,0.0,0.0,0.0,0.0,1.0,0.0,0.0,0.0,0.0,
4463,i,578.61,0.14999999999997726,phoneme,0.0,1.0,0.0,0.0,0.0,0.0,1.0,0.0,0.0,0.0,0.0,0.0,0.0,1.0,
4464,l,578.76,0.12999999999999545,phoneme,0.0,0.0,0.0,0.0,0.0,0.0,0.0,0.0,0.0,0.0,1.0,0.0,0.0,0.0,
4465,@,578.89,0.09000000000003183,phoneme,0.0,0.0,1.0,0.0,0.0,0.0,1.0,0.0,0.0,0.0,0.0,0.0,0.0,1.0,
4466,d,579.41,0.09000000000003183,phoneme,0.0,0.0,0.0,0.0,0.0,0.0,0.0,1.0,0.0,0.0,0.0,0.0,1.0,1.0,
4467,i,579.5,0.05999999999994543,phoneme,0.0,1.0,0.0,0.0,0.0,0.0,1.0,0.0,0.0,0.0,0.0,0.0,0.0,1.0,
4468,l,579.56,0.04000000000007731,phoneme,0.0,0.0,0.0,0.0,0.0,0.0,0.0,0.0,0.0,0.0,1.0,0.0,0.0,0.0,
4469,E,579.6,0.049999999999954525,phoneme,0.0,0.0,1.0,0.0,0.0,0.0,1.0,0.0,0.0,0.0,0.0,0.0,0.0,1.0,
4470,g,579.65,0.08000000000004093,phoneme,0.0,0.0,0.0,0.0,0.0,1.0,0.0,1.0,0.0,0.0,0.0,0.0,1.0,1.0,
4471,H,579.73,0.03999999999996362,phoneme,0.0,0.0,0.0,1.0,0.0,0.0,0.0,0.0,0.0,0.0,1.0,0.0,0.0,0.0,
4472,i,579.77,0.09000000000003183,phoneme,0.0,1.0,0.0,0.0,0.0,0.0,1.0,0.0,0.0,0.0,0.0,0.0,0.0,1.0,
4473,j,579.86,0.11000000000001364,phoneme,0.0,0.0,0.0,0.0,0.0,0.0,0.0,0.0,0.0,0.0,1.0,0.0,0.0,0.0,
4474,9,579.97,0.17999999999994998,phoneme,0.0,0.0,1.0,0.0,0.0,0.0,1.0,0.0,0.0,0.0,0.0,0.0,0.0,1.0,
4475,R,580.15,0.08000000000004093,phoneme,0.0,0.0,0.0,0.0,0.0,0.0,0.0,0.0,0.0,0.0,0.0,1.0,0.0,0.0,
4476,d,580.87,0.05999999999994543,phoneme,0.0,0.0,0.0,0.0,0.0,0.0,0.0,1.0,0.0,0.0,0.0,0.0,1.0,1.0,
4477,E,580.93,0.07000000000005002,phoneme,0.0,0.0,1.0,0.0,0.0,0.0,1.0,0.0,0.0,0.0,0.0,0.0,0.0,1.0,
4478,k,581.0,0.049999999999954525,phoneme,0.0,0.0,0.0,0.0,0.0,1.0,0.0,1.0,0.0,0.0,0.0,0.0,1.0,0.0,
4479,s,581.05,0.07000000000005002,phoneme,0.0,0.0,0.0,0.0,0.0,0.0,0.0,0.0,1.0,0.0,0.0,0.0,1.0,0.0,
4480,p,581.12,0.029999999999972715,phoneme,0.0,0.0,0.0,1.0,0.0,0.0,0.0,1.0,0.0,0.0,0.0,0.0,1.0,0.0,
4481,e,581.15,0.11000000000001364,phoneme,0.0,0.0,1.0,0.0,0.0,0.0,1.0,0.0,0.0,0.0,0.0,0.0,0.0,1.0,
4482,d,581.26,0.029999999999972715,phoneme,0.0,0.0,0.0,0.0,0.0,0.0,0.0,1.0,0.0,0.0,0.0,0.0,1.0,1.0,
4483,i,581.29,0.12000000000000455,phoneme,0.0,1.0,0.0,0.0,0.0,0.0,1.0,0.0,0.0,0.0,0.0,0.0,0.0,1.0,
4484,l,581.41,0.030000000000086402,phoneme,0.0,0.0,0.0,0.0,0.0,0.0,0.0,0.0,0.0,0.0,1.0,0.0,0.0,0.0,
4485,e,581.44,0.06999999999993634,phoneme,0.0,0.0,1.0,0.0,0.0,0.0,1.0,0.0,0.0,0.0,0.0,0.0,0.0,1.0,
4486,t,581.51,0.08000000000004093,phoneme,0.0,0.0,0.0,0.0,0.0,0.0,0.0,1.0,0.0,0.0,0.0,0.0,1.0,0.0,
4487,R,581.59,0.06999999999993634,phoneme,0.0,0.0,0.0,0.0,0.0,0.0,0.0,0.0,0.0,0.0,0.0,1.0,0.0,0.0,
4488,e~,581.66,0.16000000000008185,phoneme,0.0,0.0,1.0,0.0,0.0,0.0,1.0,0.0,0.0,1.0,0.0,0.0,0.0,1.0,
4489,k,581.82,0.12000000000000455,phoneme,0.0,0.0,0.0,0.0,0.0,1.0,0.0,1.0,0.0,0.0,0.0,0.0,1.0,0.0,
4490,i,581.94,0.044988999999986845,phoneme,0.0,1.0,0.0,0.0,0.0,0.0,1.0,0.0,0.0,0.0,0.0,0.0,0.0,1.0,
4491,l,581.984989,0.034987999999998465,phoneme,0.0,0.0,0.0,0.0,0.0,0.0,0.0,0.0,0.0,0.0,1.0,0.0,0.0,0.0,
4492,e,582.019977,0.09002299999997376,phoneme,0.0,0.0,1.0,0.0,0.0,0.0,1.0,0.0,0.0,0.0,0.0,0.0,0.0,1.0,
4493,z,582.11,0.049999999999954525,phoneme,0.0,0.0,0.0,0.0,0.0,0.0,0.0,0.0,1.0,0.0,0.0,0.0,1.0,1.0,
4494,a~,582.16,0.10000000000002274,phoneme,1.0,0.0,0.0,0.0,0.0,0.0,1.0,0.0,0.0,1.0,0.0,0.0,0.0,1.0,
4495,p,582.26,0.09000000000003183,phoneme,0.0,0.0,0.0,1.0,0.0,0.0,0.0,1.0,0.0,0.0,0.0,0.0,1.0,0.0,
4496,O,582.35,0.07999999999992724,phoneme,0.0,0.0,1.0,0.0,0.0,0.0,1.0,0.0,0.0,0.0,0.0,0.0,0.0,1.0,
4497,R,582.43,0.12999999999999545,phoneme,0.0,0.0,0.0,0.0,0.0,0.0,0.0,0.0,0.0,0.0,0.0,1.0,0.0,0.0,
4498,t,582.56,0.11000000000001364,phoneme,0.0,0.0,0.0,0.0,0.0,0.0,0.0,1.0,0.0,0.0,0.0,0.0,1.0,0.0,
4499,t,582.82,0.049999999999954525,phoneme,0.0,0.0,0.0,0.0,0.0,0.0,0.0,1.0,0.0,0.0,0.0,0.0,1.0,0.0,
4500,a~,582.87,0.11000000000001364,phoneme,1.0,0.0,0.0,0.0,0.0,0.0,1.0,0.0,0.0,1.0,0.0,0.0,0.0,1.0,
4501,t,582.98,0.07999999999992724,phoneme,0.0,0.0,0.0,0.0,0.0,0.0,0.0,1.0,0.0,0.0,0.0,0.0,1.0,0.0,
4502,o,583.06,0.10000000000002274,phoneme,0.0,0.0,1.0,0.0,0.0,0.0,1.0,0.0,0.0,0.0,0.0,0.0,0.0,1.0,
4503,v,583.16,0.030000000000086402,phoneme,0.0,0.0,0.0,0.0,0.0,0.0,0.0,0.0,1.0,0.0,0.0,0.0,1.0,1.0,
4504,E,583.19,0.07999999999992724,phoneme,0.0,0.0,1.0,0.0,0.0,0.0,1.0,0.0,0.0,0.0,0.0,0.0,0.0,1.0,
4505,R,583.27,0.029999999999972715,phoneme,0.0,0.0,0.0,0.0,0.0,0.0,0.0,0.0,0.0,0.0,0.0,1.0,0.0,0.0,
4506,l,583.3,0.030000000000086402,phoneme,0.0,0.0,0.0,0.0,0.0,0.0,0.0,0.0,0.0,0.0,1.0,0.0,0.0,0.0,
4507,a,583.33,0.07999999999992724,phoneme,1.0,0.0,0.0,0.0,0.0,0.0,1.0,0.0,0.0,0.0,0.0,0.0,0.0,1.0,
4508,d,583.41,0.030000000000086402,phoneme,0.0,0.0,0.0,0.0,0.0,0.0,0.0,1.0,0.0,0.0,0.0,0.0,1.0,1.0,
4509,R,583.44,0.029999999999972715,phoneme,0.0,0.0,0.0,0.0,0.0,0.0,0.0,0.0,0.0,0.0,0.0,1.0,0.0,0.0,
4510,w,583.47,0.11000000000001364,phoneme,0.0,0.0,0.0,1.0,0.0,1.0,0.0,0.0,0.0,0.0,1.0,0.0,0.0,0.0,
4511,a,583.58,0.12000000000000455,phoneme,1.0,0.0,0.0,0.0,0.0,0.0,1.0,0.0,0.0,0.0,0.0,0.0,0.0,1.0,
4512,t,583.7,0.12000000000000455,phoneme,0.0,0.0,0.0,0.0,0.0,0.0,0.0,1.0,0.0,0.0,0.0,0.0,1.0,0.0,
4513,t,583.98,0.049999999999954525,phoneme,0.0,0.0,0.0,0.0,0.0,0.0,0.0,1.0,0.0,0.0,0.0,0.0,1.0,0.0,
4514,a~,584.03,0.12000000000000455,phoneme,1.0,0.0,0.0,0.0,0.0,0.0,1.0,0.0,0.0,1.0,0.0,0.0,0.0,1.0,
4515,t,584.15,0.06000000000005912,phoneme,0.0,0.0,0.0,0.0,0.0,0.0,0.0,1.0,0.0,0.0,0.0,0.0,1.0,0.0,
4516,o,584.21,0.06999999999993634,phoneme,0.0,0.0,1.0,0.0,0.0,0.0,1.0,0.0,0.0,0.0,0.0,0.0,0.0,1.0,
4517,v,584.28,0.05000000000006821,phoneme,0.0,0.0,0.0,0.0,0.0,0.0,0.0,0.0,1.0,0.0,0.0,0.0,1.0,1.0,
4518,E,584.33,0.07999999999992724,phoneme,0.0,0.0,1.0,0.0,0.0,0.0,1.0,0.0,0.0,0.0,0.0,0.0,0.0,1.0,
4519,R,584.41,0.04000000000007731,phoneme,0.0,0.0,0.0,0.0,0.0,0.0,0.0,0.0,0.0,0.0,0.0,1.0,0.0,0.0,
4520,l,584.45,0.029999999999972715,phoneme,0.0,0.0,0.0,0.0,0.0,0.0,0.0,0.0,0.0,0.0,1.0,0.0,0.0,0.0,
4521,a,584.48,0.11000000000001364,phoneme,1.0,0.0,0.0,0.0,0.0,0.0,1.0,0.0,0.0,0.0,0.0,0.0,0.0,1.0,
4522,g,584.59,0.05999999999994543,phoneme,0.0,0.0,0.0,0.0,0.0,1.0,0.0,1.0,0.0,0.0,0.0,0.0,1.0,1.0,
4523,o,584.65,0.11000000000001364,phoneme,0.0,0.0,1.0,0.0,0.0,0.0,1.0,0.0,0.0,0.0,0.0,0.0,0.0,1.0,
4524,S,584.76,0.25,phoneme,0.0,0.0,0.0,0.0,0.0,0.0,0.0,0.0,1.0,0.0,0.0,0.0,1.0,0.0,
4525,e,585.99,0.05999999999994543,phoneme,0.0,0.0,1.0,0.0,0.0,0.0,1.0,0.0,0.0,0.0,0.0,0.0,0.0,1.0,
4526,e~,586.05,0.2599999999999909,phoneme,0.0,0.0,1.0,0.0,0.0,0.0,1.0,0.0,0.0,1.0,0.0,0.0,0.0,1.0,
4527,R,586.31,0.05000000000006821,phoneme,0.0,0.0,0.0,0.0,0.0,0.0,0.0,0.0,0.0,0.0,0.0,1.0,0.0,0.0,
4528,a,586.36,0.11000000000001364,phoneme,1.0,0.0,0.0,0.0,0.0,0.0,1.0,0.0,0.0,0.0,0.0,0.0,0.0,1.0,
4529,p,586.47,0.10000000000002274,phoneme,0.0,0.0,0.0,1.0,0.0,0.0,0.0,1.0,0.0,0.0,0.0,0.0,1.0,0.0,
4530,i,586.57,0.10999999999989996,phoneme,0.0,1.0,0.0,0.0,0.0,0.0,1.0,0.0,0.0,0.0,0.0,0.0,0.0,1.0,
4531,d,586.68,0.14000000000010004,phoneme,0.0,0.0,0.0,0.0,0.0,0.0,0.0,1.0,0.0,0.0,0.0,0.0,1.0,1.0,
4532,i,586.98,0.12999999999999545,phoneme,0.0,1.0,0.0,0.0,0.0,0.0,1.0,0.0,0.0,0.0,0.0,0.0,0.0,1.0,
4533,l,587.11,0.029999999999972715,phoneme,0.0,0.0,0.0,0.0,0.0,0.0,0.0,0.0,0.0,0.0,1.0,0.0,0.0,0.0,
4534,l,587.14,0.08000000000004093,phoneme,0.0,0.0,0.0,0.0,0.0,0.0,0.0,0.0,0.0,0.0,1.0,0.0,0.0,0.0,
4535,y,587.22,0.10000000000002274,phoneme,0.0,1.0,0.0,0.0,0.0,0.0,1.0,0.0,0.0,0.0,0.0,0.0,0.0,1.0,
4536,m,587.32,0.05999999999994543,phoneme,0.0,0.0,0.0,1.0,0.0,0.0,0.0,0.0,0.0,1.0,0.0,0.0,0.0,0.0,
4537,i,587.38,0.06000000000005912,phoneme,0.0,1.0,0.0,0.0,0.0,0.0,1.0,0.0,0.0,0.0,0.0,0.0,0.0,1.0,
4538,n,587.44,0.14999999999997726,phoneme,0.0,0.0,0.0,0.0,0.0,0.0,0.0,0.0,0.0,1.0,0.0,0.0,0.0,0.0,
4539,e,587.59,0.12999999999999545,phoneme,0.0,0.0,1.0,0.0,0.0,0.0,1.0,0.0,0.0,0.0,0.0,0.0,0.0,1.0,
4540,g,587.89,0.11000000000001364,phoneme,0.0,0.0,0.0,0.0,0.0,1.0,0.0,1.0,0.0,0.0,0.0,0.0,1.0,1.0,
4541,R,588.0,0.03999999999996362,phoneme,0.0,0.0,0.0,0.0,0.0,0.0,0.0,0.0,0.0,0.0,0.0,1.0,0.0,0.0,
4542,o~,588.04,0.18000000000006366,phoneme,0.0,0.0,1.0,0.0,0.0,0.0,1.0,0.0,0.0,1.0,0.0,0.0,0.0,1.0,
4543,d,588.22,0.05999999999994543,phoneme,0.0,0.0,0.0,0.0,0.0,0.0,0.0,1.0,0.0,0.0,0.0,0.0,1.0,1.0,
4544,a~,588.28,0.12999999999999545,phoneme,1.0,0.0,0.0,0.0,0.0,0.0,1.0,0.0,0.0,1.0,0.0,0.0,0.0,1.0,
4545,k,588.41,0.20000000000004547,phoneme,0.0,0.0,0.0,0.0,0.0,1.0,0.0,1.0,0.0,0.0,0.0,0.0,1.0,0.0,
4546,O,588.61,0.12000000000000455,phoneme,0.0,0.0,1.0,0.0,0.0,0.0,1.0,0.0,0.0,0.0,0.0,0.0,0.0,1.0,
4547,m,588.73,0.049999999999954525,phoneme,0.0,0.0,0.0,1.0,0.0,0.0,0.0,0.0,0.0,1.0,0.0,0.0,0.0,0.0,
4548,l,588.78,0.029999999999972715,phoneme,0.0,0.0,0.0,0.0,0.0,0.0,0.0,0.0,0.0,0.0,1.0,0.0,0.0,0.0,
4549,@,588.81,0.04000000000007731,phoneme,0.0,0.0,1.0,0.0,0.0,0.0,1.0,0.0,0.0,0.0,0.0,0.0,0.0,1.0,
4550,t,588.85,0.12000000000000455,phoneme,0.0,0.0,0.0,0.0,0.0,0.0,0.0,1.0,0.0,0.0,0.0,0.0,1.0,0.0,
4551,o,588.97,0.03999999999996362,phoneme,0.0,0.0,1.0,0.0,0.0,0.0,1.0,0.0,0.0,0.0,0.0,0.0,0.0,1.0,
4552,n,589.01,0.09000000000003183,phoneme,0.0,0.0,0.0,0.0,0.0,0.0,0.0,0.0,0.0,1.0,0.0,0.0,0.0,0.0,
4553,E,589.1,0.2099999999999227,phoneme,0.0,0.0,1.0,0.0,0.0,0.0,1.0,0.0,0.0,0.0,0.0,0.0,0.0,1.0,
4554,R,589.31,0.12000000000000455,phoneme,0.0,0.0,0.0,0.0,0.0,0.0,0.0,0.0,0.0,0.0,0.0,1.0,0.0,0.0,
4555,f,589.71,0.029999999999972715,phoneme,0.0,0.0,0.0,0.0,0.0,0.0,0.0,0.0,1.0,0.0,0.0,0.0,1.0,0.0,
4556,i,589.74,0.12000000000000455,phoneme,0.0,1.0,0.0,0.0,0.0,0.0,1.0,0.0,0.0,0.0,0.0,0.0,0.0,1.0,
4557,t,589.86,0.12999999999999545,phoneme,0.0,0.0,0.0,0.0,0.0,0.0,0.0,1.0,0.0,0.0,0.0,0.0,1.0,0.0,
4558,R,589.99,0.12999999999999545,phoneme,0.0,0.0,0.0,0.0,0.0,0.0,0.0,0.0,0.0,0.0,0.0,1.0,0.0,0.0,
4559,a~,590.12,0.22000000000002728,phoneme,1.0,0.0,0.0,0.0,0.0,0.0,1.0,0.0,0.0,1.0,0.0,0.0,0.0,1.0,
4560,b,590.34,0.03999999999996362,phoneme,0.0,0.0,0.0,1.0,0.0,0.0,0.0,1.0,0.0,0.0,0.0,0.0,1.0,1.0,
4561,l,590.38,0.03999999999996362,phoneme,0.0,0.0,0.0,0.0,0.0,0.0,0.0,0.0,0.0,0.0,1.0,0.0,0.0,0.0,
4562,e,590.42,0.10000000000002274,phoneme,0.0,0.0,1.0,0.0,0.0,0.0,1.0,0.0,0.0,0.0,0.0,0.0,0.0,1.0,
4563,l,590.52,0.03999999999996362,phoneme,0.0,0.0,0.0,0.0,0.0,0.0,0.0,0.0,0.0,0.0,1.0,0.0,0.0,0.0,
4564,a,590.56,0.05000000000006821,phoneme,1.0,0.0,0.0,0.0,0.0,0.0,1.0,0.0,0.0,0.0,0.0,0.0,0.0,1.0,
4565,k,590.61,0.13999999999998636,phoneme,0.0,0.0,0.0,0.0,0.0,1.0,0.0,1.0,0.0,0.0,0.0,0.0,1.0,0.0,
4566,a,590.75,0.049999999999954525,phoneme,1.0,0.0,0.0,0.0,0.0,0.0,1.0,0.0,0.0,0.0,0.0,0.0,0.0,1.0,
4567,b,590.8,0.06000000000005912,phoneme,0.0,0.0,0.0,1.0,0.0,0.0,0.0,1.0,0.0,0.0,0.0,0.0,1.0,1.0,
4568,i,590.86,0.08000000000004093,phoneme,0.0,1.0,0.0,0.0,0.0,0.0,1.0,0.0,0.0,0.0,0.0,0.0,0.0,1.0,
4569,n,590.94,0.05999999999994543,phoneme,0.0,0.0,0.0,0.0,0.0,0.0,0.0,0.0,0.0,1.0,0.0,0.0,0.0,0.0,
4570,@,591.0,0.03999999999996362,phoneme,0.0,0.0,1.0,0.0,0.0,0.0,1.0,0.0,0.0,0.0,0.0,0.0,0.0,1.0,
4571,d,591.04,0.10000000000002274,phoneme,0.0,0.0,0.0,0.0,0.0,0.0,0.0,1.0,0.0,0.0,0.0,0.0,1.0,1.0,
4572,E,591.14,0.029999999999972715,phoneme,0.0,0.0,1.0,0.0,0.0,0.0,1.0,0.0,0.0,0.0,0.0,0.0,0.0,1.0,
4573,g,591.17,0.06000000000005912,phoneme,0.0,0.0,0.0,0.0,0.0,1.0,0.0,1.0,0.0,0.0,0.0,0.0,1.0,1.0,
4574,y,591.23,0.07999999999992724,phoneme,0.0,1.0,0.0,0.0,0.0,0.0,1.0,0.0,0.0,0.0,0.0,0.0,0.0,1.0,
4575,i,591.31,0.04000000000007731,phoneme,0.0,1.0,0.0,0.0,0.0,0.0,1.0,0.0,0.0,0.0,0.0,0.0,0.0,1.0,
4576,j,591.35,0.25,phoneme,0.0,0.0,0.0,0.0,0.0,0.0,0.0,0.0,0.0,0.0,1.0,0.0,0.0,0.0,
4577,a,591.6,0.029999999999972715,phoneme,1.0,0.0,0.0,0.0,0.0,0.0,1.0,0.0,0.0,0.0,0.0,0.0,0.0,1.0,
4578,Z,591.63,0.19000000000005457,phoneme,0.0,0.0,0.0,0.0,0.0,0.0,0.0,0.0,1.0,0.0,0.0,0.0,1.0,1.0,
4579,i,592.96,0.049999999999954525,phoneme,0.0,1.0,0.0,0.0,0.0,0.0,1.0,0.0,0.0,0.0,0.0,0.0,0.0,1.0,
4580,s,593.01,0.13999999999998636,phoneme,0.0,0.0,0.0,0.0,0.0,0.0,0.0,0.0,1.0,0.0,0.0,0.0,1.0,0.0,
4581,o~,593.15,0.08000000000004093,phoneme,0.0,0.0,1.0,0.0,0.0,0.0,1.0,0.0,0.0,1.0,0.0,0.0,0.0,1.0,
4582,b,593.23,0.049999999999954525,phoneme,0.0,0.0,0.0,1.0,0.0,0.0,0.0,1.0,0.0,0.0,0.0,0.0,1.0,1.0,
4583,j,593.28,0.06000000000005912,phoneme,0.0,0.0,0.0,0.0,0.0,0.0,0.0,0.0,0.0,0.0,1.0,0.0,0.0,0.0,
4584,9~,593.34,0.06999999999993634,phoneme,0.0,0.0,1.0,0.0,0.0,0.0,1.0,0.0,0.0,1.0,0.0,0.0,0.0,1.0,
4585,p,593.41,0.030000000000086402,phoneme,0.0,0.0,0.0,1.0,0.0,0.0,0.0,1.0,0.0,0.0,0.0,0.0,1.0,0.0,
4586,R,593.44,0.06999999999993634,phoneme,0.0,0.0,0.0,0.0,0.0,0.0,0.0,0.0,0.0,0.0,0.0,1.0,0.0,0.0,
4587,E,593.51,0.07000000000005002,phoneme,0.0,0.0,1.0,0.0,0.0,0.0,1.0,0.0,0.0,0.0,0.0,0.0,0.0,1.0,
4588,s,593.58,0.16999999999995907,phoneme,0.0,0.0,0.0,0.0,0.0,0.0,0.0,0.0,1.0,0.0,0.0,0.0,1.0,0.0,
4589,E,593.75,0.07000000000005002,phoneme,0.0,0.0,1.0,0.0,0.0,0.0,1.0,0.0,0.0,0.0,0.0,0.0,0.0,1.0,
4590,d,594.26,0.07000000000005002,phoneme,0.0,0.0,0.0,0.0,0.0,0.0,0.0,1.0,0.0,0.0,0.0,0.0,1.0,1.0,
4591,i,594.33,0.03999999999996362,phoneme,0.0,1.0,0.0,0.0,0.0,0.0,1.0,0.0,0.0,0.0,0.0,0.0,0.0,1.0,
4592,l,594.37,0.049999999999954525,phoneme,0.0,0.0,0.0,0.0,0.0,0.0,0.0,0.0,0.0,0.0,1.0,0.0,0.0,0.0,
4593,@,594.42,0.09000000000003183,phoneme,0.0,0.0,1.0,0.0,0.0,0.0,1.0,0.0,0.0,0.0,0.0,0.0,0.0,1.0,
4594,p,594.51,0.06000000000005912,phoneme,0.0,0.0,0.0,1.0,0.0,0.0,0.0,1.0,0.0,0.0,0.0,0.0,1.0,0.0,
4595,@,594.57,0.06999999999993634,phoneme,0.0,0.0,1.0,0.0,0.0,0.0,1.0,0.0,0.0,0.0,0.0,0.0,0.0,1.0,
4596,t,594.64,0.09000000000003183,phoneme,0.0,0.0,0.0,0.0,0.0,0.0,0.0,1.0,0.0,0.0,0.0,0.0,1.0,0.0,
4597,i,594.73,0.06999999999993634,phoneme,0.0,1.0,0.0,0.0,0.0,0.0,1.0,0.0,0.0,0.0,0.0,0.0,0.0,1.0,
4598,p,594.8,0.030000000000086402,phoneme,0.0,0.0,0.0,1.0,0.0,0.0,0.0,1.0,0.0,0.0,0.0,0.0,1.0,0.0,
4599,R,594.83,0.09999999999990905,phoneme,0.0,0.0,0.0,0.0,0.0,0.0,0.0,0.0,0.0,0.0,0.0,1.0,0.0,0.0,
4600,e~,594.93,0.14000000000010004,phoneme,0.0,0.0,1.0,0.0,0.0,0.0,1.0,0.0,0.0,1.0,0.0,0.0,0.0,1.0,
4601,s,595.07,0.2399999999998954,phoneme,0.0,0.0,0.0,0.0,0.0,0.0,0.0,0.0,1.0,0.0,0.0,0.0,1.0,0.0,
4602,k,595.73,0.06999999999993634,phoneme,0.0,0.0,0.0,0.0,0.0,1.0,0.0,1.0,0.0,0.0,0.0,0.0,1.0,0.0,
4603,@,595.8,0.06000000000005912,phoneme,0.0,0.0,1.0,0.0,0.0,0.0,1.0,0.0,0.0,0.0,0.0,0.0,0.0,1.0,
4604,S,595.86,0.13999999999998636,phoneme,0.0,0.0,0.0,0.0,0.0,0.0,0.0,0.0,1.0,0.0,0.0,0.0,1.0,0.0,
4605,E,596.0,0.029999999999972715,phoneme,0.0,0.0,1.0,0.0,0.0,0.0,1.0,0.0,0.0,0.0,0.0,0.0,0.0,1.0,
4606,R,596.03,0.029999999999972715,phoneme,0.0,0.0,0.0,0.0,0.0,0.0,0.0,0.0,0.0,0.0,0.0,1.0,0.0,0.0,
4607,S,596.06,0.14000000000010004,phoneme,0.0,0.0,0.0,0.0,0.0,0.0,0.0,0.0,1.0,0.0,0.0,0.0,1.0,0.0,
4608,i,596.2,0.30999999999994543,phoneme,0.0,1.0,0.0,0.0,0.0,0.0,1.0,0.0,0.0,0.0,0.0,0.0,0.0,1.0,
4609,l,596.51,0.09000000000003183,phoneme,0.0,0.0,0.0,0.0,0.0,0.0,0.0,0.0,0.0,0.0,1.0,0.0,0.0,0.0,
4610,l,597.5,0.15999999999996817,phoneme,0.0,0.0,0.0,0.0,0.0,0.0,0.0,0.0,0.0,0.0,1.0,0.0,0.0,0.0,
4611,O,597.66,0.10000000000002274,phoneme,0.0,0.0,1.0,0.0,0.0,0.0,1.0,0.0,0.0,0.0,0.0,0.0,0.0,1.0,
4612,m,597.76,0.049999999999954525,phoneme,0.0,0.0,0.0,1.0,0.0,0.0,0.0,0.0,0.0,1.0,0.0,0.0,0.0,0.0,
4613,d,597.81,0.14000000000010004,phoneme,0.0,0.0,0.0,0.0,0.0,0.0,0.0,1.0,0.0,0.0,0.0,0.0,1.0,1.0,
4614,@,597.95,0.03999999999996362,phoneme,0.0,0.0,1.0,0.0,0.0,0.0,1.0,0.0,0.0,0.0,0.0,0.0,0.0,1.0,
4615,l,597.99,0.049999999999954525,phoneme,0.0,0.0,0.0,0.0,0.0,0.0,0.0,0.0,0.0,0.0,1.0,0.0,0.0,0.0,
4616,a,598.04,0.09000000000003183,phoneme,1.0,0.0,0.0,0.0,0.0,0.0,1.0,0.0,0.0,0.0,0.0,0.0,0.0,1.0,
4617,l,598.13,0.03999999999996362,phoneme,0.0,0.0,0.0,0.0,0.0,0.0,0.0,0.0,0.0,0.0,1.0,0.0,0.0,0.0,
4618,o,598.17,0.08000000000004093,phoneme,0.0,0.0,1.0,0.0,0.0,0.0,1.0,0.0,0.0,0.0,0.0,0.0,0.0,1.0,
4619,k,598.25,0.08000000000004093,phoneme,0.0,0.0,0.0,0.0,0.0,1.0,0.0,1.0,0.0,0.0,0.0,0.0,1.0,0.0,
4620,o,598.33,0.03999999999996362,phoneme,0.0,0.0,1.0,0.0,0.0,0.0,1.0,0.0,0.0,0.0,0.0,0.0,0.0,1.0,
4621,m,598.37,0.05999999999994543,phoneme,0.0,0.0,0.0,1.0,0.0,0.0,0.0,0.0,0.0,1.0,0.0,0.0,0.0,0.0,
4622,o,598.43,0.08000000000004093,phoneme,0.0,0.0,1.0,0.0,0.0,0.0,1.0,0.0,0.0,0.0,0.0,0.0,0.0,1.0,
4623,t,598.51,0.09000000000003183,phoneme,0.0,0.0,0.0,0.0,0.0,0.0,0.0,1.0,0.0,0.0,0.0,0.0,1.0,0.0,
4624,i,598.6,0.16999999999995907,phoneme,0.0,1.0,0.0,0.0,0.0,0.0,1.0,0.0,0.0,0.0,0.0,0.0,0.0,1.0,
4625,v,598.77,0.09000000000003183,phoneme,0.0,0.0,0.0,0.0,0.0,0.0,0.0,0.0,1.0,0.0,0.0,0.0,1.0,1.0,
4626,l,598.86,0.03999999999996362,phoneme,0.0,0.0,0.0,0.0,0.0,0.0,0.0,0.0,0.0,0.0,1.0,0.0,0.0,0.0,
4627,i,598.98,0.06999999999993634,phoneme,0.0,1.0,0.0,0.0,0.0,0.0,1.0,0.0,0.0,0.0,0.0,0.0,0.0,1.0,
4628,J,599.05,0.14000000000010004,phoneme,0.0,0.0,0.0,0.0,0.0,0.0,0.0,0.0,0.0,1.0,0.0,0.0,0.0,0.0,
4629,O,599.19,0.12999999999999545,phoneme,0.0,0.0,1.0,0.0,0.0,0.0,1.0,0.0,0.0,0.0,0.0,0.0,0.0,1.0,
4630,l,599.32,0.08999999999991815,phoneme,0.0,0.0,0.0,0.0,0.0,0.0,0.0,0.0,0.0,0.0,1.0,0.0,0.0,0.0,
4631,H,599.41,0.030000000000086402,phoneme,0.0,0.0,0.0,1.0,0.0,0.0,0.0,0.0,0.0,0.0,1.0,0.0,0.0,0.0,
4632,i,599.44,0.08999999999991815,phoneme,0.0,1.0,0.0,0.0,0.0,0.0,1.0,0.0,0.0,0.0,0.0,0.0,0.0,1.0,
4633,m,599.53,0.07000000000005002,phoneme,0.0,0.0,0.0,1.0,0.0,0.0,0.0,0.0,0.0,1.0,0.0,0.0,0.0,0.0,
4634,E,599.6,0.17999999999994998,phoneme,0.0,0.0,1.0,0.0,0.0,0.0,1.0,0.0,0.0,0.0,0.0,0.0,0.0,1.0,
4635,m,599.78,0.12999999999999545,phoneme,0.0,0.0,0.0,1.0,0.0,0.0,0.0,0.0,0.0,1.0,0.0,0.0,0.0,0.0,
4636,@,599.91,0.07000000000005002,phoneme,0.0,0.0,1.0,0.0,0.0,0.0,1.0,0.0,0.0,0.0,0.0,0.0,0.0,1.0,
4637,d,600.35,0.09000000000003183,phoneme,0.0,0.0,0.0,0.0,0.0,0.0,0.0,1.0,0.0,0.0,0.0,0.0,1.0,1.0,
4638,i,600.44,0.11999999999989086,phoneme,0.0,1.0,0.0,0.0,0.0,0.0,1.0,0.0,0.0,0.0,0.0,0.0,0.0,1.0,
4639,l,600.56,0.05000000000006821,phoneme,0.0,0.0,0.0,0.0,0.0,0.0,0.0,0.0,0.0,0.0,1.0,0.0,0.0,0.0,
4640,E,600.61,0.03999999999996362,phoneme,0.0,0.0,1.0,0.0,0.0,0.0,1.0,0.0,0.0,0.0,0.0,0.0,0.0,1.0,
4641,g,600.65,0.07000000000005002,phoneme,0.0,0.0,0.0,0.0,0.0,1.0,0.0,1.0,0.0,0.0,0.0,0.0,1.0,1.0,
4642,H,600.72,0.049999999999954525,phoneme,0.0,0.0,0.0,1.0,0.0,0.0,0.0,0.0,0.0,0.0,1.0,0.0,0.0,0.0,
4643,i,600.77,0.06000000000005912,phoneme,0.0,1.0,0.0,0.0,0.0,0.0,1.0,0.0,0.0,0.0,0.0,0.0,0.0,1.0,
4644,j,600.83,0.11000000000001364,phoneme,0.0,0.0,0.0,0.0,0.0,0.0,0.0,0.0,0.0,0.0,1.0,0.0,0.0,0.0,
4645,9,600.94,0.16999999999995907,phoneme,0.0,0.0,1.0,0.0,0.0,0.0,1.0,0.0,0.0,0.0,0.0,0.0,0.0,1.0,
4646,R,601.11,0.13999999999998636,phoneme,0.0,0.0,0.0,0.0,0.0,0.0,0.0,0.0,0.0,0.0,0.0,1.0,0.0,0.0,
4647,e,601.99,0.10000000000002274,phoneme,0.0,0.0,1.0,0.0,0.0,0.0,1.0,0.0,0.0,0.0,0.0,0.0,0.0,1.0,
4648,g,602.09,0.07999999999992724,phoneme,0.0,0.0,0.0,0.0,0.0,1.0,0.0,1.0,0.0,0.0,0.0,0.0,1.0,1.0,
4649,R,602.17,0.09000000000003183,phoneme,0.0,0.0,0.0,0.0,0.0,0.0,0.0,0.0,0.0,0.0,0.0,1.0,0.0,0.0,
4650,o~,602.26,0.14999999999997726,phoneme,0.0,0.0,1.0,0.0,0.0,0.0,1.0,0.0,0.0,1.0,0.0,0.0,0.0,1.0,
4651,d,602.41,0.08000000000004093,phoneme,0.0,0.0,0.0,0.0,0.0,0.0,0.0,1.0,0.0,0.0,0.0,0.0,1.0,1.0,
4652,a,602.49,0.16999999999995907,phoneme,1.0,0.0,0.0,0.0,0.0,0.0,1.0,0.0,0.0,0.0,0.0,0.0,0.0,1.0,
4653,a~,602.76,0.12999999999999545,phoneme,1.0,0.0,0.0,0.0,0.0,0.0,1.0,0.0,0.0,1.0,0.0,0.0,0.0,1.0,
4654,s,602.89,0.15999999999996817,phoneme,0.0,0.0,0.0,0.0,0.0,0.0,0.0,0.0,1.0,0.0,0.0,0.0,1.0,0.0,
4655,a~,603.05,0.10000000000002274,phoneme,1.0,0.0,0.0,0.0,0.0,0.0,1.0,0.0,0.0,1.0,0.0,0.0,0.0,1.0,
4656,s,603.15,0.13999999999998636,phoneme,0.0,0.0,0.0,0.0,0.0,0.0,0.0,0.0,1.0,0.0,0.0,0.0,1.0,0.0,
4657,e~,603.29,0.07000000000005002,phoneme,0.0,0.0,1.0,0.0,0.0,0.0,1.0,0.0,0.0,1.0,0.0,0.0,0.0,1.0,
4658,v,603.36,0.029999999999972715,phoneme,0.0,0.0,0.0,0.0,0.0,0.0,0.0,0.0,1.0,0.0,0.0,0.0,1.0,1.0,
4659,E,603.39,0.12000000000000455,phoneme,0.0,0.0,1.0,0.0,0.0,0.0,1.0,0.0,0.0,0.0,0.0,0.0,0.0,1.0,
4660,R,603.51,0.08000000000004093,phoneme,0.0,0.0,0.0,0.0,0.0,0.0,0.0,0.0,0.0,0.0,0.0,1.0,0.0,0.0,
4661,s,603.59,0.15999999999996817,phoneme,0.0,0.0,0.0,0.0,0.0,0.0,0.0,0.0,1.0,0.0,0.0,0.0,1.0,0.0,
4662,e~,603.85,0.12999999999999545,phoneme,0.0,0.0,1.0,0.0,0.0,0.0,1.0,0.0,0.0,1.0,0.0,0.0,0.0,1.0,
4663,s,603.98,0.25,phoneme,0.0,0.0,0.0,0.0,0.0,0.0,0.0,0.0,1.0,0.0,0.0,0.0,1.0,0.0,
4664,@,604.23,0.09000000000003183,phoneme,0.0,0.0,1.0,0.0,0.0,0.0,1.0,0.0,0.0,0.0,0.0,0.0,0.0,1.0,
4665,g,604.32,0.05999999999994543,phoneme,0.0,0.0,0.0,0.0,0.0,1.0,0.0,1.0,0.0,0.0,0.0,0.0,1.0,1.0,
4666,o~,604.38,0.15999999999996817,phoneme,0.0,0.0,1.0,0.0,0.0,0.0,1.0,0.0,0.0,1.0,0.0,0.0,0.0,1.0,
4667,t,604.54,0.030000000000086402,phoneme,0.0,0.0,0.0,0.0,0.0,0.0,0.0,1.0,0.0,0.0,0.0,0.0,1.0,0.0,
4668,R,604.57,0.03999999999996362,phoneme,0.0,0.0,0.0,0.0,0.0,0.0,0.0,0.0,0.0,0.0,0.0,1.0,0.0,0.0,
4669,a,604.61,0.11000000000001364,phoneme,1.0,0.0,0.0,0.0,0.0,0.0,1.0,0.0,0.0,0.0,0.0,0.0,0.0,1.0,
4670,p,604.72,0.08999999999991815,phoneme,0.0,0.0,0.0,1.0,0.0,0.0,0.0,1.0,0.0,0.0,0.0,0.0,1.0,0.0,
4671,i,604.81,0.15000000000009095,phoneme,0.0,1.0,0.0,0.0,0.0,0.0,1.0,0.0,0.0,0.0,0.0,0.0,0.0,1.0,
4672,d,604.96,0.07999999999992724,phoneme,0.0,0.0,0.0,0.0,0.0,0.0,0.0,1.0,0.0,0.0,0.0,0.0,1.0,1.0,
4673,i,605.18,0.11000000000001364,phoneme,0.0,1.0,0.0,0.0,0.0,0.0,1.0,0.0,0.0,0.0,0.0,0.0,0.0,1.0,
4674,l,605.29,0.08000000000004093,phoneme,0.0,0.0,0.0,0.0,0.0,0.0,0.0,0.0,0.0,0.0,1.0,0.0,0.0,0.0,
4675,l,605.37,0.049999999999954525,phoneme,0.0,0.0,0.0,0.0,0.0,0.0,0.0,0.0,0.0,0.0,1.0,0.0,0.0,0.0,
4676,y,605.42,0.06000000000005912,phoneme,0.0,1.0,0.0,0.0,0.0,0.0,1.0,0.0,0.0,0.0,0.0,0.0,0.0,1.0,
4677,m,605.48,0.06999999999993634,phoneme,0.0,0.0,0.0,1.0,0.0,0.0,0.0,0.0,0.0,1.0,0.0,0.0,0.0,0.0,
4678,i,605.55,0.08000000000004093,phoneme,0.0,1.0,0.0,0.0,0.0,0.0,1.0,0.0,0.0,0.0,0.0,0.0,0.0,1.0,
4679,n,605.63,0.10000000000002274,phoneme,0.0,0.0,0.0,0.0,0.0,0.0,0.0,0.0,0.0,1.0,0.0,0.0,0.0,0.0,
4680,e,605.73,0.17999999999994998,phoneme,0.0,0.0,1.0,0.0,0.0,0.0,1.0,0.0,0.0,0.0,0.0,0.0,0.0,1.0,
4681,i,606.79,0.12999999999999545,phoneme,0.0,1.0,0.0,0.0,0.0,0.0,1.0,0.0,0.0,0.0,0.0,0.0,0.0,1.0,
4682,l,606.92,0.05000000000006821,phoneme,0.0,0.0,0.0,0.0,0.0,0.0,0.0,0.0,0.0,0.0,1.0,0.0,0.0,0.0,
4683,R,606.97,0.049999999999954525,phoneme,0.0,0.0,0.0,0.0,0.0,0.0,0.0,0.0,0.0,0.0,0.0,1.0,0.0,0.0,
4684,@,607.02,0.07000000000005002,phoneme,0.0,0.0,1.0,0.0,0.0,0.0,1.0,0.0,0.0,0.0,0.0,0.0,0.0,1.0,
4685,v,607.09,0.029999999999972715,phoneme,0.0,0.0,0.0,0.0,0.0,0.0,0.0,0.0,1.0,0.0,0.0,0.0,1.0,1.0,
4686,j,607.12,0.09000000000003183,phoneme,0.0,0.0,0.0,0.0,0.0,0.0,0.0,0.0,0.0,0.0,1.0,0.0,0.0,0.0,
4687,E,607.21,0.029999999999972715,phoneme,0.0,0.0,1.0,0.0,0.0,0.0,1.0,0.0,0.0,0.0,0.0,0.0,0.0,1.0,
4688,n,607.24,0.05999999999994543,phoneme,0.0,0.0,0.0,0.0,0.0,0.0,0.0,0.0,0.0,1.0,0.0,0.0,0.0,0.0,
4689,d,607.3,0.08000000000004093,phoneme,0.0,0.0,0.0,0.0,0.0,0.0,0.0,1.0,0.0,0.0,0.0,0.0,1.0,1.0,
4690,e,607.38,0.07000000000005002,phoneme,0.0,0.0,1.0,0.0,0.0,0.0,1.0,0.0,0.0,0.0,0.0,0.0,0.0,1.0,
4691,Z,607.45,0.13999999999998636,phoneme,0.0,0.0,0.0,0.0,0.0,0.0,0.0,0.0,1.0,0.0,0.0,0.0,1.0,1.0,
4692,a,607.59,0.07999999999992724,phoneme,1.0,0.0,0.0,0.0,0.0,0.0,1.0,0.0,0.0,0.0,0.0,0.0,0.0,1.0,
4693,d,608.17,0.06000000000005912,phoneme,0.0,0.0,0.0,0.0,0.0,0.0,0.0,1.0,0.0,0.0,0.0,0.0,1.0,1.0,
4694,@,608.23,0.049999999999954525,phoneme,0.0,0.0,1.0,0.0,0.0,0.0,1.0,0.0,0.0,0.0,0.0,0.0,0.0,1.0,
4695,m,608.28,0.07000000000005002,phoneme,0.0,0.0,0.0,1.0,0.0,0.0,0.0,0.0,0.0,1.0,0.0,0.0,0.0,0.0,
4696,a~,608.35,0.05999999999994543,phoneme,1.0,0.0,0.0,0.0,0.0,0.0,1.0,0.0,0.0,1.0,0.0,0.0,0.0,1.0,
4697,d,608.41,0.06000000000005912,phoneme,0.0,0.0,0.0,0.0,0.0,0.0,0.0,1.0,0.0,0.0,0.0,0.0,1.0,1.0,
4698,a,608.47,0.06999999999993634,phoneme,1.0,0.0,0.0,0.0,0.0,0.0,1.0,0.0,0.0,0.0,0.0,0.0,0.0,1.0,
4699,l,608.54,0.04000000000007731,phoneme,0.0,0.0,0.0,0.0,0.0,0.0,0.0,0.0,0.0,0.0,1.0,0.0,0.0,0.0,
4700,@,608.58,0.09999999999990905,phoneme,0.0,0.0,1.0,0.0,0.0,0.0,1.0,0.0,0.0,0.0,0.0,0.0,0.0,1.0,
4701,p,608.68,0.07000000000005002,phoneme,0.0,0.0,0.0,1.0,0.0,0.0,0.0,1.0,0.0,0.0,0.0,0.0,1.0,0.0,
4702,@,608.75,0.029999999999972715,phoneme,0.0,0.0,1.0,0.0,0.0,0.0,1.0,0.0,0.0,0.0,0.0,0.0,0.0,1.0,
4703,t,608.78,0.07000000000005002,phoneme,0.0,0.0,0.0,0.0,0.0,0.0,0.0,1.0,0.0,0.0,0.0,0.0,1.0,0.0,
4704,i,608.85,0.10000000000002274,phoneme,0.0,1.0,0.0,0.0,0.0,0.0,1.0,0.0,0.0,0.0,0.0,0.0,0.0,1.0,
4705,p,608.95,0.029999999999972715,phoneme,0.0,0.0,0.0,1.0,0.0,0.0,0.0,1.0,0.0,0.0,0.0,0.0,1.0,0.0,
4706,R,608.98,0.11000000000001364,phoneme,0.0,0.0,0.0,0.0,0.0,0.0,0.0,0.0,0.0,0.0,0.0,1.0,0.0,0.0,
4707,e~,609.09,0.16999999999995907,phoneme,0.0,0.0,1.0,0.0,0.0,0.0,1.0,0.0,0.0,1.0,0.0,0.0,0.0,1.0,
4708,s,609.26,0.2300000000000182,phoneme,0.0,0.0,0.0,0.0,0.0,0.0,0.0,0.0,1.0,0.0,0.0,0.0,1.0,0.0,
4709,s,610.09,0.14999999999997726,phoneme,0.0,0.0,0.0,0.0,0.0,0.0,0.0,0.0,1.0,0.0,0.0,0.0,1.0,0.0,
4710,@,610.24,0.03999999999996362,phoneme,0.0,0.0,1.0,0.0,0.0,0.0,1.0,0.0,0.0,0.0,0.0,0.0,0.0,1.0,
4711,n,610.28,0.06000000000005912,phoneme,0.0,0.0,0.0,0.0,0.0,0.0,0.0,0.0,0.0,1.0,0.0,0.0,0.0,0.0,
4712,@,610.34,0.07999999999992724,phoneme,0.0,0.0,1.0,0.0,0.0,0.0,1.0,0.0,0.0,0.0,0.0,0.0,0.0,1.0,
4713,s,610.42,0.07000000000005002,phoneme,0.0,0.0,0.0,0.0,0.0,0.0,0.0,0.0,1.0,0.0,0.0,0.0,1.0,0.0,
4714,o~,610.49,0.09000000000003183,phoneme,0.0,0.0,1.0,0.0,0.0,0.0,1.0,0.0,0.0,1.0,0.0,0.0,0.0,1.0,
4715,p,610.58,0.06999999999993634,phoneme,0.0,0.0,0.0,1.0,0.0,0.0,0.0,1.0,0.0,0.0,0.0,0.0,1.0,0.0,
4716,a,610.65,0.07000000000005002,phoneme,1.0,0.0,0.0,0.0,0.0,0.0,1.0,0.0,0.0,0.0,0.0,0.0,0.0,1.0,
4717,l,610.72,0.049999999999954525,phoneme,0.0,0.0,0.0,0.0,0.0,0.0,0.0,0.0,0.0,0.0,1.0,0.0,0.0,0.0,
4718,e,610.77,0.11000000000001364,phoneme,0.0,0.0,1.0,0.0,0.0,0.0,1.0,0.0,0.0,0.0,0.0,0.0,0.0,1.0,
4719,m,610.88,0.049999999999954525,phoneme,0.0,0.0,0.0,1.0,0.0,0.0,0.0,0.0,0.0,1.0,0.0,0.0,0.0,0.0,
4720,E,610.93,0.22000000000002728,phoneme,0.0,0.0,1.0,0.0,0.0,0.0,1.0,0.0,0.0,0.0,0.0,0.0,0.0,1.0,
4721,m,611.15,0.06000000000005912,phoneme,0.0,0.0,0.0,1.0,0.0,0.0,0.0,0.0,0.0,1.0,0.0,0.0,0.0,0.0,
4722,@,611.21,0.06999999999993634,phoneme,0.0,0.0,1.0,0.0,0.0,0.0,1.0,0.0,0.0,0.0,0.0,0.0,0.0,1.0,
4723,d,611.62,0.12000000000000455,phoneme,0.0,0.0,0.0,0.0,0.0,0.0,0.0,1.0,0.0,0.0,0.0,0.0,1.0,1.0,
4724,i,611.74,0.05999999999994543,phoneme,0.0,1.0,0.0,0.0,0.0,0.0,1.0,0.0,0.0,0.0,0.0,0.0,0.0,1.0,
4725,l,611.8,0.04000000000007731,phoneme,0.0,0.0,0.0,0.0,0.0,0.0,0.0,0.0,0.0,0.0,1.0,0.0,0.0,0.0,
4726,E,611.84,0.07999999999992724,phoneme,0.0,0.0,1.0,0.0,0.0,0.0,1.0,0.0,0.0,0.0,0.0,0.0,0.0,1.0,
4727,g,611.92,0.06000000000005912,phoneme,0.0,0.0,0.0,0.0,0.0,1.0,0.0,1.0,0.0,0.0,0.0,0.0,1.0,1.0,
4728,H,611.98,0.029999999999972715,phoneme,0.0,0.0,0.0,1.0,0.0,0.0,0.0,0.0,0.0,0.0,1.0,0.0,0.0,0.0,
4729,i,612.01,0.10000000000002274,phoneme,0.0,1.0,0.0,0.0,0.0,0.0,1.0,0.0,0.0,0.0,0.0,0.0,0.0,1.0,
4730,j,612.11,0.06999999999993634,phoneme,0.0,0.0,0.0,0.0,0.0,0.0,0.0,0.0,0.0,0.0,1.0,0.0,0.0,0.0,
4731,9,612.18,0.20000000000004547,phoneme,0.0,0.0,1.0,0.0,0.0,0.0,1.0,0.0,0.0,0.0,0.0,0.0,0.0,1.0,
4732,R,612.38,0.15999999999996817,phoneme,0.0,0.0,0.0,0.0,0.0,0.0,0.0,0.0,0.0,0.0,0.0,1.0,0.0,0.0,
4733,s,612.86,0.11000000000001364,phoneme,0.0,0.0,0.0,0.0,0.0,0.0,0.0,0.0,1.0,0.0,0.0,0.0,1.0,0.0,
4734,e,612.97,0.05999999999994543,phoneme,0.0,0.0,1.0,0.0,0.0,0.0,1.0,0.0,0.0,0.0,0.0,0.0,0.0,1.0,
4735,t,613.03,0.07000000000005002,phoneme,0.0,0.0,0.0,0.0,0.0,0.0,0.0,1.0,0.0,0.0,0.0,0.0,1.0,0.0,
4736,9~,613.1,0.09000000000003183,phoneme,0.0,0.0,1.0,0.0,0.0,0.0,1.0,0.0,0.0,1.0,0.0,0.0,0.0,1.0,
4737,n,613.19,0.07999999999992724,phoneme,0.0,0.0,0.0,0.0,0.0,0.0,0.0,0.0,0.0,1.0,0.0,0.0,0.0,0.0,
4738,e,613.27,0.029999999999972715,phoneme,0.0,0.0,1.0,0.0,0.0,0.0,1.0,0.0,0.0,0.0,0.0,0.0,0.0,1.0,
4739,S,613.3,0.15000000000009095,phoneme,0.0,0.0,0.0,0.0,0.0,0.0,0.0,0.0,1.0,0.0,0.0,0.0,1.0,0.0,
4740,a~,613.45,0.17999999999994998,phoneme,1.0,0.0,0.0,0.0,0.0,0.0,1.0,0.0,0.0,1.0,0.0,0.0,0.0,1.0,
4741,Z,613.63,0.22000000000002728,phoneme,0.0,0.0,0.0,0.0,0.0,0.0,0.0,0.0,1.0,0.0,0.0,0.0,1.0,1.0,
4742,i,615.05,0.10000000000002274,phoneme,0.0,1.0,0.0,0.0,0.0,0.0,1.0,0.0,0.0,0.0,0.0,0.0,0.0,1.0,
4743,n,615.15,0.09000000000003183,phoneme,0.0,0.0,0.0,0.0,0.0,0.0,0.0,0.0,0.0,1.0,0.0,0.0,0.0,0.0,
4744,e,615.24,0.049999999999954525,phoneme,0.0,0.0,1.0,0.0,0.0,0.0,1.0,0.0,0.0,0.0,0.0,0.0,0.0,1.0,
4745,t,615.29,0.08000000000004093,phoneme,0.0,0.0,0.0,0.0,0.0,0.0,0.0,1.0,0.0,0.0,0.0,0.0,1.0,0.0,
4746,E,615.37,0.049999999999954525,phoneme,0.0,0.0,1.0,0.0,0.0,0.0,1.0,0.0,0.0,0.0,0.0,0.0,0.0,1.0,
4747,p,615.42,0.06000000000005912,phoneme,0.0,0.0,0.0,1.0,0.0,0.0,0.0,1.0,0.0,0.0,0.0,0.0,1.0,0.0,
4748,a,615.48,0.05999999999994543,phoneme,1.0,0.0,0.0,0.0,0.0,0.0,1.0,0.0,0.0,0.0,0.0,0.0,0.0,1.0,
4749,k,615.54,0.12999999999999545,phoneme,0.0,0.0,0.0,0.0,0.0,1.0,0.0,1.0,0.0,0.0,0.0,0.0,1.0,0.0,
4750,o~,615.67,0.04000000000007731,phoneme,0.0,0.0,1.0,0.0,0.0,0.0,1.0,0.0,0.0,1.0,0.0,0.0,0.0,1.0,
4751,t,615.71,0.12000000000000455,phoneme,0.0,0.0,0.0,0.0,0.0,0.0,0.0,1.0,0.0,0.0,0.0,0.0,1.0,0.0,
4752,a~,615.83,0.16999999999995907,phoneme,1.0,0.0,0.0,0.0,0.0,0.0,1.0,0.0,0.0,1.0,0.0,0.0,0.0,1.0,
4753,l,616.0,0.11000000000001364,phoneme,0.0,0.0,0.0,0.0,0.0,0.0,0.0,0.0,0.0,0.0,1.0,0.0,0.0,0.0,
4754,a,616.11,0.049999999999954525,phoneme,1.0,0.0,0.0,0.0,0.0,0.0,1.0,0.0,0.0,0.0,0.0,0.0,0.0,1.0,
4755,u,616.16,0.09000000000003183,phoneme,0.0,1.0,0.0,0.0,0.0,0.0,1.0,0.0,0.0,0.0,0.0,0.0,0.0,1.0,
4756,i,616.25,0.16999999999995907,phoneme,0.0,1.0,0.0,0.0,0.0,0.0,1.0,0.0,0.0,0.0,0.0,0.0,0.0,1.0,
4757,e,616.42,0.11000000000001364,phoneme,0.0,0.0,1.0,0.0,0.0,0.0,1.0,0.0,0.0,0.0,0.0,0.0,0.0,1.0,
4758,t,616.53,0.10000000000002274,phoneme,0.0,0.0,0.0,0.0,0.0,0.0,0.0,1.0,0.0,0.0,0.0,0.0,1.0,0.0,
4759,E,616.63,0.07000000000005002,phoneme,0.0,0.0,1.0,0.0,0.0,0.0,1.0,0.0,0.0,0.0,0.0,0.0,0.0,1.0,
4760,o~,617.66,0.14999999999997726,phoneme,0.0,0.0,1.0,0.0,0.0,0.0,1.0,0.0,0.0,1.0,0.0,0.0,0.0,1.0,
4761,n,617.81,0.030000000000086402,phoneme,0.0,0.0,0.0,0.0,0.0,0.0,0.0,0.0,0.0,1.0,0.0,0.0,0.0,0.0,
4762,E,617.84,0.12000000000000455,phoneme,0.0,0.0,1.0,0.0,0.0,0.0,1.0,0.0,0.0,0.0,0.0,0.0,0.0,1.0,
4763,s,617.96,0.029999999999972715,phoneme,0.0,0.0,0.0,0.0,0.0,0.0,0.0,0.0,1.0,0.0,0.0,0.0,1.0,0.0,
4764,t,617.99,0.029999999999972715,phoneme,0.0,0.0,0.0,0.0,0.0,0.0,0.0,1.0,0.0,0.0,0.0,0.0,1.0,0.0,
4765,Z,618.02,0.08000000000004093,phoneme,0.0,0.0,0.0,0.0,0.0,0.0,0.0,0.0,1.0,0.0,0.0,0.0,1.0,1.0,
4766,a,618.1,0.10000000000002274,phoneme,1.0,0.0,0.0,0.0,0.0,0.0,1.0,0.0,0.0,0.0,0.0,0.0,0.0,1.0,
4767,m,618.2,0.06999999999993634,phoneme,0.0,0.0,0.0,1.0,0.0,0.0,0.0,0.0,0.0,1.0,0.0,0.0,0.0,0.0,
4768,E,618.27,0.09000000000003183,phoneme,0.0,0.0,1.0,0.0,0.0,0.0,1.0,0.0,0.0,0.0,0.0,0.0,0.0,1.0,
4769,k,618.36,0.08000000000004093,phoneme,0.0,0.0,0.0,0.0,0.0,1.0,0.0,1.0,0.0,0.0,0.0,0.0,1.0,0.0,
4770,o~,618.44,0.08999999999991815,phoneme,0.0,0.0,1.0,0.0,0.0,0.0,1.0,0.0,0.0,1.0,0.0,0.0,0.0,1.0,
4771,t,618.53,0.09000000000003183,phoneme,0.0,0.0,0.0,0.0,0.0,0.0,0.0,1.0,0.0,0.0,0.0,0.0,1.0,0.0,
4772,a~,618.62,0.12999999999999545,phoneme,1.0,0.0,0.0,0.0,0.0,0.0,1.0,0.0,0.0,1.0,0.0,0.0,0.0,1.0,
4773,l,618.75,0.08000000000004093,phoneme,0.0,0.0,0.0,0.0,0.0,0.0,0.0,0.0,0.0,0.0,1.0,0.0,0.0,0.0,
4774,a,618.83,0.07999999999992724,phoneme,1.0,0.0,0.0,0.0,0.0,0.0,1.0,0.0,0.0,0.0,0.0,0.0,0.0,1.0,
4775,u,618.91,0.13999999999998636,phoneme,0.0,1.0,0.0,0.0,0.0,0.0,1.0,0.0,0.0,0.0,0.0,0.0,0.0,1.0,
4776,l,619.05,0.05000000000006821,phoneme,0.0,0.0,0.0,0.0,0.0,0.0,0.0,0.0,0.0,0.0,1.0,0.0,0.0,0.0,
4777,o~,619.1,0.06999999999993634,phoneme,0.0,0.0,1.0,0.0,0.0,0.0,1.0,0.0,0.0,1.0,0.0,0.0,0.0,1.0,
4778,n,619.17,0.10000000000002274,phoneme,0.0,0.0,0.0,0.0,0.0,0.0,0.0,0.0,0.0,1.0,0.0,0.0,0.0,0.0,
4779,E,619.27,0.18000000000006366,phoneme,0.0,0.0,1.0,0.0,0.0,0.0,1.0,0.0,0.0,0.0,0.0,0.0,0.0,1.0,
4780,d,619.84,0.11000000000001364,phoneme,0.0,0.0,0.0,0.0,0.0,0.0,0.0,1.0,0.0,0.0,0.0,0.0,1.0,1.0,
4781,i,619.95,0.07999999999992724,phoneme,0.0,1.0,0.0,0.0,0.0,0.0,1.0,0.0,0.0,0.0,0.0,0.0,0.0,1.0,
4782,l,620.03,0.06000000000005912,phoneme,0.0,0.0,0.0,0.0,0.0,0.0,0.0,0.0,0.0,0.0,1.0,0.0,0.0,0.0,
4783,E,620.09,0.049999999999954525,phoneme,0.0,0.0,1.0,0.0,0.0,0.0,1.0,0.0,0.0,0.0,0.0,0.0,0.0,1.0,
4784,g,620.14,0.07000000000005002,phoneme,0.0,0.0,0.0,0.0,0.0,1.0,0.0,1.0,0.0,0.0,0.0,0.0,1.0,1.0,
4785,H,620.21,0.05999999999994543,phoneme,0.0,0.0,0.0,1.0,0.0,0.0,0.0,0.0,0.0,0.0,1.0,0.0,0.0,0.0,
4786,i,620.27,0.05000000000006821,phoneme,0.0,1.0,0.0,0.0,0.0,0.0,1.0,0.0,0.0,0.0,0.0,0.0,0.0,1.0,
4787,j,620.32,0.07999999999992724,phoneme,0.0,0.0,0.0,0.0,0.0,0.0,0.0,0.0,0.0,0.0,1.0,0.0,0.0,0.0,
4788,9,620.4,0.20000000000004547,phoneme,0.0,0.0,1.0,0.0,0.0,0.0,1.0,0.0,0.0,0.0,0.0,0.0,0.0,1.0,
4789,R,620.6,0.17999999999994998,phoneme,0.0,0.0,0.0,0.0,0.0,0.0,0.0,0.0,0.0,0.0,0.0,1.0,0.0,0.0,
4790,e,621.69,0.06999999999993634,phoneme,0.0,0.0,1.0,0.0,0.0,0.0,1.0,0.0,0.0,0.0,0.0,0.0,0.0,1.0,
4791,g,621.82,0.07999999999992724,phoneme,0.0,0.0,0.0,0.0,0.0,1.0,0.0,1.0,0.0,0.0,0.0,0.0,1.0,1.0,
4792,R,621.9,0.029999999999972715,phoneme,0.0,0.0,0.0,0.0,0.0,0.0,0.0,0.0,0.0,0.0,0.0,1.0,0.0,0.0,
4793,o~,621.93,0.20000000000004547,phoneme,0.0,0.0,1.0,0.0,0.0,0.0,1.0,0.0,0.0,1.0,0.0,0.0,0.0,1.0,
4794,d,622.13,0.06000000000005912,phoneme,0.0,0.0,0.0,0.0,0.0,0.0,0.0,1.0,0.0,0.0,0.0,0.0,1.0,1.0,
4795,a,622.19,0.08999999999991815,phoneme,1.0,0.0,0.0,0.0,0.0,0.0,1.0,0.0,0.0,0.0,0.0,0.0,0.0,1.0,
4796,l,622.28,0.029999999999972715,phoneme,0.0,0.0,0.0,0.0,0.0,0.0,0.0,0.0,0.0,0.0,1.0,0.0,0.0,0.0,
4797,@,622.31,0.09000000000003183,phoneme,0.0,0.0,1.0,0.0,0.0,0.0,1.0,0.0,0.0,0.0,0.0,0.0,0.0,1.0,
4798,t,622.4,0.10000000000002274,phoneme,0.0,0.0,0.0,0.0,0.0,0.0,0.0,1.0,0.0,0.0,0.0,0.0,1.0,0.0,
4799,o,622.5,0.07000000000005002,phoneme,0.0,0.0,1.0,0.0,0.0,0.0,1.0,0.0,0.0,0.0,0.0,0.0,0.0,1.0,
4800,n,622.57,0.049999999999954525,phoneme,0.0,0.0,0.0,0.0,0.0,0.0,0.0,0.0,0.0,1.0,0.0,0.0,0.0,0.0,
4801,E,622.62,0.15999999999996817,phoneme,0.0,0.0,1.0,0.0,0.0,0.0,1.0,0.0,0.0,0.0,0.0,0.0,0.0,1.0,
4802,R,622.78,0.06000000000005912,phoneme,0.0,0.0,0.0,0.0,0.0,0.0,0.0,0.0,0.0,0.0,0.0,1.0,0.0,0.0,
4803,d,622.84,0.05999999999994543,phoneme,0.0,0.0,0.0,0.0,0.0,0.0,0.0,1.0,0.0,0.0,0.0,0.0,1.0,1.0,
4804,9~,622.9,0.11000000000001364,phoneme,0.0,0.0,1.0,0.0,0.0,0.0,1.0,0.0,0.0,1.0,0.0,0.0,0.0,1.0,
4805,t,623.01,0.10000000000002274,phoneme,0.0,0.0,0.0,0.0,0.0,0.0,0.0,1.0,0.0,0.0,0.0,0.0,1.0,0.0,
4806,R,623.11,0.05999999999994543,phoneme,0.0,0.0,0.0,0.0,0.0,0.0,0.0,0.0,0.0,0.0,0.0,1.0,0.0,0.0,
4807,w,623.17,0.09000000000003183,phoneme,0.0,0.0,0.0,1.0,0.0,1.0,0.0,0.0,0.0,0.0,1.0,0.0,0.0,0.0,
4808,a,623.26,0.10000000000002274,phoneme,1.0,0.0,0.0,0.0,0.0,0.0,1.0,0.0,0.0,0.0,0.0,0.0,0.0,1.0,
4809,z,623.36,0.06999999999993634,phoneme,0.0,0.0,0.0,0.0,0.0,0.0,0.0,0.0,1.0,0.0,0.0,0.0,1.0,1.0,
4810,j,623.43,0.11000000000001364,phoneme,0.0,0.0,0.0,0.0,0.0,0.0,0.0,0.0,0.0,0.0,1.0,0.0,0.0,0.0,
4811,E,623.54,0.05000000000006821,phoneme,0.0,0.0,1.0,0.0,0.0,0.0,1.0,0.0,0.0,0.0,0.0,0.0,0.0,1.0,
4812,m,623.59,0.05999999999994543,phoneme,0.0,0.0,0.0,1.0,0.0,0.0,0.0,0.0,0.0,1.0,0.0,0.0,0.0,0.0,
4813,R,623.65,0.10000000000002274,phoneme,0.0,0.0,0.0,0.0,0.0,0.0,0.0,0.0,0.0,0.0,0.0,1.0,0.0,0.0,
4814,a,623.75,0.05999999999994543,phoneme,1.0,0.0,0.0,0.0,0.0,0.0,1.0,0.0,0.0,0.0,0.0,0.0,0.0,1.0,
4815,p,623.81,0.10000000000002274,phoneme,0.0,0.0,0.0,1.0,0.0,0.0,0.0,1.0,0.0,0.0,0.0,0.0,1.0,0.0,
4816,i,623.91,0.13999999999998636,phoneme,0.0,1.0,0.0,0.0,0.0,0.0,1.0,0.0,0.0,0.0,0.0,0.0,0.0,1.0,
4817,d,624.05,0.04000000000007731,phoneme,0.0,0.0,0.0,0.0,0.0,0.0,0.0,1.0,0.0,0.0,0.0,0.0,1.0,1.0,
4818,i,624.09,0.03999999999996362,phoneme,0.0,1.0,0.0,0.0,0.0,0.0,1.0,0.0,0.0,0.0,0.0,0.0,0.0,1.0,
4819,l,624.13,0.029999999999972715,phoneme,0.0,0.0,0.0,0.0,0.0,0.0,0.0,0.0,0.0,0.0,1.0,0.0,0.0,0.0,
4820,l,624.16,0.030000000000086402,phoneme,0.0,0.0,0.0,0.0,0.0,0.0,0.0,0.0,0.0,0.0,1.0,0.0,0.0,0.0,
4821,y,624.19,0.07999999999992724,phoneme,0.0,1.0,0.0,0.0,0.0,0.0,1.0,0.0,0.0,0.0,0.0,0.0,0.0,1.0,
4822,m,624.27,0.06000000000005912,phoneme,0.0,0.0,0.0,1.0,0.0,0.0,0.0,0.0,0.0,1.0,0.0,0.0,0.0,0.0,
4823,i,624.33,0.07999999999992724,phoneme,0.0,1.0,0.0,0.0,0.0,0.0,1.0,0.0,0.0,0.0,0.0,0.0,0.0,1.0,
4824,n,624.41,0.07000000000005002,phoneme,0.0,0.0,0.0,0.0,0.0,0.0,0.0,0.0,0.0,1.0,0.0,0.0,0.0,0.0,
4825,e,624.48,0.11000000000001364,phoneme,0.0,0.0,1.0,0.0,0.0,0.0,1.0,0.0,0.0,0.0,0.0,0.0,0.0,1.0,
4826,i,625.69,0.12999999999999545,phoneme,0.0,1.0,0.0,0.0,0.0,0.0,1.0,0.0,0.0,0.0,0.0,0.0,0.0,1.0,
4827,p,625.82,0.06999999999993634,phoneme,0.0,0.0,0.0,1.0,0.0,0.0,0.0,1.0,0.0,0.0,0.0,0.0,1.0,0.0,
4828,u,625.89,0.05000000000006821,phoneme,0.0,1.0,0.0,0.0,0.0,0.0,1.0,0.0,0.0,0.0,0.0,0.0,0.0,1.0,
4829,R,625.94,0.029999999999972715,phoneme,0.0,0.0,0.0,0.0,0.0,0.0,0.0,0.0,0.0,0.0,0.0,1.0,0.0,0.0,
4830,s,625.97,0.10000000000002274,phoneme,0.0,0.0,0.0,0.0,0.0,0.0,0.0,0.0,1.0,0.0,0.0,0.0,1.0,0.0,
4831,H,626.07,0.05999999999994543,phoneme,0.0,0.0,0.0,1.0,0.0,0.0,0.0,0.0,0.0,0.0,1.0,0.0,0.0,0.0,
4832,i,626.13,0.10000000000002274,phoneme,0.0,1.0,0.0,0.0,0.0,0.0,1.0,0.0,0.0,0.0,0.0,0.0,0.0,1.0,
4833,v,626.23,0.029999999999972715,phoneme,0.0,0.0,0.0,0.0,0.0,0.0,0.0,0.0,1.0,0.0,0.0,0.0,1.0,1.0,
4834,l,626.26,0.049999999999954525,phoneme,0.0,0.0,0.0,0.0,0.0,0.0,0.0,0.0,0.0,0.0,1.0,0.0,0.0,0.0,
4835,e,626.31,0.09000000000003183,phoneme,0.0,0.0,1.0,0.0,0.0,0.0,1.0,0.0,0.0,0.0,0.0,0.0,0.0,1.0,
4836,p,626.4,0.029999999999972715,phoneme,0.0,0.0,0.0,1.0,0.0,0.0,0.0,1.0,0.0,0.0,0.0,0.0,1.0,0.0,
4837,R,626.43,0.05000000000006821,phoneme,0.0,0.0,0.0,0.0,0.0,0.0,0.0,0.0,0.0,0.0,0.0,1.0,0.0,0.0,
4838,@,626.48,0.029999999999972715,phoneme,0.0,0.0,1.0,0.0,0.0,0.0,1.0,0.0,0.0,0.0,0.0,0.0,0.0,1.0,
4839,m,626.51,0.06000000000005912,phoneme,0.0,0.0,0.0,1.0,0.0,0.0,0.0,0.0,0.0,1.0,0.0,0.0,0.0,0.0,
4840,j,626.57,0.049999999999954525,phoneme,0.0,0.0,0.0,0.0,0.0,0.0,0.0,0.0,0.0,0.0,1.0,0.0,0.0,0.0,
4841,e,626.62,0.03999999999996362,phoneme,0.0,0.0,1.0,0.0,0.0,0.0,1.0,0.0,0.0,0.0,0.0,0.0,0.0,1.0,
4842,v,626.66,0.030000000000086402,phoneme,0.0,0.0,0.0,0.0,0.0,0.0,0.0,0.0,1.0,0.0,0.0,0.0,1.0,1.0,
4843,w,626.69,0.029999999999972715,phoneme,0.0,0.0,0.0,1.0,0.0,1.0,0.0,0.0,0.0,0.0,1.0,0.0,0.0,0.0,
4844,a,626.72,0.029999999999972715,phoneme,1.0,0.0,0.0,0.0,0.0,0.0,1.0,0.0,0.0,0.0,0.0,0.0,0.0,1.0,
4845,j,626.75,0.12999999999999545,phoneme,0.0,0.0,0.0,0.0,0.0,0.0,0.0,0.0,0.0,0.0,1.0,0.0,0.0,0.0,
4846,a,626.88,0.049999999999954525,phoneme,1.0,0.0,0.0,0.0,0.0,0.0,1.0,0.0,0.0,0.0,0.0,0.0,0.0,1.0,
4847,Z,626.93,0.12000000000000455,phoneme,0.0,0.0,0.0,0.0,0.0,0.0,0.0,0.0,1.0,0.0,0.0,0.0,1.0,1.0,
4848,9,627.05,0.10000000000002274,phoneme,0.0,0.0,1.0,0.0,0.0,0.0,1.0,0.0,0.0,0.0,0.0,0.0,0.0,1.0,
4849,R,627.15,0.21000000000003638,phoneme,0.0,0.0,0.0,0.0,0.0,0.0,0.0,0.0,0.0,0.0,0.0,1.0,0.0,0.0,
4850,d,627.76,0.07000000000005002,phoneme,0.0,0.0,0.0,0.0,0.0,0.0,0.0,1.0,0.0,0.0,0.0,0.0,1.0,1.0,
4851,@,627.83,0.03999999999996362,phoneme,0.0,0.0,1.0,0.0,0.0,0.0,1.0,0.0,0.0,0.0,0.0,0.0,0.0,1.0,
4852,m,627.87,0.07000000000005002,phoneme,0.0,0.0,0.0,1.0,0.0,0.0,0.0,0.0,0.0,1.0,0.0,0.0,0.0,0.0,
4853,a~,627.94,0.06999999999993634,phoneme,1.0,0.0,0.0,0.0,0.0,0.0,1.0,0.0,0.0,1.0,0.0,0.0,0.0,1.0,
4854,d,628.01,0.03999999999996362,phoneme,0.0,0.0,0.0,0.0,0.0,0.0,0.0,1.0,0.0,0.0,0.0,0.0,1.0,1.0,
4855,a,628.05,0.08000000000004093,phoneme,1.0,0.0,0.0,0.0,0.0,0.0,1.0,0.0,0.0,0.0,0.0,0.0,0.0,1.0,
4856,l,628.13,0.029999999999972715,phoneme,0.0,0.0,0.0,0.0,0.0,0.0,0.0,0.0,0.0,0.0,1.0,0.0,0.0,0.0,
4857,@,628.16,0.08000000000004093,phoneme,0.0,0.0,1.0,0.0,0.0,0.0,1.0,0.0,0.0,0.0,0.0,0.0,0.0,1.0,
4858,p,628.24,0.06999999999993634,phoneme,0.0,0.0,0.0,1.0,0.0,0.0,0.0,1.0,0.0,0.0,0.0,0.0,1.0,0.0,
4859,@,628.31,0.05000000000006821,phoneme,0.0,0.0,1.0,0.0,0.0,0.0,1.0,0.0,0.0,0.0,0.0,0.0,0.0,1.0,
4860,t,628.36,0.09000000000003183,phoneme,0.0,0.0,0.0,0.0,0.0,0.0,0.0,1.0,0.0,0.0,0.0,0.0,1.0,0.0,
4861,i,628.45,0.06999999999993634,phoneme,0.0,1.0,0.0,0.0,0.0,0.0,1.0,0.0,0.0,0.0,0.0,0.0,0.0,1.0,
4862,p,628.52,0.03999999999996362,phoneme,0.0,0.0,0.0,1.0,0.0,0.0,0.0,1.0,0.0,0.0,0.0,0.0,1.0,0.0,
4863,R,628.56,0.08000000000004093,phoneme,0.0,0.0,0.0,0.0,0.0,0.0,0.0,0.0,0.0,0.0,0.0,1.0,0.0,0.0,
4864,e~,628.64,0.14999999999997726,phoneme,0.0,0.0,1.0,0.0,0.0,0.0,1.0,0.0,0.0,1.0,0.0,0.0,0.0,1.0,
4865,s,628.79,0.21000000000003638,phoneme,0.0,0.0,0.0,0.0,0.0,0.0,0.0,0.0,1.0,0.0,0.0,0.0,1.0,0.0,
4866,i,629.8,0.09000000000003183,phoneme,0.0,1.0,0.0,0.0,0.0,0.0,1.0,0.0,0.0,0.0,0.0,0.0,0.0,1.0,
4867,l,629.89,0.03999999999996362,phoneme,0.0,0.0,0.0,0.0,0.0,0.0,0.0,0.0,0.0,0.0,1.0,0.0,0.0,0.0,
4868,n,629.93,0.06000000000005912,phoneme,0.0,0.0,0.0,0.0,0.0,0.0,0.0,0.0,0.0,1.0,0.0,0.0,0.0,0.0,
4869,@,629.99,0.08000000000004093,phoneme,0.0,0.0,1.0,0.0,0.0,0.0,1.0,0.0,0.0,0.0,0.0,0.0,0.0,1.0,
4870,p,630.07,0.06999999999993634,phoneme,0.0,0.0,0.0,1.0,0.0,0.0,0.0,1.0,0.0,0.0,0.0,0.0,1.0,0.0,
4871,u,630.14,0.05000000000006821,phoneme,0.0,1.0,0.0,0.0,0.0,0.0,1.0,0.0,0.0,0.0,0.0,0.0,0.0,1.0,
4872,R,630.19,0.029999999999972715,phoneme,0.0,0.0,0.0,0.0,0.0,0.0,0.0,0.0,0.0,0.0,0.0,1.0,0.0,0.0,
4873,s,630.22,0.08999999999991815,phoneme,0.0,0.0,0.0,0.0,0.0,0.0,0.0,0.0,1.0,0.0,0.0,0.0,1.0,0.0,
4874,H,630.31,0.04000000000007731,phoneme,0.0,0.0,0.0,1.0,0.0,0.0,0.0,0.0,0.0,0.0,1.0,0.0,0.0,0.0,
4875,i,630.35,0.07999999999992724,phoneme,0.0,1.0,0.0,0.0,0.0,0.0,1.0,0.0,0.0,0.0,0.0,0.0,0.0,1.0,
4876,v,630.43,0.06000000000005912,phoneme,0.0,0.0,0.0,0.0,0.0,0.0,0.0,0.0,1.0,0.0,0.0,0.0,1.0,1.0,
4877,R,630.49,0.11000000000001364,phoneme,0.0,0.0,0.0,0.0,0.0,0.0,0.0,0.0,0.0,0.0,0.0,1.0,0.0,0.0,
4878,j,630.6,0.15999999999996817,phoneme,0.0,0.0,0.0,0.0,0.0,0.0,0.0,0.0,0.0,0.0,1.0,0.0,0.0,0.0,
4879,e~,630.76,0.10000000000002274,phoneme,0.0,0.0,1.0,0.0,0.0,0.0,1.0,0.0,0.0,1.0,0.0,0.0,0.0,1.0,
4880,d,630.86,0.11000000000001364,phoneme,0.0,0.0,0.0,0.0,0.0,0.0,0.0,1.0,0.0,0.0,0.0,0.0,1.0,1.0,
4881,y,630.97,0.08999999999991815,phoneme,0.0,1.0,0.0,0.0,0.0,0.0,1.0,0.0,0.0,0.0,0.0,0.0,0.0,1.0,
4882,t,631.06,0.14000000000010004,phoneme,0.0,0.0,0.0,0.0,0.0,0.0,0.0,1.0,0.0,0.0,0.0,0.0,1.0,0.0,
4883,u,631.2,0.08999999999991815,phoneme,0.0,1.0,0.0,0.0,0.0,0.0,1.0,0.0,0.0,0.0,0.0,0.0,0.0,1.0,
4884,t,631.29,0.07000000000005002,phoneme,0.0,0.0,0.0,0.0,0.0,0.0,0.0,1.0,0.0,0.0,0.0,0.0,1.0,0.0,
4885,d,631.72,0.06999999999993634,phoneme,0.0,0.0,0.0,0.0,0.0,0.0,0.0,1.0,0.0,0.0,0.0,0.0,1.0,1.0,
4886,i,631.79,0.08000000000004093,phoneme,0.0,1.0,0.0,0.0,0.0,0.0,1.0,0.0,0.0,0.0,0.0,0.0,0.0,1.0,
4887,l,631.87,0.029999999999972715,phoneme,0.0,0.0,0.0,0.0,0.0,0.0,0.0,0.0,0.0,0.0,1.0,0.0,0.0,0.0,
4888,E,631.9,0.09000000000003183,phoneme,0.0,0.0,1.0,0.0,0.0,0.0,1.0,0.0,0.0,0.0,0.0,0.0,0.0,1.0,
4889,g,631.99,0.05999999999994543,phoneme,0.0,0.0,0.0,0.0,0.0,1.0,0.0,1.0,0.0,0.0,0.0,0.0,1.0,1.0,
4890,H,632.05,0.030000000000086402,phoneme,0.0,0.0,0.0,1.0,0.0,0.0,0.0,0.0,0.0,0.0,1.0,0.0,0.0,0.0,
4891,i,632.08,0.05999999999994543,phoneme,0.0,1.0,0.0,0.0,0.0,0.0,1.0,0.0,0.0,0.0,0.0,0.0,0.0,1.0,
4892,j,632.14,0.10000000000002274,phoneme,0.0,0.0,0.0,0.0,0.0,0.0,0.0,0.0,0.0,0.0,1.0,0.0,0.0,0.0,
4893,9,632.24,0.2400000000000091,phoneme,0.0,0.0,1.0,0.0,0.0,0.0,1.0,0.0,0.0,0.0,0.0,0.0,0.0,1.0,
4894,R,632.48,0.11000000000001364,phoneme,0.0,0.0,0.0,0.0,0.0,0.0,0.0,0.0,0.0,0.0,0.0,1.0,0.0,0.0,
4895,i,633.46,0.2099999999999227,phoneme,0.0,1.0,0.0,0.0,0.0,0.0,1.0,0.0,0.0,0.0,0.0,0.0,0.0,1.0,
4896,d,633.67,0.12999999999999545,phoneme,0.0,0.0,0.0,0.0,0.0,0.0,0.0,1.0,0.0,0.0,0.0,0.0,1.0,1.0,
4897,O,633.8,0.15000000000009095,phoneme,0.0,0.0,1.0,0.0,0.0,0.0,1.0,0.0,0.0,0.0,0.0,0.0,0.0,1.0,
4898,R,633.95,0.049999999999954525,phoneme,0.0,0.0,0.0,0.0,0.0,0.0,0.0,0.0,0.0,0.0,0.0,1.0,0.0,0.0,
4899,m,634.0,0.12000000000000455,phoneme,0.0,0.0,0.0,1.0,0.0,0.0,0.0,0.0,0.0,1.0,0.0,0.0,0.0,0.0,
4900,l,634.12,0.049999999999954525,phoneme,0.0,0.0,0.0,0.0,0.0,0.0,0.0,0.0,0.0,0.0,1.0,0.0,0.0,0.0,
4901,a,634.17,0.11000000000001364,phoneme,1.0,0.0,0.0,0.0,0.0,0.0,1.0,0.0,0.0,0.0,0.0,0.0,0.0,1.0,
4902,d,634.28,0.029999999999972715,phoneme,0.0,0.0,0.0,0.0,0.0,0.0,0.0,1.0,0.0,0.0,0.0,0.0,1.0,1.0,
4903,@,634.31,0.08000000000004093,phoneme,0.0,0.0,1.0,0.0,0.0,0.0,1.0,0.0,0.0,0.0,0.0,0.0,0.0,1.0,
4904,d,634.39,0.07000000000005002,phoneme,0.0,0.0,0.0,0.0,0.0,0.0,0.0,1.0,0.0,0.0,0.0,0.0,1.0,1.0,
4905,a~,634.46,0.1999999999999318,phoneme,1.0,0.0,0.0,0.0,0.0,0.0,1.0,0.0,0.0,1.0,0.0,0.0,0.0,1.0,
4906,u,634.81,0.08000000000004093,phoneme,0.0,1.0,0.0,0.0,0.0,0.0,1.0,0.0,0.0,0.0,0.0,0.0,0.0,1.0,
4907,b,634.89,0.09000000000003183,phoneme,0.0,0.0,0.0,1.0,0.0,0.0,0.0,1.0,0.0,0.0,0.0,0.0,1.0,1.0,
4908,j,634.98,0.09000000000003183,phoneme,0.0,0.0,0.0,0.0,0.0,0.0,0.0,0.0,0.0,0.0,1.0,0.0,0.0,0.0,
4909,9~,635.07,0.08999999999991815,phoneme,0.0,0.0,1.0,0.0,0.0,0.0,1.0,0.0,0.0,1.0,0.0,0.0,0.0,1.0,
4910,i,635.16,0.17000000000007276,phoneme,0.0,1.0,0.0,0.0,0.0,0.0,1.0,0.0,0.0,0.0,0.0,0.0,0.0,1.0,
4911,b,635.33,0.029999999999972715,phoneme,0.0,0.0,0.0,1.0,0.0,0.0,0.0,1.0,0.0,0.0,0.0,0.0,1.0,1.0,
4912,A,635.36,0.15999999999996817,phoneme,1.0,0.0,0.0,0.0,0.0,0.0,1.0,0.0,0.0,0.0,0.0,0.0,0.0,1.0,
4913,j,635.52,0.20000000000004547,phoneme,0.0,0.0,0.0,0.0,0.0,0.0,0.0,0.0,0.0,0.0,1.0,0.0,0.0,0.0,
4914,l,636.18,0.04000000000007731,phoneme,0.0,0.0,0.0,0.0,0.0,0.0,0.0,0.0,0.0,0.0,1.0,0.0,0.0,0.0,
4915,e,636.22,0.10000000000002274,phoneme,0.0,0.0,1.0,0.0,0.0,0.0,1.0,0.0,0.0,0.0,0.0,0.0,0.0,1.0,
4916,z,636.32,0.06999999999993634,phoneme,0.0,0.0,0.0,0.0,0.0,0.0,0.0,0.0,1.0,0.0,0.0,0.0,1.0,1.0,
4917,a~,636.39,0.10000000000002274,phoneme,1.0,0.0,0.0,0.0,0.0,0.0,1.0,0.0,0.0,1.0,0.0,0.0,0.0,1.0,
4918,f,636.49,0.11000000000001364,phoneme,0.0,0.0,0.0,0.0,0.0,0.0,0.0,0.0,1.0,0.0,0.0,0.0,1.0,0.0,
4919,a~,636.6,0.11000000000001364,phoneme,1.0,0.0,0.0,0.0,0.0,0.0,1.0,0.0,0.0,1.0,0.0,0.0,0.0,1.0,
4920,s,636.71,0.13999999999998636,phoneme,0.0,0.0,0.0,0.0,0.0,0.0,0.0,0.0,1.0,0.0,0.0,0.0,1.0,0.0,
4921,9,636.85,0.06999999999993634,phoneme,0.0,0.0,1.0,0.0,0.0,0.0,1.0,0.0,0.0,0.0,0.0,0.0,0.0,1.0,
4922,l,636.92,0.12000000000000455,phoneme,0.0,0.0,0.0,0.0,0.0,0.0,0.0,0.0,0.0,0.0,1.0,0.0,0.0,0.0,
4923,@,637.04,0.11000000000001364,phoneme,0.0,0.0,1.0,0.0,0.0,0.0,1.0,0.0,0.0,0.0,0.0,0.0,0.0,1.0,
4924,e,637.15,0.07000000000005002,phoneme,0.0,0.0,1.0,0.0,0.0,0.0,1.0,0.0,0.0,0.0,0.0,0.0,0.0,1.0,
4925,k,637.22,0.10000000000002274,phoneme,0.0,0.0,0.0,0.0,0.0,1.0,0.0,1.0,0.0,0.0,0.0,0.0,1.0,0.0,
4926,R,637.32,0.12000000000000455,phoneme,0.0,0.0,0.0,0.0,0.0,0.0,0.0,0.0,0.0,0.0,0.0,1.0,0.0,0.0,
4927,a,637.44,0.09999999999990905,phoneme,1.0,0.0,0.0,0.0,0.0,0.0,1.0,0.0,0.0,0.0,0.0,0.0,0.0,1.0,
4928,z,637.54,0.11000000000001364,phoneme,0.0,0.0,0.0,0.0,0.0,0.0,0.0,0.0,1.0,0.0,0.0,0.0,1.0,1.0,
4929,l,637.65,0.08000000000004093,phoneme,0.0,0.0,0.0,0.0,0.0,0.0,0.0,0.0,0.0,0.0,1.0,0.0,0.0,0.0,
4930,9,637.73,0.06999999999993634,phoneme,0.0,0.0,1.0,0.0,0.0,0.0,1.0,0.0,0.0,0.0,0.0,0.0,0.0,1.0,
4931,R,637.8,0.06000000000005912,phoneme,0.0,0.0,0.0,0.0,0.0,0.0,0.0,0.0,0.0,0.0,0.0,1.0,0.0,0.0,
4932,n,637.86,0.049999999999954525,phoneme,0.0,0.0,0.0,0.0,0.0,0.0,0.0,0.0,0.0,1.0,0.0,0.0,0.0,0.0,
4933,e,637.91,0.06000000000005912,phoneme,0.0,0.0,1.0,0.0,0.0,0.0,1.0,0.0,0.0,0.0,0.0,0.0,0.0,1.0,
4934,k,637.97,0.07999999999992724,phoneme,0.0,0.0,0.0,0.0,0.0,1.0,0.0,1.0,0.0,0.0,0.0,0.0,1.0,0.0,
4935,o~,638.05,0.06000000000005912,phoneme,0.0,0.0,1.0,0.0,0.0,0.0,1.0,0.0,0.0,1.0,0.0,0.0,0.0,1.0,
4936,t,638.11,0.05999999999994543,phoneme,0.0,0.0,0.0,0.0,0.0,0.0,0.0,1.0,0.0,0.0,0.0,0.0,1.0,0.0,
4937,R,638.17,0.05000000000006821,phoneme,0.0,0.0,0.0,0.0,0.0,0.0,0.0,0.0,0.0,0.0,0.0,1.0,0.0,0.0,
4938,@,638.22,0.03999999999996362,phoneme,0.0,0.0,1.0,0.0,0.0,0.0,1.0,0.0,0.0,0.0,0.0,0.0,0.0,1.0,
4939,l,638.26,0.029999999999972715,phoneme,0.0,0.0,0.0,0.0,0.0,0.0,0.0,0.0,0.0,0.0,1.0,0.0,0.0,0.0,
4940,e,638.29,0.12000000000000455,phoneme,0.0,0.0,1.0,0.0,0.0,0.0,1.0,0.0,0.0,0.0,0.0,0.0,0.0,1.0,
4941,v,638.41,0.04000000000007731,phoneme,0.0,0.0,0.0,0.0,0.0,0.0,0.0,0.0,1.0,0.0,0.0,0.0,1.0,1.0,
4942,i,638.45,0.12000000000000455,phoneme,0.0,1.0,0.0,0.0,0.0,0.0,1.0,0.0,0.0,0.0,0.0,0.0,0.0,1.0,
4943,t,638.57,0.15999999999996817,phoneme,0.0,0.0,0.0,0.0,0.0,0.0,0.0,1.0,0.0,0.0,0.0,0.0,1.0,0.0,
4944,R,638.73,0.12000000000000455,phoneme,0.0,0.0,0.0,0.0,0.0,0.0,0.0,0.0,0.0,0.0,0.0,1.0,0.0,0.0,
4945,l,640.12,0.09000000000003183,phoneme,0.0,0.0,0.0,0.0,0.0,0.0,0.0,0.0,0.0,0.0,1.0,0.0,0.0,0.0,
4946,e,640.21,0.06999999999993634,phoneme,0.0,0.0,1.0,0.0,0.0,0.0,1.0,0.0,0.0,0.0,0.0,0.0,0.0,1.0,
4947,z,640.28,0.08000000000004093,phoneme,0.0,0.0,0.0,0.0,0.0,0.0,0.0,0.0,1.0,0.0,0.0,0.0,1.0,1.0,
4948,a~,640.36,0.12000000000000455,phoneme,1.0,0.0,0.0,0.0,0.0,0.0,1.0,0.0,0.0,1.0,0.0,0.0,0.0,1.0,
4949,f,640.48,0.12000000000000455,phoneme,0.0,0.0,0.0,0.0,0.0,0.0,0.0,0.0,1.0,0.0,0.0,0.0,1.0,0.0,
4950,a~,640.6,0.11000000000001364,phoneme,1.0,0.0,0.0,0.0,0.0,0.0,1.0,0.0,0.0,1.0,0.0,0.0,0.0,1.0,
4951,s,640.71,0.14999999999997726,phoneme,0.0,0.0,0.0,0.0,0.0,0.0,0.0,0.0,1.0,0.0,0.0,0.0,1.0,0.0,
4952,9,640.86,0.06999999999993634,phoneme,0.0,0.0,1.0,0.0,0.0,0.0,1.0,0.0,0.0,0.0,0.0,0.0,0.0,1.0,
4953,l,640.93,0.09000000000003183,phoneme,0.0,0.0,0.0,0.0,0.0,0.0,0.0,0.0,0.0,0.0,1.0,0.0,0.0,0.0,
4954,s,641.02,0.17000000000007276,phoneme,0.0,0.0,0.0,0.0,0.0,0.0,0.0,0.0,1.0,0.0,0.0,0.0,1.0,0.0,
4955,a,641.19,0.049999999999954525,phoneme,1.0,0.0,0.0,0.0,0.0,0.0,1.0,0.0,0.0,0.0,0.0,0.0,0.0,1.0,
4956,v,641.24,0.029999999999972715,phoneme,0.0,0.0,0.0,0.0,0.0,0.0,0.0,0.0,1.0,0.0,0.0,0.0,1.0,1.0,
4957,s,641.36,0.06999999999993634,phoneme,0.0,0.0,0.0,0.0,0.0,0.0,0.0,0.0,1.0,0.0,0.0,0.0,1.0,0.0,
4958,@,641.43,0.04000000000007731,phoneme,0.0,0.0,1.0,0.0,0.0,0.0,1.0,0.0,0.0,0.0,0.0,0.0,0.0,1.0,
4959,k,641.47,0.08999999999991815,phoneme,0.0,0.0,0.0,0.0,0.0,1.0,0.0,1.0,0.0,0.0,0.0,0.0,1.0,0.0,
4960,i,641.56,0.09000000000003183,phoneme,0.0,1.0,0.0,0.0,0.0,0.0,1.0,0.0,0.0,0.0,0.0,0.0,0.0,1.0,
4961,S,641.65,0.13999999999998636,phoneme,0.0,0.0,0.0,0.0,0.0,0.0,0.0,0.0,1.0,0.0,0.0,0.0,1.0,0.0,
4962,E,641.79,0.10000000000002274,phoneme,0.0,0.0,1.0,0.0,0.0,0.0,1.0,0.0,0.0,0.0,0.0,0.0,0.0,1.0,
4963,R,641.89,0.05000000000006821,phoneme,0.0,0.0,0.0,0.0,0.0,0.0,0.0,0.0,0.0,0.0,0.0,1.0,0.0,0.0,
4964,S,641.94,0.2099999999999227,phoneme,0.0,0.0,0.0,0.0,0.0,0.0,0.0,0.0,1.0,0.0,0.0,0.0,1.0,0.0,
4965,f,642.71,0.049999999999954525,phoneme,0.0,0.0,0.0,0.0,0.0,0.0,0.0,0.0,1.0,0.0,0.0,0.0,1.0,0.0,
4966,i,642.76,0.07000000000005002,phoneme,0.0,1.0,0.0,0.0,0.0,0.0,1.0,0.0,0.0,0.0,0.0,0.0,0.0,1.0,
4967,l,642.83,0.05999999999994543,phoneme,0.0,0.0,0.0,0.0,0.0,0.0,0.0,0.0,0.0,0.0,1.0,0.0,0.0,0.0,
4968,@,642.89,0.06000000000005912,phoneme,0.0,0.0,1.0,0.0,0.0,0.0,1.0,0.0,0.0,0.0,0.0,0.0,0.0,1.0,
4969,p,642.95,0.07999999999992724,phoneme,0.0,0.0,0.0,1.0,0.0,0.0,0.0,1.0,0.0,0.0,0.0,0.0,1.0,0.0,
4970,@,643.03,0.06000000000005912,phoneme,0.0,0.0,1.0,0.0,0.0,0.0,1.0,0.0,0.0,0.0,0.0,0.0,0.0,1.0,
4971,t,643.09,0.08999999999991815,phoneme,0.0,0.0,0.0,0.0,0.0,0.0,0.0,1.0,0.0,0.0,0.0,0.0,1.0,0.0,
4972,i,643.18,0.07000000000005002,phoneme,0.0,1.0,0.0,0.0,0.0,0.0,1.0,0.0,0.0,0.0,0.0,0.0,0.0,1.0,
4973,p,643.25,0.049999999999954525,phoneme,0.0,0.0,0.0,1.0,0.0,0.0,0.0,1.0,0.0,0.0,0.0,0.0,1.0,0.0,
4974,R,643.3,0.08000000000004093,phoneme,0.0,0.0,0.0,0.0,0.0,0.0,0.0,0.0,0.0,0.0,0.0,1.0,0.0,0.0,
4975,e~,643.38,0.16999999999995907,phoneme,0.0,0.0,1.0,0.0,0.0,0.0,1.0,0.0,0.0,1.0,0.0,0.0,0.0,1.0,
4976,s,643.55,0.25,phoneme,0.0,0.0,0.0,0.0,0.0,0.0,0.0,0.0,1.0,0.0,0.0,0.0,1.0,0.0,
4977,i,644.62,0.10000000000002274,phoneme,0.0,1.0,0.0,0.0,0.0,0.0,1.0,0.0,0.0,0.0,0.0,0.0,0.0,1.0,
4978,l,644.72,0.05999999999994543,phoneme,0.0,0.0,0.0,0.0,0.0,0.0,0.0,0.0,0.0,0.0,1.0,0.0,0.0,0.0,
4979,p,644.78,0.12999999999999545,phoneme,0.0,0.0,0.0,1.0,0.0,0.0,0.0,1.0,0.0,0.0,0.0,0.0,1.0,0.0,
4980,E,644.91,0.11000000000001364,phoneme,0.0,0.0,1.0,0.0,0.0,0.0,1.0,0.0,0.0,0.0,0.0,0.0,0.0,1.0,
4981,R,645.02,0.03999999999996362,phoneme,0.0,0.0,0.0,0.0,0.0,0.0,0.0,0.0,0.0,0.0,0.0,1.0,0.0,0.0,
4982,d,645.06,0.07000000000005002,phoneme,0.0,0.0,0.0,0.0,0.0,0.0,0.0,1.0,0.0,0.0,0.0,0.0,1.0,1.0,
4983,d,645.21,0.029999999999972715,phoneme,0.0,0.0,0.0,0.0,0.0,0.0,0.0,1.0,0.0,0.0,0.0,0.0,1.0,1.0,
4984,y,645.24,0.12000000000000455,phoneme,0.0,1.0,0.0,0.0,0.0,0.0,1.0,0.0,0.0,0.0,0.0,0.0,0.0,1.0,
4985,t,645.36,0.12000000000000455,phoneme,0.0,0.0,0.0,0.0,0.0,0.0,0.0,1.0,0.0,0.0,0.0,0.0,1.0,0.0,
4986,a~,645.48,0.12999999999999545,phoneme,1.0,0.0,0.0,0.0,0.0,0.0,1.0,0.0,0.0,1.0,0.0,0.0,0.0,1.0,
4987,p,645.61,0.09000000000003183,phoneme,0.0,0.0,0.0,1.0,0.0,0.0,0.0,1.0,0.0,0.0,0.0,0.0,1.0,0.0,
4988,u,645.7,0.17999999999994998,phoneme,0.0,1.0,0.0,0.0,0.0,0.0,1.0,0.0,0.0,0.0,0.0,0.0,0.0,1.0,
4989,y,645.88,0.029999999999972715,phoneme,0.0,1.0,0.0,0.0,0.0,0.0,1.0,0.0,0.0,0.0,0.0,0.0,0.0,1.0,
4990,n,645.91,0.04000000000007731,phoneme,0.0,0.0,0.0,0.0,0.0,0.0,0.0,0.0,0.0,1.0,0.0,0.0,0.0,0.0,
4991,@,645.95,0.07999999999992724,phoneme,0.0,0.0,1.0,0.0,0.0,0.0,1.0,0.0,0.0,0.0,0.0,0.0,0.0,1.0,
4992,p,646.03,0.10000000000002274,phoneme,0.0,0.0,0.0,1.0,0.0,0.0,0.0,1.0,0.0,0.0,0.0,0.0,1.0,0.0,
4993,u,646.13,0.09000000000003183,phoneme,0.0,1.0,0.0,0.0,0.0,0.0,1.0,0.0,0.0,0.0,0.0,0.0,0.0,1.0,
4994,p,646.22,0.08999999999991815,phoneme,0.0,0.0,0.0,1.0,0.0,0.0,0.0,1.0,0.0,0.0,0.0,0.0,1.0,0.0,
4995,e,646.31,0.07000000000005002,phoneme,0.0,0.0,1.0,0.0,0.0,0.0,1.0,0.0,0.0,0.0,0.0,0.0,0.0,1.0,
4996,d,646.38,0.049999999999954525,phoneme,0.0,0.0,0.0,0.0,0.0,0.0,0.0,1.0,0.0,0.0,0.0,0.0,1.0,1.0,
4997,@,646.43,0.07000000000005002,phoneme,0.0,0.0,1.0,0.0,0.0,0.0,1.0,0.0,0.0,0.0,0.0,0.0,0.0,1.0,
4998,S,646.5,0.12999999999999545,phoneme,0.0,0.0,0.0,0.0,0.0,0.0,0.0,0.0,1.0,0.0,0.0,0.0,1.0,0.0,
4999,i,646.63,0.09000000000003183,phoneme,0.0,1.0,0.0,0.0,0.0,0.0,1.0,0.0,0.0,0.0,0.0,0.0,0.0,1.0,
5000,f,646.72,0.13999999999998636,phoneme,0.0,0.0,0.0,0.0,0.0,0.0,0.0,0.0,1.0,0.0,0.0,0.0,1.0,0.0,
5001,o~,646.86,0.14999999999997726,phoneme,0.0,0.0,1.0,0.0,0.0,0.0,1.0,0.0,0.0,1.0,0.0,0.0,0.0,1.0,
5002,e,647.27,0.11000000000001364,phoneme,0.0,0.0,1.0,0.0,0.0,0.0,1.0,0.0,0.0,0.0,0.0,0.0,0.0,1.0,
5003,E,647.38,0.06000000000005912,phoneme,0.0,0.0,1.0,0.0,0.0,0.0,1.0,0.0,0.0,0.0,0.0,0.0,0.0,1.0,
5004,l,647.44,0.06999999999993634,phoneme,0.0,0.0,0.0,0.0,0.0,0.0,0.0,0.0,0.0,0.0,1.0,0.0,0.0,0.0,
5005,d,647.51,0.029999999999972715,phoneme,0.0,0.0,0.0,0.0,0.0,0.0,0.0,1.0,0.0,0.0,0.0,0.0,1.0,1.0,
5006,@,647.54,0.11000000000001364,phoneme,0.0,0.0,1.0,0.0,0.0,0.0,1.0,0.0,0.0,0.0,0.0,0.0,0.0,1.0,
5007,v,647.65,0.04000000000007731,phoneme,0.0,0.0,0.0,0.0,0.0,0.0,0.0,0.0,1.0,0.0,0.0,0.0,1.0,1.0,
5008,j,647.69,0.07999999999992724,phoneme,0.0,0.0,0.0,0.0,0.0,0.0,0.0,0.0,0.0,0.0,1.0,0.0,0.0,0.0,
5009,e~,647.77,0.11000000000001364,phoneme,0.0,0.0,1.0,0.0,0.0,0.0,1.0,0.0,0.0,1.0,0.0,0.0,0.0,1.0,
5010,t,647.88,0.12999999999999545,phoneme,0.0,0.0,0.0,0.0,0.0,0.0,0.0,1.0,0.0,0.0,0.0,0.0,1.0,0.0,
5011,R,648.01,0.12999999999999545,phoneme,0.0,0.0,0.0,0.0,0.0,0.0,0.0,0.0,0.0,0.0,0.0,1.0,0.0,0.0,
5012,E,648.14,0.08000000000004093,phoneme,0.0,0.0,1.0,0.0,0.0,0.0,1.0,0.0,0.0,0.0,0.0,0.0,0.0,1.0,
5013,t,648.22,0.07999999999992724,phoneme,0.0,0.0,0.0,0.0,0.0,0.0,0.0,1.0,0.0,0.0,0.0,0.0,1.0,0.0,
5014,e~,648.3,0.09000000000003183,phoneme,0.0,0.0,1.0,0.0,0.0,0.0,1.0,0.0,0.0,1.0,0.0,0.0,0.0,1.0,
5015,p,648.39,0.07000000000005002,phoneme,0.0,0.0,0.0,1.0,0.0,0.0,0.0,1.0,0.0,0.0,0.0,0.0,1.0,0.0,
5016,O,648.46,0.049999999999954525,phoneme,0.0,0.0,1.0,0.0,0.0,0.0,1.0,0.0,0.0,0.0,0.0,0.0,0.0,1.0,
5017,R,648.51,0.07000000000005002,phoneme,0.0,0.0,0.0,0.0,0.0,0.0,0.0,0.0,0.0,0.0,0.0,1.0,0.0,0.0,
5018,t,648.58,0.06999999999993634,phoneme,0.0,0.0,0.0,0.0,0.0,0.0,0.0,1.0,0.0,0.0,0.0,0.0,1.0,0.0,
5019,a~,648.65,0.17000000000007276,phoneme,1.0,0.0,0.0,0.0,0.0,0.0,1.0,0.0,0.0,1.0,0.0,0.0,0.0,1.0,
5020,t,648.82,0.16999999999995907,phoneme,0.0,0.0,0.0,0.0,0.0,0.0,0.0,1.0,0.0,0.0,0.0,0.0,1.0,0.0,
5021,e,649.43,0.09000000000003183,phoneme,0.0,0.0,1.0,0.0,0.0,0.0,1.0,0.0,0.0,0.0,0.0,0.0,0.0,1.0,
5022,s,649.52,0.20000000000004547,phoneme,0.0,0.0,0.0,0.0,0.0,0.0,0.0,0.0,1.0,0.0,0.0,0.0,1.0,0.0,
5023,i,649.72,0.049999999999954525,phoneme,0.0,1.0,0.0,0.0,0.0,0.0,1.0,0.0,0.0,0.0,0.0,0.0,0.0,1.0,
5024,o~,649.77,0.13999999999998636,phoneme,0.0,0.0,1.0,0.0,0.0,0.0,1.0,0.0,0.0,1.0,0.0,0.0,0.0,1.0,
5025,l,649.91,0.04000000000007731,phoneme,0.0,0.0,0.0,0.0,0.0,0.0,0.0,0.0,0.0,0.0,1.0,0.0,0.0,0.0,
5026,a,649.95,0.049999999999954525,phoneme,1.0,0.0,0.0,0.0,0.0,0.0,1.0,0.0,0.0,0.0,0.0,0.0,0.0,1.0,
5027,l,650.0,0.08000000000004093,phoneme,0.0,0.0,0.0,0.0,0.0,0.0,0.0,0.0,0.0,0.0,1.0,0.0,0.0,0.0,
5028,9,650.08,0.07999999999992724,phoneme,0.0,0.0,1.0,0.0,0.0,0.0,1.0,0.0,0.0,0.0,0.0,0.0,0.0,1.0,
5029,R,650.16,0.08000000000004093,phoneme,0.0,0.0,0.0,0.0,0.0,0.0,0.0,0.0,0.0,0.0,0.0,1.0,0.0,0.0,
5030,a~,650.24,0.09000000000003183,phoneme,1.0,0.0,0.0,0.0,0.0,0.0,1.0,0.0,0.0,1.0,0.0,0.0,0.0,1.0,
5031,l,650.33,0.15999999999996817,phoneme,0.0,0.0,0.0,0.0,0.0,0.0,0.0,0.0,0.0,0.0,1.0,0.0,0.0,0.0,
5032,E,650.49,0.12000000000000455,phoneme,0.0,0.0,1.0,0.0,0.0,0.0,1.0,0.0,0.0,0.0,0.0,0.0,0.0,1.0,
5033,v,650.61,0.10000000000002274,phoneme,0.0,0.0,0.0,0.0,0.0,0.0,0.0,0.0,1.0,0.0,0.0,0.0,1.0,1.0,
5034,i,651.02,0.09000000000003183,phoneme,0.0,1.0,0.0,0.0,0.0,0.0,1.0,0.0,0.0,0.0,0.0,0.0,0.0,1.0,
5035,l,651.11,0.03999999999996362,phoneme,0.0,0.0,0.0,0.0,0.0,0.0,0.0,0.0,0.0,0.0,1.0,0.0,0.0,0.0,
5036,p,651.15,0.20000000000004547,phoneme,0.0,0.0,0.0,1.0,0.0,0.0,0.0,1.0,0.0,0.0,0.0,0.0,1.0,0.0,
5037,l,651.35,0.029999999999972715,phoneme,0.0,0.0,0.0,0.0,0.0,0.0,0.0,0.0,0.0,0.0,1.0,0.0,0.0,0.0,
5038,9,651.38,0.2400000000000091,phoneme,0.0,0.0,1.0,0.0,0.0,0.0,1.0,0.0,0.0,0.0,0.0,0.0,0.0,1.0,
5039,R,651.62,0.12999999999999545,phoneme,0.0,0.0,0.0,0.0,0.0,0.0,0.0,0.0,0.0,0.0,0.0,1.0,0.0,0.0,
5040,i,652.78,0.04000000000007731,phoneme,0.0,1.0,0.0,0.0,0.0,0.0,1.0,0.0,0.0,0.0,0.0,0.0,0.0,1.0,
5041,l,652.82,0.049999999999954525,phoneme,0.0,0.0,0.0,0.0,0.0,0.0,0.0,0.0,0.0,0.0,1.0,0.0,0.0,0.0,
5042,z,652.87,0.09000000000003183,phoneme,0.0,0.0,0.0,0.0,0.0,0.0,0.0,0.0,1.0,0.0,0.0,0.0,1.0,1.0,
5043,o~,652.96,0.09999999999990905,phoneme,0.0,0.0,1.0,0.0,0.0,0.0,1.0,0.0,0.0,1.0,0.0,0.0,0.0,1.0,
5044,d,653.06,0.04000000000007731,phoneme,0.0,0.0,0.0,0.0,0.0,0.0,0.0,1.0,0.0,0.0,0.0,0.0,1.0,1.0,
5045,@,653.1,0.049999999999954525,phoneme,0.0,0.0,1.0,0.0,0.0,0.0,1.0,0.0,0.0,0.0,0.0,0.0,0.0,1.0,
5046,l,653.15,0.029999999999972715,phoneme,0.0,0.0,0.0,0.0,0.0,0.0,0.0,0.0,0.0,0.0,1.0,0.0,0.0,0.0,
5047,a,653.18,0.09000000000003183,phoneme,1.0,0.0,0.0,0.0,0.0,0.0,1.0,0.0,0.0,0.0,0.0,0.0,0.0,1.0,
5048,S,653.27,0.15999999999996817,phoneme,0.0,0.0,0.0,0.0,0.0,0.0,0.0,0.0,1.0,0.0,0.0,0.0,1.0,0.0,
5049,a~,653.43,0.18000000000006366,phoneme,1.0,0.0,0.0,0.0,0.0,0.0,1.0,0.0,0.0,1.0,0.0,0.0,0.0,1.0,
5050,s,653.61,0.15999999999996817,phoneme,0.0,0.0,0.0,0.0,0.0,0.0,0.0,0.0,1.0,0.0,0.0,0.0,1.0,0.0,
5051,d,654.16,0.11000000000001364,phoneme,0.0,0.0,0.0,0.0,0.0,0.0,0.0,1.0,0.0,0.0,0.0,0.0,1.0,1.0,
5052,i,654.27,0.08000000000004093,phoneme,0.0,1.0,0.0,0.0,0.0,0.0,1.0,0.0,0.0,0.0,0.0,0.0,0.0,1.0,
5053,l,654.35,0.049999999999954525,phoneme,0.0,0.0,0.0,0.0,0.0,0.0,0.0,0.0,0.0,0.0,1.0,0.0,0.0,0.0,
5054,E,654.4,0.05000000000006821,phoneme,0.0,0.0,1.0,0.0,0.0,0.0,1.0,0.0,0.0,0.0,0.0,0.0,0.0,1.0,
5055,g,654.45,0.06999999999993634,phoneme,0.0,0.0,0.0,0.0,0.0,1.0,0.0,1.0,0.0,0.0,0.0,0.0,1.0,1.0,
5056,H,654.52,0.05000000000006821,phoneme,0.0,0.0,0.0,1.0,0.0,0.0,0.0,0.0,0.0,0.0,1.0,0.0,0.0,0.0,
5057,i,654.57,0.029999999999972715,phoneme,0.0,1.0,0.0,0.0,0.0,0.0,1.0,0.0,0.0,0.0,0.0,0.0,0.0,1.0,
5058,j,654.6,0.12000000000000455,phoneme,0.0,0.0,0.0,0.0,0.0,0.0,0.0,0.0,0.0,0.0,1.0,0.0,0.0,0.0,
5059,9,654.72,0.1999999999999318,phoneme,0.0,0.0,1.0,0.0,0.0,0.0,1.0,0.0,0.0,0.0,0.0,0.0,0.0,1.0,
5060,R,654.92,0.12999999999999545,phoneme,0.0,0.0,0.0,0.0,0.0,0.0,0.0,0.0,0.0,0.0,0.0,1.0,0.0,0.0,
5061,,3.12,0.17999999999999972,word,,,,,,,,,,,,,,,Mais
5062,,3.3,0.16000000000000014,word,,,,,,,,,,,,,,,il
5063,,3.46,0.3999999999999999,word,,,,,,,,,,,,,,,arriva
5064,,3.86,0.1599999999999997,word,,,,,,,,,,,,,,,que
5065,,4.02,0.09000000000000075,word,,,,,,,,,,,,,,,le
5066,,4.17,0.3200000000000003,word,,,,,,,,,,,,,,,petit
5067,,4.49,0.5800000000000001,word,,,,,,,,,,,,,,,prince
5068,,5.28,0.34999999999999964,word,,,,,,,,,,,,,,,ayant
5069,,5.63,0.6449889999999998,word,,,,,,,,,,,,,,,longtemps
5070,,6.274989,0.42501100000000047,word,,,,,,,,,,,,,,,marché
5071,,6.7,0.05999999999999961,word,,,,,,,,,,,,,,,à
5072,,6.76,0.3799999999999999,word,,,,,,,,,,,,,,,travers
5073,,7.14,0.10000000000000053,word,,,,,,,,,,,,,,,les
5074,,7.24,0.5499999999999998,word,,,,,,,,,,,,,,,sables
5075,,8.05,0.19498899999999963,word,,,,,,,,,,,,,,,les
5076,,8.244989,0.44501099999999916,word,,,,,,,,,,,,,,,rocs
5077,,8.76,0.13000000000000078,word,,,,,,,,,,,,,,,et
5078,,8.89,0.12498899999999935,word,,,,,,,,,,,,,,,les
5079,,9.014989,0.5250109999999992,word,,,,,,,,,,,,,,,neiges
5080,,9.94,0.5700000000000003,word,,,,,,,,,,,,,,,découvrit
5081,,10.57,0.5499999999999989,word,,,,,,,,,,,,,,,enfin
5082,,11.12,0.27000000000000135,word,,,,,,,,,,,,,,,une
5083,,11.49,0.4399999999999995,word,,,,,,,,,,,,,,,route
5084,,12.39,0.10999999999999943,word,,,,,,,,,,,,,,,Et
5085,,12.5,0.11999999999999922,word,,,,,,,,,,,,,,,les
5086,,12.62,0.5400000000000009,word,,,,,,,,,,,,,,,routes
5087,,13.16,0.1999999999999993,word,,,,,,,,,,,,,,,vont
5088,,13.36,0.5099999999999998,word,,,,,,,,,,,,,,,toutes
5089,,14.01,0.21000000000000085,word,,,,,,,,,,,,,,,chez
5090,,14.22,0.2400000000000002,word,,,,,,,,,,,,,,,les
5091,,14.46,0.2699999999999996,word,,,,,,,,,,,,,,,hommes
5092,,15.79,0.6099999999999994,word,,,,,,,,,,,,,,,Bonjour
5093,,16.64,0.5799999999999983,word,,,,,,,,,,,,,,,dit-il
5094,,17.8,0.370000000000001,word,,,,,,,,,,,,,,,C'était
5095,,18.17,0.129999999999999,word,,,,,,,,,,,,,,,un
5096,,18.3,0.5700000000000003,word,,,,,,,,,,,,,,,jardin
5097,,18.87,0.5899999999999999,word,,,,,,,,,,,,,,,fleuri
5098,,19.46,0.11999999999999744,word,,,,,,,,,,,,,,,de
5099,,19.58,0.5400000000000027,word,,,,,,,,,,,,,,,roses
5100,,21.04,1.0500000000000007,word,,,,,,,,,,,,,,,Bonjour
5101,,22.26,0.22999999999999687,word,,,,,,,,,,,,,,,dirent
5102,,22.49,0.13000000000000256,word,,,,,,,,,,,,,,,les
5103,,22.62,0.48999999999999844,word,,,,,,,,,,,,,,,roses
5104,,23.91,0.14999999999999858,word,,,,,,,,,,,,,,,Le
5105,,24.06,0.370000000000001,word,,,,,,,,,,,,,,,petit
5106,,24.43,0.5,word,,,,,,,,,,,,,,,prince
5107,,24.93,0.14999999999999858,word,,,,,,,,,,,,,,,les
5108,,25.08,0.5500000000000007,word,,,,,,,,,,,,,,,regarda
5109,,26.23,0.14000000000000057,word,,,,,,,,,,,,,,,Elles
5110,,26.37,0.6799999999999997,word,,,,,,,,,,,,,,,ressemblaient
5111,,27.14,0.35999999999999943,word,,,,,,,,,,,,,,,toutes
5112,,27.57,0.10999999999999943,word,,,,,,,,,,,,,,,à
5113,,27.68,0.19000000000000128,word,,,,,,,,,,,,,,,sa
5114,,27.87,0.5899999999999999,word,,,,,,,,,,,,,,,fleur
5115,,29.18,0.030000000000001137,word,,,,,,,,,,,,,,,Qui
5116,,29.69,0.4800000000000004,word,,,,,,,,,,,,,,,êtes-vous
5117,,30.57,0.23999999999999844,word,,,,,,,,,,,,,,,leur
5118,,30.81,0.7699999999999996,word,,,,,,,,,,,,,,,demanda-t-il
5119,,31.78,0.7999999999999972,word,,,,,,,,,,,,,,,stupéfait
5120,,33.34,0.18999999999999773,word,,,,,,,,,,,,,,,Nous
5121,,33.53,0.259999999999998,word,,,,,,,,,,,,,,,sommes
5122,,33.79,0.1600000000000037,word,,,,,,,,,,,,,,,des
5123,,33.95,0.6999999999999957,word,,,,,,,,,,,,,,,roses
5124,,35.25,0.21000000000000085,word,,,,,,,,,,,,,,,dirent
5125,,35.46,0.17999999999999972,word,,,,,,,,,,,,,,,les
5126,,35.64,0.4799999999999969,word,,,,,,,,,,,,,,,roses
5127,,37.16,0.20000000000000284,word,,,,,,,,,,,,,,,Ah
5128,,37.87,0.20000000000000284,word,,,,,,,,,,,,,,,fit
5129,,38.07,0.10000000000000142,word,,,,,,,,,,,,,,,le
5130,,38.17,0.29999999999999716,word,,,,,,,,,,,,,,,petit
5131,,38.47,0.6099999999999994,word,,,,,,,,,,,,,,,prince
5132,,39.75,0.06498899999999708,word,,,,,,,,,,,,,,,Et
5133,,39.814989,0.19501100000000093,word,,,,,,,,,,,,,,,il
5134,,40.01,0.21999999999999886,word,,,,,,,,,,,,,,,se
5135,,40.23,0.5500000000000043,word,,,,,,,,,,,,,,,sentit
5136,,40.78,0.4949889999999968,word,,,,,,,,,,,,,,,très
5137,,41.274989,0.5850110000000015,word,,,,,,,,,,,,,,,malheureux
5138,,42.55,0.25,word,,,,,,,,,,,,,,,Sa
5139,,42.8,0.35999999999999943,word,,,,,,,,,,,,,,,fleur
5140,,43.16,0.21000000000000085,word,,,,,,,,,,,,,,,lui
5141,,43.37,0.20000000000000284,word,,,,,,,,,,,,,,,avait
5142,,43.57,0.5899999999999963,word,,,,,,,,,,,,,,,raconté
5143,,44.16,0.11000000000000654,word,,,,,,,,,,,,,,,qu'elle
5144,,44.27,0.259999999999998,word,,,,,,,,,,,,,,,était
5145,,44.53,0.37999999999999545,word,,,,,,,,,,,,,,,seule
5146,,44.91,0.07000000000000028,word,,,,,,,,,,,,,,,de
5147,,44.98,0.28000000000000114,word,,,,,,,,,,,,,,,son
5148,,45.26,0.4100000000000037,word,,,,,,,,,,,,,,,espèce
5149,,45.67,0.14999999999999858,word,,,,,,,,,,,,,,,dans
5150,,45.82,0.060000000000002274,word,,,,,,,,,,,,,,,l
5151,,45.88,0.6400000000000006,word,,,,,,,,,,,,,,,univers
5152,,47.03,0.14999999999999858,word,,,,,,,,,,,,,,,Et
5153,,47.18,0.5200000000000031,word,,,,,,,,,,,,,,,voici
5154,,47.7,0.22999999999999687,word,,,,,,,,,,,,,,,qu'il
5155,,47.93,0.14999999999999858,word,,,,,,,,,,,,,,,en
5156,,48.08,0.3100000000000023,word,,,,,,,,,,,,,,,était
5157,,48.39,0.35999999999999943,word,,,,,,,,,,,,,,,cinq
5158,,48.75,0.3999999999999986,word,,,,,,,,,,,,,,,mille
5159,,49.41,0.2600000000000051,word,,,,,,,,,,,,,,,toutes
5160,,49.67,0.6799999999999997,word,,,,,,,,,,,,,,,semblables
5161,,50.66,0.4100000000000037,word,,,,,,,,,,,,,,,dans
5162,,51.07,0.17999999999999972,word,,,,,,,,,,,,,,,un
5163,,51.25,0.45000000000000284,word,,,,,,,,,,,,,,,seul
5164,,51.7,0.529999999999994,word,,,,,,,,,,,,,,,jardin
5165,,53.39,0.14999999999999858,word,,,,,,,,,,,,,,,Elle
5166,,53.54,0.4100000000000037,word,,,,,,,,,,,,,,,serait
5167,,53.95,0.19498899999999963,word,,,,,,,,,,,,,,,bien
5168,,54.144989,0.5050109999999961,word,,,,,,,,,,,,,,,vexée
5169,,54.82,0.17999999999999972,word,,,,,,,,,,,,,,,se
5170,,55.0,0.5399999999999991,word,,,,,,,,,,,,,,,dit-il
5171,,56.05,0.19000000000000483,word,,,,,,,,,,,,,,,si
5172,,56.24,0.14999999999999858,word,,,,,,,,,,,,,,,elle
5173,,56.39,0.29999999999999716,word,,,,,,,,,,,,,,,voyait
5174,,56.69,0.28999999999999915,word,,,,,,,,,,,,,,,ça
5175,,57.63,0.14000000000000057,word,,,,,,,,,,,,,,,elle
5176,,57.77,0.6199999999999974,word,,,,,,,,,,,,,,,tousserait
5177,,58.39,0.7100000000000009,word,,,,,,,,,,,,,,,énormément
5178,,59.1,0.05999999999999517,word,,,,,,,,,,,,,,,et
5179,,59.16,0.3200000000000003,word,,,,,,,,,,,,,,,ferait
5180,,59.48,0.44000000000000483,word,,,,,,,,,,,,,,,semblant
5181,,59.92,0.14498899999999537,word,,,,,,,,,,,,,,,de
5182,,60.064989,0.6450110000000038,word,,,,,,,,,,,,,,,mourir
5183,,60.71,0.240000000000002,word,,,,,,,,,,,,,,,pour
5184,,60.95,0.4299999999999997,word,,,,,,,,,,,,,,,échapper
5185,,61.38,0.12999999999999545,word,,,,,,,,,,,,,,,au
5186,,61.51,0.7100000000000009,word,,,,,,,,,,,,,,,ridicule
5187,,62.71,0.07000000000000028,word,,,,,,,,,,,,,,,Et
5188,,62.78,0.14000000000000057,word,,,,,,,,,,,,,,,je
5189,,62.92,0.3299999999999983,word,,,,,,,,,,,,,,,serais
5190,,63.25,0.21000000000000085,word,,,,,,,,,,,,,,,bien
5191,,63.51,0.3300000000000054,word,,,,,,,,,,,,,,,obligé
5192,,63.84,0.10498899999999622,word,,,,,,,,,,,,,,,de
5193,,63.944989,0.20501100000000605,word,,,,,,,,,,,,,,,faire
5194,,64.15,0.47999999999998977,word,,,,,,,,,,,,,,,semblant
5195,,64.63,0.09000000000000341,word,,,,,,,,,,,,,,,de
5196,,64.72,0.14000000000000057,word,,,,,,,,,,,,,,,la
5197,,64.86,0.5700000000000074,word,,,,,,,,,,,,,,,soigner
5198,,65.73,0.37999999999999545,word,,,,,,,,,,,,,,,car
5199,,66.26,0.5,word,,,,,,,,,,,,,,,sinon
5200,,67.11,0.20000000000000284,word,,,,,,,,,,,,,,,pour
5201,,67.31,0.5499999999999972,word,,,,,,,,,,,,,,,m'humilier
5202,,67.93,0.20999999999999375,word,,,,,,,,,,,,,,,moi
5203,,68.14,0.3499999999999943,word,,,,,,,,,,,,,,,aussi
5204,,68.49,0.05498900000000617,word,,,,,,,,,,,,,,,elle
5205,,68.544989,0.08498799999999562,word,,,,,,,,,,,,,,,se
5206,,69.0,0.45999999999999375,word,,,,,,,,,,,,,,,laisserait
5207,,69.46,0.23000000000000398,word,,,,,,,,,,,,,,,vraiment
5208,,69.69,0.23000000000000398,word,,,,,,,,,,,,,,,mourir
5209,,69.92,0.09000000000000341,word,,,,,,,,,,,,,,,Cette
5210,,70.01,0.23999999999999488,word,,,,,,,,,,,,,,,planète
5211,,70.25,0.030000000000001137,word,,,,,,,,,,,,,,,est
5212,,70.28,0.1799999999999926,word,,,,,,,,,,,,,,,toute
5213,,70.46,0.09000000000000341,word,,,,,,,,,,,,,,,sèche
5214,,70.55,0.12000000000000455,word,,,,,,,,,,,,,,,et
5215,,70.67,0.1599999999999966,word,,,,,,,,,,,,,,,toute
5216,,71.71,0.2400000000000091,word,,,,,,,,,,,,,,,pointue
5217,,71.95,0.06999999999999318,word,,,,,,,,,,,,,,,et
5218,,72.02,0.09000000000000341,word,,,,,,,,,,,,,,,toute
5219,,72.11,0.1700000000000017,word,,,,,,,,,,,,,,,salée
5220,,72.28,0.09000000000000341,word,,,,,,,,,,,,,,,Puis
5221,,72.37,0.030000000000001137,word,,,,,,,,,,,,,,,il
5222,,72.4,0.030000000000001137,word,,,,,,,,,,,,,,,se
5223,,72.43,0.05999999999998806,word,,,,,,,,,,,,,,,dit
5224,,72.49,0.5700000000000074,word,,,,,,,,,,,,,,,encore
5225,,73.68,0.21999999999999886,word,,,,,,,,,,,,,,,Je
5226,,73.9,0.11999999999999034,word,,,,,,,,,,,,,,,me
5227,,74.02,0.5100000000000051,word,,,,,,,,,,,,,,,croyais
5228,,74.53,0.3100000000000023,word,,,,,,,,,,,,,,,riche
5229,,74.84,0.030000000000001137,word,,,,,,,,,,,,,,,d
5230,,74.87,0.1700000000000017,word,,,,,,,,,,,,,,,une
5231,,75.04,0.3499999999999943,word,,,,,,,,,,,,,,,fleur
5232,,75.51,0.5799999999999983,word,,,,,,,,,,,,,,,unique
5233,,76.25,0.09999999999999432,word,,,,,,,,,,,,,,,et
5234,,76.35,0.09000000000000341,word,,,,,,,,,,,,,,,je
5235,,76.44,0.1700000000000017,word,,,,,,,,,,,,,,,ne
5236,,76.61,0.4200000000000017,word,,,,,,,,,,,,,,,possède
5237,,77.03,0.3499999999999943,word,,,,,,,,,,,,,,,qu'une
5238,,77.38,0.30000000000001137,word,,,,,,,,,,,,,,,rose
5239,,77.68,0.7299999999999898,word,,,,,,,,,,,,,,,ordinaire
5240,,79.05,0.3500000000000085,word,,,,,,,,,,,,,,,Ça
5241,,79.5,0.09000000000000341,word,,,,,,,,,,,,,,,et
5242,,79.59,0.1599999999999966,word,,,,,,,,,,,,,,,mes
5243,,79.75,0.29999999999999716,word,,,,,,,,,,,,,,,trois
5244,,80.05,0.39000000000000057,word,,,,,,,,,,,,,,,volcans
5245,,80.44,0.21999999999999886,word,,,,,,,,,,,,,,,qui
5246,,80.66,0.25,word,,,,,,,,,,,,,,,m'arrivent
5247,,81.0,0.09999999999999432,word,,,,,,,,,,,,,,,au
5248,,81.1,0.4200000000000017,word,,,,,,,,,,,,,,,genou
5249,,81.65,0.10999999999999943,word,,,,,,,,,,,,,,,et
5250,,81.76,0.19999999999998863,word,,,,,,,,,,,,,,,dont
5251,,81.96,0.10999999999999943,word,,,,,,,,,,,,,,,l
5252,,82.07,0.13000000000000966,word,,,,,,,,,,,,,,,un
5253,,82.2,0.3299999999999983,word,,,,,,,,,,,,,,,peut-être
5254,,82.53,0.269999999999996,word,,,,,,,,,,,,,,,est
5255,,83.15,0.28000000000000114,word,,,,,,,,,,,,,,,éteint
5256,,83.43,0.19999999999998863,word,,,,,,,,,,,,,,,pour
5257,,83.63,0.5500000000000114,word,,,,,,,,,,,,,,,toujours
5258,,84.61,0.10999999999999943,word,,,,,,,,,,,,,,,ça
5259,,84.72,0.12999999999999545,word,,,,,,,,,,,,,,,ne
5260,,84.85,0.1600000000000108,word,,,,,,,,,,,,,,,fait
5261,,85.01,0.12999999999999545,word,,,,,,,,,,,,,,,pas
5262,,85.14,0.1599999999999966,word,,,,,,,,,,,,,,,de
5263,,85.3,0.1599999999999966,word,,,,,,,,,,,,,,,moi
5264,,85.46,0.10999999999999943,word,,,,,,,,,,,,,,,un
5265,,85.62,0.20999999999999375,word,,,,,,,,,,,,,,,bien
5266,,85.83,0.21000000000000796,word,,,,,,,,,,,,,,,grand
5267,,86.04,0.6099999999999994,word,,,,,,,,,,,,,,,prince
5268,,87.48,0.1700000000000017,word,,,,,,,,,,,,,,,Et
5269,,87.95,0.3499999999999943,word,,,,,,,,,,,,,,,couché
5270,,88.3,0.1599999999999966,word,,,,,,,,,,,,,,,dans
5271,,88.46,0.07000000000000739,word,,,,,,,,,,,,,,,l
5272,,88.53,0.3499999999999943,word,,,,,,,,,,,,,,,herbe
5273,,89.24,0.18000000000000682,word,,,,,,,,,,,,,,,il
5274,,89.42,0.4099999999999966,word,,,,,,,,,,,,,,,pleura
5275,,93.38,0.2600000000000051,word,,,,,,,,,,,,,,,C'est
5276,,93.64,0.4299999999999926,word,,,,,,,,,,,,,,,alors
5277,,94.07,0.5500000000000114,word,,,,,,,,,,,,,,,qu'apparut
5278,,94.62,0.09999999999999432,word,,,,,,,,,,,,,,,le
5279,,94.72,0.7800000000000011,word,,,,,,,,,,,,,,,renard
5280,,96.55,1.0400000000000063,word,,,,,,,,,,,,,,,Bonjour
5281,,97.88,0.13000000000000966,word,,,,,,,,,,,,,,,dit
5282,,98.01,0.14000000000000057,word,,,,,,,,,,,,,,,le
5283,,98.15,0.6199999999999903,word,,,,,,,,,,,,,,,renard
5284,,99.4,0.6799999999999926,word,,,,,,,,,,,,,,,Bonjour
5285,,100.41,0.5400000000000063,word,,,,,,,,,,,,,,,répondit
5286,,100.95,0.3999999999999915,word,,,,,,,,,,,,,,,poliment
5287,,101.35,0.0800000000000125,word,,,,,,,,,,,,,,,le
5288,,101.43,0.28999999999999204,word,,,,,,,,,,,,,,,petit
5289,,101.72,0.5600000000000023,word,,,,,,,,,,,,,,,prince
5290,,102.46,0.15000000000000568,word,,,,,,,,,,,,,,,qui
5291,,102.61,0.12999999999999545,word,,,,,,,,,,,,,,,se
5292,,102.74,0.6099999999999994,word,,,,,,,,,,,,,,,retourna
5293,,103.53,0.15000000000000568,word,,,,,,,,,,,,,,,mais
5294,,103.68,0.13999999999998636,word,,,,,,,,,,,,,,,ne
5295,,103.82,0.1700000000000017,word,,,,,,,,,,,,,,,vit
5296,,103.99,0.3100000000000023,word,,,,,,,,,,,,,,,rien
5297,,105.41,0.14000000000000057,word,,,,,,,,,,,,,,,Je
5298,,105.6,0.4000000000000057,word,,,,,,,,,,,,,,,suis
5299,,106.0,0.4099999999999966,word,,,,,,,,,,,,,,,là
5300,,106.95,0.14999999999999147,word,,,,,,,,,,,,,,,dit
5301,,107.1,0.15000000000000568,word,,,,,,,,,,,,,,,la
5302,,107.25,0.2600000000000051,word,,,,,,,,,,,,,,,voix
5303,,107.8,0.269999999999996,word,,,,,,,,,,,,,,,sous
5304,,108.07,0.13000000000000966,word,,,,,,,,,,,,,,,le
5305,,108.2,0.519999999999996,word,,,,,,,,,,,,,,,pommier
5306,,109.52,0.23498899999999878,word,,,,,,,,,,,,,,,Qui
5307,,109.754989,0.45501099999999894,word,,,,,,,,,,,,,,,es-tu
5308,,110.53,0.1799999999999926,word,,,,,,,,,,,,,,,dit
5309,,110.71,0.0800000000000125,word,,,,,,,,,,,,,,,le
5310,,110.79,0.2599999999999909,word,,,,,,,,,,,,,,,petit
5311,,111.05,0.5700000000000074,word,,,,,,,,,,,,,,,prince
5312,,111.95,0.14999999999999147,word,,,,,,,,,,,,,,,Tu
5313,,112.1,0.18000000000000682,word,,,,,,,,,,,,,,,es
5314,,112.28,0.15000000000000568,word,,,,,,,,,,,,,,,bien
5315,,112.43,0.4299999999999926,word,,,,,,,,,,,,,,,joli
5316,,113.87,0.20999999999999375,word,,,,,,,,,,,,,,,Je
5317,,114.08,0.29999999999999716,word,,,,,,,,,,,,,,,suis
5318,,114.38,0.15000000000000568,word,,,,,,,,,,,,,,,un
5319,,114.53,0.7399999999999949,word,,,,,,,,,,,,,,,renard
5320,,115.63,0.18000000000000682,word,,,,,,,,,,,,,,,dit
5321,,115.81,0.10999999999999943,word,,,,,,,,,,,,,,,le
5322,,115.92,0.5799999999999983,word,,,,,,,,,,,,,,,renard
5323,,117.43,0.1699999999999875,word,,,,,,,,,,,,,,,Viens
5324,,117.6,0.28000000000000114,word,,,,,,,,,,,,,,,jouer
5325,,117.88,0.25,word,,,,,,,,,,,,,,,avec
5326,,118.13,0.20000000000000284,word,,,,,,,,,,,,,,,moi
5327,,118.68,0.18999999999999773,word,,,,,,,,,,,,,,,lui
5328,,118.87,0.47498899999999367,word,,,,,,,,,,,,,,,proposa
5329,,119.344989,0.08501100000000861,word,,,,,,,,,,,,,,,le
5330,,119.43,0.29999999999999716,word,,,,,,,,,,,,,,,petit
5331,,119.73,0.5499999999999972,word,,,,,,,,,,,,,,,prince
5332,,120.64,0.10999999999999943,word,,,,,,,,,,,,,,,Je
5333,,120.8,0.18999999999999773,word,,,,,,,,,,,,,,,suis
5334,,120.99,0.5200000000000102,word,,,,,,,,,,,,,,,tellement
5335,,121.51,0.6499999999999915,word,,,,,,,,,,,,,,,triste
5336,,123.2,0.14000000000000057,word,,,,,,,,,,,,,,,Je
5337,,123.34,0.1799999999999926,word,,,,,,,,,,,,,,,ne
5338,,123.52,0.14000000000000057,word,,,,,,,,,,,,,,,puis
5339,,123.66,0.2600000000000051,word,,,,,,,,,,,,,,,pas
5340,,123.92,0.25,word,,,,,,,,,,,,,,,jouer
5341,,124.24,0.21000000000000796,word,,,,,,,,,,,,,,,avec
5342,,124.45,0.28000000000000114,word,,,,,,,,,,,,,,,toi
5343,,125.15,0.12999999999999545,word,,,,,,,,,,,,,,,dit
5344,,125.28,0.10999999999999943,word,,,,,,,,,,,,,,,le
5345,,125.39,0.5400000000000063,word,,,,,,,,,,,,,,,renard
5346,,126.3,0.1700000000000017,word,,,,,,,,,,,,,,,Je
5347,,126.47,0.14000000000000057,word,,,,,,,,,,,,,,,ne
5348,,126.61,0.1599999999999966,word,,,,,,,,,,,,,,,suis
5349,,126.77,0.18498900000000162,word,,,,,,,,,,,,,,,pas
5350,,126.954989,0.7450110000000052,word,,,,,,,,,,,,,,,apprivoisé
5351,,128.89,0.2300000000000182,word,,,,,,,,,,,,,,,Ah
5352,,129.33,0.4899999999999807,word,,,,,,,,,,,,,,,pardon
5353,,130.3,0.11999999999997613,word,,,,,,,,,,,,,,,fit
5354,,130.42,0.12000000000000455,word,,,,,,,,,,,,,,,le
5355,,130.54,0.30000000000001137,word,,,,,,,,,,,,,,,petit
5356,,130.84,0.5099999999999909,word,,,,,,,,,,,,,,,prince
5357,,132.04,0.3100000000000023,word,,,,,,,,,,,,,,,Mais
5358,,132.54,0.36000000000001364,word,,,,,,,,,,,,,,,après
5359,,132.9,0.710000000000008,word,,,,,,,,,,,,,,,réflexion
5360,,133.83,0.1799999999999784,word,,,,,,,,,,,,,,,il
5361,,134.01,0.4900000000000091,word,,,,,,,,,,,,,,,ajouta
5362,,135.17,0.2400000000000091,word,,,,,,,,,,,,,,,Qu'est-ce
5363,,135.41,0.11498900000000845,word,,,,,,,,,,,,,,,que
5364,,135.524989,0.6550110000000018,word,,,,,,,,,,,,,,,signifie
5365,,136.18,0.7199999999999989,word,,,,,,,,,,,,,,,apprivoiser
5366,,138.04,0.16498900000001981,word,,,,,,,,,,,,,,,Tu
5367,,138.204989,0.1550110000000018,word,,,,,,,,,,,,,,,n'es
5368,,138.36,0.09999999999999432,word,,,,,,,,,,,,,,,pas
5369,,138.46,0.060000000000002274,word,,,,,,,,,,,,,,,d
5370,,138.52,0.44999999999998863,word,,,,,,,,,,,,,,,ici
5371,,139.28,0.18000000000000682,word,,,,,,,,,,,,,,,dit
5372,,139.46,0.10999999999998522,word,,,,,,,,,,,,,,,le
5373,,139.57,0.5699999999999932,word,,,,,,,,,,,,,,,renard
5374,,140.47,0.11000000000001364,word,,,,,,,,,,,,,,,que
5375,,140.58,0.37999999999999545,word,,,,,,,,,,,,,,,cherches
5376,,141.01,0.3200000000000216,word,,,,,,,,,,,,,,,tu
5377,,142.22,0.14000000000001478,word,,,,,,,,,,,,,,,Je
5378,,142.36,0.4099999999999966,word,,,,,,,,,,,,,,,cherche
5379,,142.77,0.29999999999998295,word,,,,,,,,,,,,,,,les
5380,,143.07,0.3100000000000023,word,,,,,,,,,,,,,,,hommes
5381,,143.77,0.13999999999998636,word,,,,,,,,,,,,,,,dit
5382,,143.91,0.11000000000001364,word,,,,,,,,,,,,,,,le
5383,,144.02,0.28999999999999204,word,,,,,,,,,,,,,,,petit
5384,,144.31,0.539999999999992,word,,,,,,,,,,,,,,,prince
5385,,145.44,0.21999999999999886,word,,,,,,,,,,,,,,,Qu'est-ce
5386,,145.66,0.09000000000000341,word,,,,,,,,,,,,,,,que
5387,,145.75,0.7599999999999909,word,,,,,,,,,,,,,,,signifie
5388,,146.57,0.8499999999999943,word,,,,,,,,,,,,,,,apprivoiser
5389,,148.67,0.2600000000000193,word,,,,,,,,,,,,,,,Les
5390,,148.93,0.29999999999998295,word,,,,,,,,,,,,,,,hommes
5391,,149.53,0.1699999999999875,word,,,,,,,,,,,,,,,dit
5392,,149.7,0.11000000000001364,word,,,,,,,,,,,,,,,le
5393,,149.81,0.5200000000000102,word,,,,,,,,,,,,,,,renard
5394,,150.7,0.2400000000000091,word,,,,,,,,,,,,,,,ils
5395,,150.94,0.09999999999999432,word,,,,,,,,,,,,,,,ont
5396,,151.04,0.14000000000001478,word,,,,,,,,,,,,,,,des
5397,,151.18,0.44498899999999253,word,,,,,,,,,,,,,,,fusils
5398,,151.624989,0.20498800000001438,word,,,,,,,,,,,,,,,et
5399,,151.829977,0.040022999999990816,word,,,,,,,,,,,,,,,ils
5400,,151.87,0.5799999999999841,word,,,,,,,,,,,,,,,chassent
5401,,152.73,0.2600000000000193,word,,,,,,,,,,,,,,,C'est
5402,,152.99,0.25,word,,,,,,,,,,,,,,,bien
5403,,153.24,0.5699999999999932,word,,,,,,,,,,,,,,,gênant
5404,,154.36,0.23999999999998067,word,,,,,,,,,,,,,,,Ils
5405,,154.6,0.28000000000000114,word,,,,,,,,,,,,,,,élèvent
5406,,154.88,0.25,word,,,,,,,,,,,,,,,aussi
5407,,155.13,0.17000000000001592,word,,,,,,,,,,,,,,,des
5408,,155.3,0.39999999999997726,word,,,,,,,,,,,,,,,poules
5409,,156.05,0.1699999999999875,word,,,,,,,,,,,,,,,C'est
5410,,156.22,0.19999999999998863,word,,,,,,,,,,,,,,,leur
5411,,156.42,0.21999999999999886,word,,,,,,,,,,,,,,,seul
5412,,156.64,0.4300000000000068,word,,,,,,,,,,,,,,,intérêt
5413,,157.74,0.09999999999999432,word,,,,,,,,,,,,,,,Tu
5414,,157.84,0.3599999999999852,word,,,,,,,,,,,,,,,cherches
5415,,158.2,0.160000000000025,word,,,,,,,,,,,,,,,des
5416,,158.36,0.30999999999997385,word,,,,,,,,,,,,,,,poules
5417,,159.67,0.25,word,,,,,,,,,,,,,,,Non
5418,,160.31,0.15000000000000568,word,,,,,,,,,,,,,,,dit
5419,,160.46,0.12000000000000455,word,,,,,,,,,,,,,,,le
5420,,160.58,0.2699999999999818,word,,,,,,,,,,,,,,,petit
5421,,160.85,0.5500000000000114,word,,,,,,,,,,,,,,,prince
5422,,161.72,0.11000000000001364,word,,,,,,,,,,,,,,,Je
5423,,161.83,0.3699999999999761,word,,,,,,,,,,,,,,,cherche
5424,,162.2,0.25,word,,,,,,,,,,,,,,,des
5425,,162.45,0.35000000000002274,word,,,,,,,,,,,,,,,amis
5426,,163.32,0.21999999999999886,word,,,,,,,,,,,,,,,Qu'est-ce
5427,,163.54,0.11498900000000845,word,,,,,,,,,,,,,,,que
5428,,163.654989,0.6850110000000029,word,,,,,,,,,,,,,,,signifie
5429,,164.4,0.8299999999999841,word,,,,,,,,,,,,,,,apprivoiser
5430,,166.15,0.28000000000000114,word,,,,,,,,,,,,,,,C'est
5431,,166.43,0.1599999999999966,word,,,,,,,,,,,,,,,une
5432,,166.59,0.3400000000000034,word,,,,,,,,,,,,,,,chose
5433,,166.93,0.2599999999999909,word,,,,,,,,,,,,,,,trop
5434,,167.19,0.5900000000000034,word,,,,,,,,,,,,,,,oubliée
5435,,168.09,0.1599999999999966,word,,,,,,,,,,,,,,,dit
5436,,168.25,0.11000000000001364,word,,,,,,,,,,,,,,,le
5437,,168.36,0.5199999999999818,word,,,,,,,,,,,,,,,renard
5438,,169.25,0.18999999999999773,word,,,,,,,,,,,,,,,Ça
5439,,169.44,0.6700000000000159,word,,,,,,,,,,,,,,,signifie
5440,,170.11,0.4399999999999977,word,,,,,,,,,,,,,,,créer
5441,,170.55,0.20999999999997954,word,,,,,,,,,,,,,,,des
5442,,170.76,0.25,word,,,,,,,,,,,,,,,liens
5443,,171.91,0.46999999999999886,word,,,,,,,,,,,,,,,Créer
5444,,172.38,0.17000000000001592,word,,,,,,,,,,,,,,,des
5445,,172.55,0.19999999999998863,word,,,,,,,,,,,,,,,liens
5446,,173.7,0.18999999999999773,word,,,,,,,,,,,,,,,Bien
5447,,173.89,0.5,word,,,,,,,,,,,,,,,sûr
5448,,174.66,0.15000000000000568,word,,,,,,,,,,,,,,,dit
5449,,174.81,0.10999999999998522,word,,,,,,,,,,,,,,,le
5450,,174.92,0.5200000000000102,word,,,,,,,,,,,,,,,renard
5451,,175.99,0.13999999999998636,word,,,,,,,,,,,,,,,Tu
5452,,176.13,0.18000000000000682,word,,,,,,,,,,,,,,,n'es
5453,,176.31,0.3299999999999841,word,,,,,,,,,,,,,,,encore
5454,,176.64,0.17000000000001592,word,,,,,,,,,,,,,,,pour
5455,,176.81,0.19999999999998863,word,,,,,,,,,,,,,,,moi
5456,,177.01,0.14000000000001478,word,,,,,,,,,,,,,,,qu'un
5457,,177.15,0.28999999999999204,word,,,,,,,,,,,,,,,petit
5458,,177.44,0.4099999999999966,word,,,,,,,,,,,,,,,garçon
5459,,177.85,0.2300000000000182,word,,,,,,,,,,,,,,,tout
5460,,178.08,0.5300000000000011,word,,,,,,,,,,,,,,,semblable
5461,,178.61,0.06999999999999318,word,,,,,,,,,,,,,,,à
5462,,178.68,0.38999999999998636,word,,,,,,,,,,,,,,,cent
5463,,179.07,0.25,word,,,,,,,,,,,,,,,mille
5464,,179.32,0.28000000000000114,word,,,,,,,,,,,,,,,petits
5465,,179.6,0.5,word,,,,,,,,,,,,,,,garçons
5466,,180.45,0.0749890000000164,word,,,,,,,,,,,,,,,Et
5467,,180.524989,0.18501100000000292,word,,,,,,,,,,,,,,,je
5468,,180.71,0.15000000000000568,word,,,,,,,,,,,,,,,n'ai
5469,,180.86,0.14999999999997726,word,,,,,,,,,,,,,,,pas
5470,,181.01,0.30000000000001137,word,,,,,,,,,,,,,,,besoin
5471,,181.31,0.13999999999998636,word,,,,,,,,,,,,,,,de
5472,,181.45,0.30000000000001137,word,,,,,,,,,,,,,,,toi
5473,,182.17,0.060000000000002274,word,,,,,,,,,,,,,,,Et
5474,,182.23,0.18000000000000682,word,,,,,,,,,,,,,,,tu
5475,,182.41,0.17000000000001592,word,,,,,,,,,,,,,,,n'as
5476,,182.58,0.1599999999999966,word,,,,,,,,,,,,,,,pas
5477,,182.74,0.3499999999999943,word,,,,,,,,,,,,,,,besoin
5478,,183.09,0.09000000000000341,word,,,,,,,,,,,,,,,de
5479,,183.18,0.1599999999999966,word,,,,,,,,,,,,,,,moi
5480,,183.34,0.13999999999998636,word,,,,,,,,,,,,,,,non
5481,,183.55,0.2699999999999818,word,,,,,,,,,,,,,,,plus
5482,,184.39,0.1549890000000005,word,,,,,,,,,,,,,,,Je
5483,,184.544989,0.12501100000000065,word,,,,,,,,,,,,,,,ne
5484,,184.67,0.21000000000000796,word,,,,,,,,,,,,,,,suis
5485,,184.88,0.18999999999999773,word,,,,,,,,,,,,,,,pour
5486,,185.07,0.27000000000001023,word,,,,,,,,,,,,,,,toi
5487,,185.34,0.1599999999999966,word,,,,,,,,,,,,,,,qu'un
5488,,185.5,0.5500000000000114,word,,,,,,,,,,,,,,,renard
5489,,186.05,0.6099999999999852,word,,,,,,,,,,,,,,,semblable
5490,,186.72,0.12000000000000455,word,,,,,,,,,,,,,,,à
5491,,186.84,0.28999999999999204,word,,,,,,,,,,,,,,,cent
5492,,187.13,0.2300000000000182,word,,,,,,,,,,,,,,,mille
5493,,187.36,0.5299999999999727,word,,,,,,,,,,,,,,,renards
5494,,188.58,0.4099999999999966,word,,,,,,,,,,,,,,,Mais
5495,,188.99,0.1799999999999784,word,,,,,,,,,,,,,,,si
5496,,189.17,0.16498900000001981,word,,,,,,,,,,,,,,,tu
5497,,189.334989,0.8550109999999904,word,,,,,,,,,,,,,,,m'apprivoises
5498,,190.64,0.20000000000001705,word,,,,,,,,,,,,,,,nous
5499,,190.84,0.19999999999998863,word,,,,,,,,,,,,,,,aurons
5500,,191.04,0.4200000000000159,word,,,,,,,,,,,,,,,besoin
5501,,191.46,0.030000000000001137,word,,,,,,,,,,,,,,,l
5502,,191.49,0.10999999999998522,word,,,,,,,,,,,,,,,un
5503,,191.6,0.09999999999999432,word,,,,,,,,,,,,,,,de
5504,,191.7,0.09000000000000341,word,,,,,,,,,,,,,,,l
5505,,191.79,0.4399999999999977,word,,,,,,,,,,,,,,,autre
5506,,192.75,0.15000000000000568,word,,,,,,,,,,,,,,,Tu
5507,,192.9,0.28000000000000114,word,,,,,,,,,,,,,,,seras
5508,,193.18,0.25,word,,,,,,,,,,,,,,,pour
5509,,193.43,0.21999999999999886,word,,,,,,,,,,,,,,,moi
5510,,193.84,0.4399999999999977,word,,,,,,,,,,,,,,,unique
5511,,194.28,0.06999999999999318,word,,,,,,,,,,,,,,,au
5512,,194.4,0.37999999999999545,word,,,,,,,,,,,,,,,monde
5513,,195.26,0.1599999999999966,word,,,,,,,,,,,,,,,Je
5514,,195.42,0.35000000000002274,word,,,,,,,,,,,,,,,serai
5515,,195.77,0.1699999999999875,word,,,,,,,,,,,,,,,pour
5516,,195.94,0.25,word,,,,,,,,,,,,,,,toi
5517,,196.34,0.37000000000000455,word,,,,,,,,,,,,,,,unique
5518,,196.71,0.04999999999998295,word,,,,,,,,,,,,,,,au
5519,,196.76,0.4200000000000159,word,,,,,,,,,,,,,,,monde
5520,,198.47,0.14000000000001478,word,,,,,,,,,,,,,,,Je
5521,,198.7,0.46999999999999886,word,,,,,,,,,,,,,,,commence
5522,,199.17,0.05000000000001137,word,,,,,,,,,,,,,,,à
5523,,199.22,0.8100000000000023,word,,,,,,,,,,,,,,,comprendre
5524,,200.29,0.18000000000000682,word,,,,,,,,,,,,,,,dit
5525,,200.47,0.09000000000000341,word,,,,,,,,,,,,,,,le
5526,,200.56,0.3100000000000023,word,,,,,,,,,,,,,,,petit
5527,,200.87,0.5600000000000023,word,,,,,,,,,,,,,,,prince
5528,,202.29,0.14000000000001478,word,,,,,,,,,,,,,,,Il
5529,,202.43,0.12999999999999545,word,,,,,,,,,,,,,,,y
5530,,202.56,0.060000000000002274,word,,,,,,,,,,,,,,,a
5531,,202.67,0.0700000000000216,word,,,,,,,,,,,,,,,une
5532,,202.74,0.6499999999999773,word,,,,,,,,,,,,,,,fleur
5533,,203.59,0.12999999999999545,word,,,,,,,,,,,,,,,Je
5534,,203.72,0.27000000000001023,word,,,,,,,,,,,,,,,crois
5535,,203.99,0.22498899999999367,word,,,,,,,,,,,,,,,qu'elle
5536,,204.214989,0.07501099999998928,word,,,,,,,,,,,,,,,m'a
5537,,204.29,0.7900000000000205,word,,,,,,,,,,,,,,,apprivoisé
5538,,206.06,0.21000000000000796,word,,,,,,,,,,,,,,,C'est
5539,,206.27,0.5799999999999841,word,,,,,,,,,,,,,,,possible
5540,,207.15,0.15000000000000568,word,,,,,,,,,,,,,,,dit
5541,,207.3,0.10999999999998522,word,,,,,,,,,,,,,,,le
5542,,207.41,0.5300000000000011,word,,,,,,,,,,,,,,,renard
5543,,208.56,0.1599999999999966,word,,,,,,,,,,,,,,,On
5544,,208.72,0.1599999999999966,word,,,,,,,,,,,,,,,voit
5545,,208.88,0.17000000000001592,word,,,,,,,,,,,,,,,sur
5546,,209.05,0.12999999999999545,word,,,,,,,,,,,,,,,la
5547,,209.18,0.38999999999998636,word,,,,,,,,,,,,,,,Terre
5548,,209.57,0.21999999999999886,word,,,,,,,,,,,,,,,toutes
5549,,209.79,0.3499999999999943,word,,,,,,,,,,,,,,,sortes
5550,,210.14,0.11000000000001364,word,,,,,,,,,,,,,,,de
5551,,210.25,0.5300000000000011,word,,,,,,,,,,,,,,,choses
5552,,211.74,0.22999999999998977,word,,,,,,,,,,,,,,,Oh
5553,,211.97,0.1699999999999875,word,,,,,,,,,,,,,,,ce
5554,,212.14,0.15000000000000568,word,,,,,,,,,,,,,,,n'est
5555,,212.29,0.10498900000001754,word,,,,,,,,,,,,,,,pas
5556,,212.394989,0.1550110000000018,word,,,,,,,,,,,,,,,sur
5557,,212.55,0.12999999999999545,word,,,,,,,,,,,,,,,la
5558,,212.68,0.44999999999998863,word,,,,,,,,,,,,,,,Terre
5559,,213.5,0.15000000000000568,word,,,,,,,,,,,,,,,dit
5560,,213.65,0.09999999999999432,word,,,,,,,,,,,,,,,le
5561,,213.75,0.28999999999999204,word,,,,,,,,,,,,,,,petit
5562,,214.04,0.5300000000000011,word,,,,,,,,,,,,,,,prince
5563,,215.51,0.10000000000002274,word,,,,,,,,,,,,,,,Le
5564,,215.61,0.5099999999999909,word,,,,,,,,,,,,,,,renard
5565,,216.12,0.3599999999999852,word,,,,,,,,,,,,,,,parut
5566,,216.48,0.4900000000000091,word,,,,,,,,,,,,,,,très
5567,,216.97,0.5,word,,,,,,,,,,,,,,,intrigué
5568,,218.28,0.30000000000001137,word,,,,,,,,,,,,,,,Sur
5569,,218.58,0.07999999999998408,word,,,,,,,,,,,,,,,une
5570,,218.66,0.2400000000000091,word,,,,,,,,,,,,,,,autre
5571,,218.9,0.6200000000000045,word,,,,,,,,,,,,,,,planète
5572,,220.24,0.29999999999998295,word,,,,,,,,,,,,,,,Oui
5573,,221.25,0.21000000000000796,word,,,,,,,,,,,,,,,Il
5574,,221.46,0.06999999999999318,word,,,,,,,,,,,,,,,y
5575,,221.53,0.030000000000001137,word,,,,,,,,,,,,,,,a
5576,,221.56,0.12000000000000455,word,,,,,,,,,,,,,,,des
5577,,221.68,0.6099999999999852,word,,,,,,,,,,,,,,,chasseurs
5578,,222.29,0.15000000000000568,word,,,,,,,,,,,,,,,sur
5579,,222.44,0.22999999999998977,word,,,,,,,,,,,,,,,cette
5580,,222.67,0.5,word,,,,,,,,,,,,,,,planète-là
5581,,224.06,0.21999999999999886,word,,,,,,,,,,,,,,,Non
5582,,225.0,0.4300000000000068,word,,,,,,,,,,,,,,,Ça
5583,,225.43,0.22999999999998977,word,,,,,,,,,,,,,,,c'est
5584,,225.66,0.6500000000000057,word,,,,,,,,,,,,,,,intéressant
5585,,226.74,0.06999999999999318,word,,,,,,,,,,,,,,,Et
5586,,226.81,0.18999999999999773,word,,,,,,,,,,,,,,,des
5587,,227.0,0.3300000000000125,word,,,,,,,,,,,,,,,poules
5588,,228.16,0.30000000000001137,word,,,,,,,,,,,,,,,Non
5589,,229.3,0.29999999999998295,word,,,,,,,,,,,,,,,Rien
5590,,229.6,0.21000000000000796,word,,,,,,,,,,,,,,,n'est
5591,,229.81,0.4300000000000068,word,,,,,,,,,,,,,,,parfait
5592,,230.63,0.5,word,,,,,,,,,,,,,,,soupira
5593,,231.13,0.11000000000001364,word,,,,,,,,,,,,,,,le
5594,,231.24,0.6099999999999852,word,,,,,,,,,,,,,,,renard
5595,,232.56,0.17498900000001072,word,,,,,,,,,,,,,,,Mais
5596,,232.734989,0.054987999999980275,word,,,,,,,,,,,,,,,le
5597,,232.789977,0.560023000000001,word,,,,,,,,,,,,,,,renard
5598,,233.35,0.28000000000000114,word,,,,,,,,,,,,,,,revint
5599,,233.68,0.07999999999998408,word,,,,,,,,,,,,,,,à
5600,,233.76,0.21999999999999886,word,,,,,,,,,,,,,,,son
5601,,233.98,0.4000000000000057,word,,,,,,,,,,,,,,,idée
5602,,235.14,0.17000000000001592,word,,,,,,,,,,,,,,,Ma
5603,,235.31,0.10999999999998522,word,,,,,,,,,,,,,,,vie
5604,,235.42,0.17000000000001592,word,,,,,,,,,,,,,,,est
5605,,235.59,0.7599999999999909,word,,,,,,,,,,,,,,,monotone
5606,,236.73,0.12000000000000455,word,,,,,,,,,,,,,,,Je
5607,,236.85,0.3300000000000125,word,,,,,,,,,,,,,,,chasse
5608,,237.18,0.15000000000000568,word,,,,,,,,,,,,,,,les
5609,,237.33,0.4099999999999966,word,,,,,,,,,,,,,,,poules
5610,,237.95,0.30000000000001137,word,,,,,,,,,,,,,,,les
5611,,238.25,0.18000000000000682,word,,,,,,,,,,,,,,,hommes
5612,,238.43,0.12999999999999545,word,,,,,,,,,,,,,,,me
5613,,238.56,0.5799999999999841,word,,,,,,,,,,,,,,,chassent
5614,,239.7,0.20000000000001705,word,,,,,,,,,,,,,,,Toutes
5615,,239.9,0.12999999999999545,word,,,,,,,,,,,,,,,les
5616,,240.03,0.1699999999999875,word,,,,,,,,,,,,,,,poules
5617,,240.25,0.12999999999999545,word,,,,,,,,,,,,,,,se
5618,,240.38,0.6200000000000045,word,,,,,,,,,,,,,,,ressemblent
5619,,241.14,0.0700000000000216,word,,,,,,,,,,,,,,,et
5620,,241.21,0.1699999999999875,word,,,,,,,,,,,,,,,tous
5621,,241.38,0.2400000000000091,word,,,,,,,,,,,,,,,les
5622,,241.62,0.19999999999998863,word,,,,,,,,,,,,,,,hommes
5623,,241.82,0.13498900000001868,word,,,,,,,,,,,,,,,se
5624,,241.954989,0.6850109999999745,word,,,,,,,,,,,,,,,ressemblent
5625,,243.06,0.19999999999998863,word,,,,,,,,,,,,,,,Je
5626,,243.26,0.4200000000000159,word,,,,,,,,,,,,,,,m'ennuie
5627,,243.68,0.3100000000000023,word,,,,,,,,,,,,,,,donc
5628,,243.99,0.12000000000000455,word,,,,,,,,,,,,,,,un
5629,,244.11,0.29999999999998295,word,,,,,,,,,,,,,,,peu
5630,,245.28,0.3400000000000034,word,,,,,,,,,,,,,,,Mais
5631,,245.62,0.18000000000000682,word,,,,,,,,,,,,,,,si
5632,,245.8,0.1599999999999966,word,,,,,,,,,,,,,,,tu
5633,,245.96,0.75,word,,,,,,,,,,,,,,,m'apprivoises
5634,,247.15,0.1599999999999966,word,,,,,,,,,,,,,,,ma
5635,,247.31,0.2599999999999909,word,,,,,,,,,,,,,,,vie
5636,,247.57,0.3499999999999943,word,,,,,,,,,,,,,,,sera
5637,,247.92,0.21000000000000796,word,,,,,,,,,,,,,,,comme
5638,,248.13,0.6599999999999966,word,,,,,,,,,,,,,,,ensoleillée
5639,,249.37,0.18999999999999773,word,,,,,,,,,,,,,,,Je
5640,,249.56,0.5699999999999932,word,,,,,,,,,,,,,,,connaîtrai
5641,,250.21,0.23999999999998067,word,,,,,,,,,,,,,,,un
5642,,250.45,0.21999999999999886,word,,,,,,,,,,,,,,,bruit
5643,,250.67,0.18000000000000682,word,,,,,,,,,,,,,,,de
5644,,250.85,0.18999999999999773,word,,,,,,,,,,,,,,,pas
5645,,251.04,0.2400000000000091,word,,,,,,,,,,,,,,,qui
5646,,251.28,0.2599999999999909,word,,,,,,,,,,,,,,,sera
5647,,251.54,0.5200000000000102,word,,,,,,,,,,,,,,,différent
5648,,252.06,0.12999999999999545,word,,,,,,,,,,,,,,,de
5649,,252.19,0.3100000000000023,word,,,,,,,,,,,,,,,tous
5650,,252.5,0.25,word,,,,,,,,,,,,,,,les
5651,,252.75,0.44999999999998863,word,,,,,,,,,,,,,,,autres
5652,,253.78,0.2599999999999909,word,,,,,,,,,,,,,,,Les
5653,,254.04,0.28000000000000114,word,,,,,,,,,,,,,,,autres
5654,,254.37,0.18000000000000682,word,,,,,,,,,,,,,,,pas
5655,,254.55,0.08999999999997499,word,,,,,,,,,,,,,,,me
5656,,254.64,0.25,word,,,,,,,,,,,,,,,font
5657,,254.89,0.5600000000000023,word,,,,,,,,,,,,,,,rentrer
5658,,255.45,0.13000000000002387,word,,,,,,,,,,,,,,,sous
5659,,255.58,0.5300000000000011,word,,,,,,,,,,,,,,,terre
5660,,256.66,0.20999999999997954,word,,,,,,,,,,,,,,,Le
5661,,256.87,0.339999999999975,word,,,,,,,,,,,,,,,tien
5662,,257.21,0.5400000000000205,word,,,,,,,,,,,,,,,m'appellera
5663,,257.75,0.2599999999999909,word,,,,,,,,,,,,,,,hors
5664,,258.01,0.10000000000002274,word,,,,,,,,,,,,,,,du
5665,,258.11,0.5799999999999841,word,,,,,,,,,,,,,,,terrier
5666,,258.84,0.2300000000000182,word,,,,,,,,,,,,,,,comme
5667,,259.07,0.11498899999998002,word,,,,,,,,,,,,,,,une
5668,,259.184989,0.5750110000000177,word,,,,,,,,,,,,,,,musique
5669,,260.27,0.040000000000020464,word,,,,,,,,,,,,,,,Et
5670,,260.38,0.3299999999999841,word,,,,,,,,,,,,,,,puis
5671,,260.71,0.6000000000000227,word,,,,,,,,,,,,,,,regarde
5672,,261.79,0.18999999999999773,word,,,,,,,,,,,,,,,Tu
5673,,261.98,0.2400000000000091,word,,,,,,,,,,,,,,,vois
5674,,262.22,0.38999999999998636,word,,,,,,,,,,,,,,,là-bas
5675,,262.76,0.12000000000000455,word,,,,,,,,,,,,,,,les
5676,,262.88,0.25,word,,,,,,,,,,,,,,,champs
5677,,263.13,0.12000000000000455,word,,,,,,,,,,,,,,,de
5678,,263.25,0.3199999999999932,word,,,,,,,,,,,,,,,blé
5679,,264.12,0.15999999999996817,word,,,,,,,,,,,,,,,Je
5680,,264.28,0.11000000000001364,word,,,,,,,,,,,,,,,ne
5681,,264.39,0.28000000000002956,word,,,,,,,,,,,,,,,mange
5682,,264.67,0.14999999999997726,word,,,,,,,,,,,,,,,pas
5683,,264.82,0.11000000000001364,word,,,,,,,,,,,,,,,de
5684,,264.93,0.18999999999999773,word,,,,,,,,,,,,,,,pain
5685,,265.61,0.22999999999996135,word,,,,,,,,,,,,,,,Le
5686,,265.84,0.3100000000000023,word,,,,,,,,,,,,,,,blé
5687,,266.15,0.17000000000001592,word,,,,,,,,,,,,,,,pour
5688,,266.32,0.2400000000000091,word,,,,,,,,,,,,,,,moi
5689,,266.56,0.17000000000001592,word,,,,,,,,,,,,,,,est
5690,,266.73,0.5799999999999841,word,,,,,,,,,,,,,,,inutile
5691,,267.85,0.13999999999998636,word,,,,,,,,,,,,,,,Les
5692,,267.99,0.2300000000000182,word,,,,,,,,,,,,,,,champs
5693,,268.22,0.1199999999999477,word,,,,,,,,,,,,,,,de
5694,,268.34,0.2300000000000182,word,,,,,,,,,,,,,,,blé
5695,,268.57,0.09498899999999821,word,,,,,,,,,,,,,,,ne
5696,,268.664989,0.10501099999999042,word,,,,,,,,,,,,,,,me
5697,,268.77,0.4500000000000455,word,,,,,,,,,,,,,,,rappellent
5698,,269.22,0.2899999999999636,word,,,,,,,,,,,,,,,rien
5699,,270.14,0.06999999999999318,word,,,,,,,,,,,,,,,Et
5700,,270.21,0.29000000000002046,word,,,,,,,,,,,,,,,ça
5701,,270.73,0.19999999999998863,word,,,,,,,,,,,,,,,c'est
5702,,270.93,0.589999999999975,word,,,,,,,,,,,,,,,triste
5703,,272.29,0.12999999999999545,word,,,,,,,,,,,,,,,Mais
5704,,272.42,0.16999999999995907,word,,,,,,,,,,,,,,,tu
5705,,272.59,0.09000000000003183,word,,,,,,,,,,,,,,,as
5706,,272.68,0.08999999999997499,word,,,,,,,,,,,,,,,des
5707,,272.77,0.4000000000000341,word,,,,,,,,,,,,,,,cheveux
5708,,273.17,0.38999999999998636,word,,,,,,,,,,,,,,,couleur
5709,,273.56,0.07999999999998408,word,,,,,,,,,,,,,,,d
5710,,273.64,0.37000000000000455,word,,,,,,,,,,,,,,,or
5711,,274.58,0.4300000000000068,word,,,,,,,,,,,,,,,Alors
5712,,275.01,0.160000000000025,word,,,,,,,,,,,,,,,ce
5713,,275.17,0.3199999999999932,word,,,,,,,,,,,,,,,sera
5714,,275.49,0.5799999999999841,word,,,,,,,,,,,,,,,merveilleux
5715,,276.07,0.17000000000001592,word,,,,,,,,,,,,,,,quand
5716,,276.24,0.13498900000001868,word,,,,,,,,,,,,,,,tu
5717,,276.374989,0.30501099999997905,word,,,,,,,,,,,,,,,m'auras
5718,,276.68,0.7400000000000091,word,,,,,,,,,,,,,,,apprivoisé
5719,,278.01,0.21000000000003638,word,,,,,,,,,,,,,,,Le
5720,,278.22,0.39999999999997726,word,,,,,,,,,,,,,,,blé
5721,,278.85,0.16999999999995907,word,,,,,,,,,,,,,,,qui
5722,,279.02,0.11000000000001364,word,,,,,,,,,,,,,,,est
5723,,279.13,0.4700000000000273,word,,,,,,,,,,,,,,,doré
5724,,279.88,0.13999999999998636,word,,,,,,,,,,,,,,,me
5725,,280.02,0.3199999999999932,word,,,,,,,,,,,,,,,fera
5726,,280.34,0.5100000000000477,word,,,,,,,,,,,,,,,souvenir
5727,,280.85,0.12999999999999545,word,,,,,,,,,,,,,,,de
5728,,280.98,0.3199999999999932,word,,,,,,,,,,,,,,,toi
5729,,282.0,0.06999999999999318,word,,,,,,,,,,,,,,,Et
5730,,282.07,0.5449889999999868,word,,,,,,,,,,,,,,,j'aimerai
5731,,282.614989,0.13501100000001998,word,,,,,,,,,,,,,,,le
5732,,282.75,0.339999999999975,word,,,,,,,,,,,,,,,bruit
5733,,283.09,0.18999999999999773,word,,,,,,,,,,,,,,,du
5734,,283.28,0.22000000000002728,word,,,,,,,,,,,,,,,vent
5735,,283.5,0.14999999999997726,word,,,,,,,,,,,,,,,dans
5736,,283.65,0.1400000000000432,word,,,,,,,,,,,,,,,le
5737,,283.79,0.3199999999999932,word,,,,,,,,,,,,,,,blé
5738,,285.21,0.1400000000000432,word,,,,,,,,,,,,,,,Le
5739,,285.35,0.40999999999996817,word,,,,,,,,,,,,,,,renard
5740,,285.76,0.19999999999998863,word,,,,,,,,,,,,,,,se
5741,,285.96,0.35000000000002274,word,,,,,,,,,,,,,,,tut
5742,,286.55,0.11000000000001364,word,,,,,,,,,,,,,,,et
5743,,286.66,0.5749889999999596,word,,,,,,,,,,,,,,,regarda
5744,,287.234989,0.5850110000000086,word,,,,,,,,,,,,,,,longtemps
5745,,287.82,0.11000000000001364,word,,,,,,,,,,,,,,,le
5746,,287.93,0.339999999999975,word,,,,,,,,,,,,,,,petit
5747,,288.27,0.6200000000000045,word,,,,,,,,,,,,,,,prince
5748,,289.8,0.2799999999999727,word,,,,,,,,,,,,,,,S'il
5749,,290.08,0.1500000000000341,word,,,,,,,,,,,,,,,te
5750,,290.23,0.37000000000000455,word,,,,,,,,,,,,,,,plaît
5751,,291.14,0.8600000000000136,word,,,,,,,,,,,,,,,apprivoise-moi
5752,,292.46,0.5699999999999932,word,,,,,,,,,,,,,,,dit-il
5753,,294.11,0.18000000000000682,word,,,,,,,,,,,,,,,Je
5754,,294.29,0.13999999999998636,word,,,,,,,,,,,,,,,veux
5755,,294.43,0.2599999999999909,word,,,,,,,,,,,,,,,bien
5756,,295.1,0.40999999999996817,word,,,,,,,,,,,,,,,répondit
5757,,295.51,0.160000000000025,word,,,,,,,,,,,,,,,le
5758,,295.67,0.2599999999999909,word,,,,,,,,,,,,,,,petit
5759,,295.93,0.5699999999999932,word,,,,,,,,,,,,,,,prince
5760,,296.86,0.0999999999999659,word,,,,,,,,,,,,,,,mais
5761,,296.96,0.17000000000001592,word,,,,,,,,,,,,,,,je
5762,,297.13,0.12000000000000455,word,,,,,,,,,,,,,,,nai
5763,,297.25,0.14999999999997726,word,,,,,,,,,,,,,,,pas
5764,,297.4,0.26000000000004775,word,,,,,,,,,,,,,,,beaucoup
5765,,297.66,0.1199999999999477,word,,,,,,,,,,,,,,,de
5766,,297.78,0.3100000000000023,word,,,,,,,,,,,,,,,temps
5767,,298.5,0.18000000000000682,word,,,,,,,,,,,,,,,J'ai
5768,,298.68,0.21999999999997044,word,,,,,,,,,,,,,,,des
5769,,298.9,0.27498900000000503,word,,,,,,,,,,,,,,,amis
5770,,299.174989,0.06498800000002802,word,,,,,,,,,,,,,,,à
5771,,299.239977,0.5300229999999715,word,,,,,,,,,,,,,,,découvrir
5772,,299.95,0.10000000000002274,word,,,,,,,,,,,,,,,et
5773,,300.05,0.2799999999999727,word,,,,,,,,,,,,,,,beaucoup
5774,,300.33,0.10000000000002274,word,,,,,,,,,,,,,,,de
5775,,300.43,0.3299999999999841,word,,,,,,,,,,,,,,,choses
5776,,300.76,0.06999999999999318,word,,,,,,,,,,,,,,,à
5777,,300.83,0.5699999999999932,word,,,,,,,,,,,,,,,connaître
5778,,302.63,0.13999999999998636,word,,,,,,,,,,,,,,,On
5779,,302.77,0.12000000000000455,word,,,,,,,,,,,,,,,ne
5780,,302.89,0.3100000000000023,word,,,,,,,,,,,,,,,connaît
5781,,303.2,0.13999999999998636,word,,,,,,,,,,,,,,,que
5782,,303.34,0.12000000000000455,word,,,,,,,,,,,,,,,les
5783,,303.46,0.3199999999999932,word,,,,,,,,,,,,,,,choses
5784,,303.78,0.1500000000000341,word,,,,,,,,,,,,,,,que
5785,,303.93,0.029999999999972715,word,,,,,,,,,,,,,,,l
5786,,303.96,0.12000000000000455,word,,,,,,,,,,,,,,,on
5787,,304.08,0.7300000000000182,word,,,,,,,,,,,,,,,apprivoise
5788,,305.21,0.160000000000025,word,,,,,,,,,,,,,,,dit
5789,,305.37,0.12000000000000455,word,,,,,,,,,,,,,,,le
5790,,305.49,0.5600000000000023,word,,,,,,,,,,,,,,,renard
5791,,306.66,0.3299999999999841,word,,,,,,,,,,,,,,,Les
5792,,306.99,0.2300000000000182,word,,,,,,,,,,,,,,,hommes
5793,,307.22,0.23999999999995225,word,,,,,,,,,,,,,,,n'ont
5794,,307.46,0.1400000000000432,word,,,,,,,,,,,,,,,plus
5795,,307.6,0.13999999999998636,word,,,,,,,,,,,,,,,le
5796,,307.74,0.21999999999997044,word,,,,,,,,,,,,,,,temps
5797,,307.96,0.12999999999999545,word,,,,,,,,,,,,,,,de
5798,,308.09,0.35000000000002274,word,,,,,,,,,,,,,,,rien
5799,,308.44,0.7099999999999795,word,,,,,,,,,,,,,,,connaître
5800,,309.45,0.2300000000000182,word,,,,,,,,,,,,,,,Ils
5801,,309.68,0.40999999999996817,word,,,,,,,,,,,,,,,achètent
5802,,310.09,0.10000000000002274,word,,,,,,,,,,,,,,,des
5803,,310.19,0.410000000000025,word,,,,,,,,,,,,,,,choses
5804,,310.6,0.2899999999999636,word,,,,,,,,,,,,,,,toutes
5805,,310.89,0.2400000000000091,word,,,,,,,,,,,,,,,faites
5806,,311.13,0.18999999999999773,word,,,,,,,,,,,,,,,chez
5807,,311.32,0.10000000000002274,word,,,,,,,,,,,,,,,les
5808,,311.42,0.4900000000000091,word,,,,,,,,,,,,,,,marchands
5809,,312.35,0.12000000000000455,word,,,,,,,,,,,,,,,Mais
5810,,312.47,0.22498899999999367,word,,,,,,,,,,,,,,,comme
5811,,312.694989,0.09498800000000074,word,,,,,,,,,,,,,,,il
5812,,312.789977,0.5100229999999897,word,,,,,,,,,,,,,,,n'existe
5813,,313.3,0.30000000000001137,word,,,,,,,,,,,,,,,point
5814,,313.6,0.08999999999997499,word,,,,,,,,,,,,,,,de
5815,,313.69,0.339999999999975,word,,,,,,,,,,,,,,,marchands
5816,,314.03,0.08000000000004093,word,,,,,,,,,,,,,,,d
5817,,314.11,0.3499999999999659,word,,,,,,,,,,,,,,,amis
5818,,314.81,0.3100000000000023,word,,,,,,,,,,,,,,,les
5819,,315.12,0.2599999999999909,word,,,,,,,,,,,,,,,hommes
5820,,315.38,0.18000000000000682,word,,,,,,,,,,,,,,,n'ont
5821,,315.56,0.11000000000001364,word,,,,,,,,,,,,,,,plus
5822,,315.67,0.060000000000002274,word,,,,,,,,,,,,,,,d
5823,,315.73,0.3100000000000023,word,,,,,,,,,,,,,,,amis
5824,,316.77,0.1500000000000341,word,,,,,,,,,,,,,,,Si
5825,,316.92,0.13999999999998636,word,,,,,,,,,,,,,,,tu
5826,,317.06,0.18999999999999773,word,,,,,,,,,,,,,,,veux
5827,,317.25,0.18000000000000682,word,,,,,,,,,,,,,,,un
5828,,317.43,0.3100000000000023,word,,,,,,,,,,,,,,,ami
5829,,318.07,0.7200000000000273,word,,,,,,,,,,,,,,,apprivoise-moi
5830,,319.76,0.13999999999998636,word,,,,,,,,,,,,,,,Que
5831,,319.9,0.32000000000005,word,,,,,,,,,,,,,,,faut-il
5832,,320.22,0.44999999999998863,word,,,,,,,,,,,,,,,faire
5833,,321.12,0.13999999999998636,word,,,,,,,,,,,,,,,dit
5834,,321.26,0.12000000000000455,word,,,,,,,,,,,,,,,le
5835,,321.38,0.2699999999999818,word,,,,,,,,,,,,,,,petit
5836,,321.65,0.5600000000000023,word,,,,,,,,,,,,,,,prince
5837,,323.07,0.160000000000025,word,,,,,,,,,,,,,,,Il
5838,,323.23,0.18999999999999773,word,,,,,,,,,,,,,,,faut
5839,,323.47,0.2899999999999636,word,,,,,,,,,,,,,,,être
5840,,323.76,0.37999999999999545,word,,,,,,,,,,,,,,,très
5841,,324.14,0.4399999999999977,word,,,,,,,,,,,,,,,patient
5842,,324.93,0.5,word,,,,,,,,,,,,,,,répondit
5843,,325.43,0.0999999999999659,word,,,,,,,,,,,,,,,le
5844,,325.53,0.5600000000000023,word,,,,,,,,,,,,,,,renard
5845,,326.94,0.12999999999999545,word,,,,,,,,,,,,,,,Tu
5846,,327.07,0.4700000000000273,word,,,,,,,,,,,,,,,t'assoiras
5847,,327.54,0.03999999999996362,word,,,,,,,,,,,,,,,d
5848,,327.58,0.3900000000000432,word,,,,,,,,,,,,,,,abord
5849,,327.97,0.1099999999999568,word,,,,,,,,,,,,,,,un
5850,,328.08,0.1500000000000341,word,,,,,,,,,,,,,,,peu
5851,,328.23,0.18999999999999773,word,,,,,,,,,,,,,,,loin
5852,,328.42,0.12000000000000455,word,,,,,,,,,,,,,,,de
5853,,328.54,0.25,word,,,,,,,,,,,,,,,moi
5854,,329.16,0.19999999999998863,word,,,,,,,,,,,,,,,comme
5855,,329.36,0.2799999999999727,word,,,,,,,,,,,,,,,ça
5856,,329.97,0.18999999999999773,word,,,,,,,,,,,,,,,dans
5857,,330.16,0.08999999999997499,word,,,,,,,,,,,,,,,l
5858,,330.25,0.339999999999975,word,,,,,,,,,,,,,,,herbe
5859,,331.39,0.160000000000025,word,,,,,,,,,,,,,,,Je
5860,,331.55,0.17000000000001592,word,,,,,,,,,,,,,,,te
5861,,331.72,0.5799999999999841,word,,,,,,,,,,,,,,,regarderai
5862,,332.3,0.0999999999999659,word,,,,,,,,,,,,,,,du
5863,,332.4,0.21000000000003638,word,,,,,,,,,,,,,,,coin
5864,,332.61,0.0999999999999659,word,,,,,,,,,,,,,,,de
5865,,332.71,0.2300000000000182,word,,,,,,,,,,,,,,,l
5866,,332.94,0.14999999999997726,word,,,,,,,,,,,,,,,il
5867,,333.09,0.10000000000002274,word,,,,,,,,,,,,,,,et
5868,,333.28,0.22000000000002728,word,,,,,,,,,,,,,,,tu
5869,,333.5,0.12000000000000455,word,,,,,,,,,,,,,,,ne
5870,,333.62,0.30000000000001137,word,,,,,,,,,,,,,,,diras
5871,,333.92,0.2699999999999818,word,,,,,,,,,,,,,,,rien
5872,,334.95,0.160000000000025,word,,,,,,,,,,,,,,,Le
5873,,335.11,0.5099999999999909,word,,,,,,,,,,,,,,,langage
5874,,335.62,0.07999999999998408,word,,,,,,,,,,,,,,,est
5875,,335.7,0.37999999999999545,word,,,,,,,,,,,,,,,source
5876,,336.08,0.14498900000000958,word,,,,,,,,,,,,,,,de
5877,,336.224989,0.7050110000000132,word,,,,,,,,,,,,,,,malentendus
5878,,337.82,0.34000000000003183,word,,,,,,,,,,,,,,,Mais
5879,,338.42,0.4300000000000068,word,,,,,,,,,,,,,,,chaque
5880,,338.85,0.47999999999996135,word,,,,,,,,,,,,,,,jour
5881,,339.48,0.13999999999998636,word,,,,,,,,,,,,,,,tu
5882,,339.62,0.2799999999999727,word,,,,,,,,,,,,,,,pourras
5883,,339.9,0.4600000000000364,word,,,,,,,,,,,,,,,t'asseoir
5884,,340.53,0.21000000000003638,word,,,,,,,,,,,,,,,un
5885,,340.74,0.18999999999999773,word,,,,,,,,,,,,,,,peu
5886,,340.93,0.18999999999999773,word,,,,,,,,,,,,,,,plus
5887,,341.12,0.39999999999997726,word,,,,,,,,,,,,,,,près
5888,,342.84,0.17000000000001592,word,,,,,,,,,,,,,,,Le
5889,,343.01,0.5199999999999818,word,,,,,,,,,,,,,,,lendemain
5890,,343.53,0.32000000000005,word,,,,,,,,,,,,,,,revint
5891,,343.85,0.13999999999998636,word,,,,,,,,,,,,,,,le
5892,,343.99,0.2899999999999636,word,,,,,,,,,,,,,,,petit
5893,,344.28,0.57000000000005,word,,,,,,,,,,,,,,,prince
5894,,345.83,0.160000000000025,word,,,,,,,,,,,,,,,Il
5895,,345.99,0.05000000000001137,word,,,,,,,,,,,,,,,eût
5896,,346.04,0.2999999999999545,word,,,,,,,,,,,,,,,mieux
5897,,346.34,0.3100000000000023,word,,,,,,,,,,,,,,,valu
5898,,346.65,0.5100000000000477,word,,,,,,,,,,,,,,,revenir
5899,,347.16,0.03999999999996362,word,,,,,,,,,,,,,,,à
5900,,347.2,0.10000000000002274,word,,,,,,,,,,,,,,,la
5901,,347.3,0.3299999999999841,word,,,,,,,,,,,,,,,même
5902,,347.63,0.19999999999998863,word,,,,,,,,,,,,,,,heure
5903,,348.24,0.17000000000001592,word,,,,,,,,,,,,,,,dit
5904,,348.41,0.1099999999999568,word,,,,,,,,,,,,,,,le
5905,,348.52,0.5300000000000296,word,,,,,,,,,,,,,,,renard
5906,,349.67,0.22999999999996135,word,,,,,,,,,,,,,,,Si
5907,,349.9,0.18000000000000682,word,,,,,,,,,,,,,,,tu
5908,,350.08,0.3100000000000023,word,,,,,,,,,,,,,,,viens
5909,,350.39,0.19999999999998863,word,,,,,,,,,,,,,,,par
5910,,350.59,0.5800000000000409,word,,,,,,,,,,,,,,,exemple
5911,,351.28,0.07000000000005002,word,,,,,,,,,,,,,,,à
5912,,351.35,0.339999999999975,word,,,,,,,,,,,,,,,quatre
5913,,351.69,0.13999999999998636,word,,,,,,,,,,,,,,,heures
5914,,351.83,0.10000000000002274,word,,,,,,,,,,,,,,,de
5915,,351.93,0.060000000000002274,word,,,,,,,,,,,,,,,l
5916,,351.99,0.6499999999999773,word,,,,,,,,,,,,,,,après-midi
5917,,353.06,0.19999999999998863,word,,,,,,,,,,,,,,,dès
5918,,353.26,0.36000000000001364,word,,,,,,,,,,,,,,,trois
5919,,353.69,0.28000000000002956,word,,,,,,,,,,,,,,,heures
5920,,353.97,0.1099999999999568,word,,,,,,,,,,,,,,,je
5921,,354.08,0.8100000000000023,word,,,,,,,,,,,,,,,commencerai
5922,,354.89,0.03000000000002956,word,,,,,,,,,,,,,,,d
5923,,354.92,0.2599999999999909,word,,,,,,,,,,,,,,,être
5924,,355.18,0.2300000000000182,word,,,,,,,,,,,,,,,heureux
5925,,356.45,0.3199999999999932,word,,,,,,,,,,,,,,,Plus
5926,,356.77,0.03000000000002956,word,,,,,,,,,,,,,,,l
5927,,356.8,0.2599999999999909,word,,,,,,,,,,,,,,,heure
5928,,357.06,0.5699999999999932,word,,,,,,,,,,,,,,,avancera
5929,,357.94,0.3100000000000023,word,,,,,,,,,,,,,,,plus
5930,,358.25,0.160000000000025,word,,,,,,,,,,,,,,,je
5931,,358.41,0.12999999999999545,word,,,,,,,,,,,,,,,me
5932,,358.54,0.6049889999999891,word,,,,,,,,,,,,,,,sentirai
5933,,359.144989,0.38501099999996313,word,,,,,,,,,,,,,,,heureux
5934,,360.53,0.1400000000000432,word,,,,,,,,,,,,,,,Â
5935,,360.67,0.30000000000001137,word,,,,,,,,,,,,,,,quatre
5936,,360.97,0.2599999999999909,word,,,,,,,,,,,,,,,heures
5937,,361.23,0.39999999999997726,word,,,,,,,,,,,,,,,déjà
5938,,361.92,0.1549890000000005,word,,,,,,,,,,,,,,,je
5939,,362.074989,0.6250109999999722,word,,,,,,,,,,,,,,,m'agiterai
5940,,362.7,0.25,word,,,,,,,,,,,,,,,et
5941,,362.95,0.8199999999999932,word,,,,,,,,,,,,,,,m'inquiéterai
5942,,364.01,0.160000000000025,word,,,,,,,,,,,,,,,je
5943,,364.17,0.6099999999999568,word,,,,,,,,,,,,,,,découvrirai
5944,,364.78,0.1400000000000432,word,,,,,,,,,,,,,,,le
5945,,364.92,0.40999999999996817,word,,,,,,,,,,,,,,,prix
5946,,365.33,0.12999999999999545,word,,,,,,,,,,,,,,,du
5947,,365.46,0.6400000000000432,word,,,,,,,,,,,,,,,bonheur
5948,,366.95,0.21000000000003638,word,,,,,,,,,,,,,,,Mais
5949,,367.16,0.1199999999999477,word,,,,,,,,,,,,,,,si
5950,,367.28,0.20000000000004547,word,,,,,,,,,,,,,,,tu
5951,,367.48,0.15999999999996817,word,,,,,,,,,,,,,,,viens
5952,,367.64,0.410000000000025,word,,,,,,,,,,,,,,,n'importe
5953,,368.05,0.3199999999999932,word,,,,,,,,,,,,,,,quand
5954,,368.52,0.1500000000000341,word,,,,,,,,,,,,,,,je
5955,,368.67,0.13999999999998636,word,,,,,,,,,,,,,,,ne
5956,,368.81,0.2699999999999818,word,,,,,,,,,,,,,,,saurai
5957,,369.08,0.3900000000000432,word,,,,,,,,,,,,,,,jamais
5958,,369.47,0.05999999999994543,word,,,,,,,,,,,,,,,à
5959,,369.53,0.2400000000000091,word,,,,,,,,,,,,,,,quelle
5960,,369.77,0.1549890000000005,word,,,,,,,,,,,,,,,heure
5961,,369.924989,0.4150109999999927,word,,,,,,,,,,,,,,,m'habiller
5962,,370.34,0.1400000000000432,word,,,,,,,,,,,,,,,le
5963,,370.48,0.5600000000000023,word,,,,,,,,,,,,,,,cur
5964,,371.37,0.15999999999996817,word,,,,,,,,,,,,,,,Il
5965,,371.53,0.1400000000000432,word,,,,,,,,,,,,,,,faut
5966,,371.67,0.14999999999997726,word,,,,,,,,,,,,,,,des
5967,,371.82,0.37999999999999545,word,,,,,,,,,,,,,,,rites
5968,,373.36,0.2599999999999909,word,,,,,,,,,,,,,,,Qu'est-ce
5969,,373.62,0.1649889999999914,word,,,,,,,,,,,,,,,qu'un
5970,,373.784989,0.3450109999999995,word,,,,,,,,,,,,,,,rite
5971,,374.63,0.17000000000001592,word,,,,,,,,,,,,,,,dit
5972,,374.8,0.07999999999998408,word,,,,,,,,,,,,,,,le
5973,,374.88,0.3299999999999841,word,,,,,,,,,,,,,,,petit
5974,,375.21,0.5500000000000114,word,,,,,,,,,,,,,,,prince
5975,,376.49,0.2599999999999909,word,,,,,,,,,,,,,,,C'est
5976,,376.75,0.2799999999999727,word,,,,,,,,,,,,,,,aussi
5977,,377.03,0.28000000000002956,word,,,,,,,,,,,,,,,quelque
5978,,377.31,0.2799999999999727,word,,,,,,,,,,,,,,,chose
5979,,377.59,0.11000000000001364,word,,,,,,,,,,,,,,,de
5980,,377.7,0.2549890000000232,word,,,,,,,,,,,,,,,trop
5981,,377.954989,0.5350109999999972,word,,,,,,,,,,,,,,,oublié
5982,,378.9,0.1500000000000341,word,,,,,,,,,,,,,,,dit
5983,,379.05,0.12999999999999545,word,,,,,,,,,,,,,,,le
5984,,379.18,0.5699999999999932,word,,,,,,,,,,,,,,,renard
5985,,380.34,0.18000000000000682,word,,,,,,,,,,,,,,,Cest
5986,,380.52,0.1400000000000432,word,,,,,,,,,,,,,,,ce
5987,,380.66,0.18999999999999773,word,,,,,,,,,,,,,,,qui
5988,,380.85,0.15999999999996817,word,,,,,,,,,,,,,,,fait
5989,,381.01,0.19999999999998863,word,,,,,,,,,,,,,,,qu'un
5990,,381.21,0.3100000000000023,word,,,,,,,,,,,,,,,jour
5991,,381.52,0.12000000000000455,word,,,,,,,,,,,,,,,est
5992,,381.64,0.3300000000000409,word,,,,,,,,,,,,,,,différent
5993,,381.97,0.23999999999995225,word,,,,,,,,,,,,,,,des
5994,,382.21,0.22000000000002728,word,,,,,,,,,,,,,,,autres
5995,,382.43,0.4200000000000159,word,,,,,,,,,,,,,,,jours
5996,,383.16,0.4199999999999591,word,,,,,,,,,,,,,,,une
5997,,383.58,0.160000000000025,word,,,,,,,,,,,,,,,heure
5998,,383.74,0.20999999999997954,word,,,,,,,,,,,,,,,des
5999,,384.13,0.25,word,,,,,,,,,,,,,,,autres
6000,,384.38,0.3299999999999841,word,,,,,,,,,,,,,,,heures
6001,,385.65,0.05000000000001137,word,,,,,,,,,,,,,,,Il
6002,,385.7,0.12999999999999545,word,,,,,,,,,,,,,,,y
6003,,385.83,0.12999999999999545,word,,,,,,,,,,,,,,,a
6004,,385.96,0.11000000000001364,word,,,,,,,,,,,,,,,un
6005,,386.07,0.28000000000002956,word,,,,,,,,,,,,,,,rite
6006,,386.4,0.17000000000001592,word,,,,,,,,,,,,,,,par
6007,,386.57,0.5500000000000114,word,,,,,,,,,,,,,,,exemple
6008,,387.18,0.18999999999999773,word,,,,,,,,,,,,,,,chez
6009,,387.37,0.08999999999997499,word,,,,,,,,,,,,,,,mes
6010,,387.46,0.6500000000000341,word,,,,,,,,,,,,,,,chasseurs
6011,,388.96,0.160000000000025,word,,,,,,,,,,,,,,,Ils
6012,,389.12,0.37999999999999545,word,,,,,,,,,,,,,,,dansent
6013,,389.5,0.11000000000001364,word,,,,,,,,,,,,,,,le
6014,,389.61,0.4300000000000068,word,,,,,,,,,,,,,,,jeudi
6015,,390.04,0.25,word,,,,,,,,,,,,,,,avec
6016,,390.29,0.08999999999997499,word,,,,,,,,,,,,,,,les
6017,,390.38,0.2599999999999909,word,,,,,,,,,,,,,,,filles
6018,,390.64,0.10000000000002274,word,,,,,,,,,,,,,,,du
6019,,390.74,0.6200000000000045,word,,,,,,,,,,,,,,,village
6020,,391.97,0.4199999999999591,word,,,,,,,,,,,,,,,Alors
6021,,392.44,0.08999999999997499,word,,,,,,,,,,,,,,,le
6022,,392.53,0.4600000000000364,word,,,,,,,,,,,,,,,jeudi
6023,,392.99,0.15999999999996817,word,,,,,,,,,,,,,,,est
6024,,393.15,0.32000000000005,word,,,,,,,,,,,,,,,jour
6025,,393.47,0.8899999999999864,word,,,,,,,,,,,,,,,merveilleux
6026,,395.11,0.20999999999997954,word,,,,,,,,,,,,,,,Je
6027,,395.32,0.1500000000000341,word,,,,,,,,,,,,,,,vais
6028,,395.47,0.1099999999999568,word,,,,,,,,,,,,,,,me
6029,,395.58,0.4800000000000182,word,,,,,,,,,,,,,,,promener
6030,,396.06,0.3100000000000023,word,,,,,,,,,,,,,,,jusqu'à
6031,,396.37,0.13999999999998636,word,,,,,,,,,,,,,,,la
6032,,396.51,0.4700000000000273,word,,,,,,,,,,,,,,,vigne
6033,,397.47,0.15999999999996817,word,,,,,,,,,,,,,,,Si
6034,,397.63,0.10000000000002274,word,,,,,,,,,,,,,,,les
6035,,397.73,0.5299999999999727,word,,,,,,,,,,,,,,,chasseurs
6036,,398.26,0.3949890000000096,word,,,,,,,,,,,,,,,dansaient
6037,,398.654989,0.5150110000000154,word,,,,,,,,,,,,,,,n'importe
6038,,399.17,0.39999999999997726,word,,,,,,,,,,,,,,,quand
6039,,399.87,0.12999999999999545,word,,,,,,,,,,,,,,,les
6040,,400.0,0.2799999999999727,word,,,,,,,,,,,,,,,jours
6041,,400.28,0.1400000000000432,word,,,,,,,,,,,,,,,se
6042,,400.42,0.5799999999999841,word,,,,,,,,,,,,,,,ressembleraient
6043,,401.0,0.4900000000000091,word,,,,,,,,,,,,,,,tous
6044,,401.73,0.03999999999996362,word,,,,,,,,,,,,,,,et
6045,,401.77,0.1400000000000432,word,,,,,,,,,,,,,,,je
6046,,401.91,0.2699999999999818,word,,,,,,,,,,,,,,,n'aurais
6047,,402.18,0.25,word,,,,,,,,,,,,,,,point
6048,,402.43,0.08999999999997499,word,,,,,,,,,,,,,,,de
6049,,402.52,0.6299999999999955,word,,,,,,,,,,,,,,,vacances
6050,,404.76,0.410000000000025,word,,,,,,,,,,,,,,,Ainsi
6051,,405.17,0.15999999999996817,word,,,,,,,,,,,,,,,le
6052,,405.33,0.30000000000001137,word,,,,,,,,,,,,,,,petit
6053,,405.63,0.4200000000000159,word,,,,,,,,,,,,,,,prince
6054,,406.14,0.660000000000025,word,,,,,,,,,,,,,,,apprivoisa
6055,,406.8,0.12999999999999545,word,,,,,,,,,,,,,,,le
6056,,406.93,0.6200000000000045,word,,,,,,,,,,,,,,,renard
6057,,408.18,0.05000000000001137,word,,,,,,,,,,,,,,,Et
6058,,408.23,0.2799999999999727,word,,,,,,,,,,,,,,,quand
6059,,408.51,0.10000000000002274,word,,,,,,,,,,,,,,,l
6060,,408.61,0.18000000000000682,word,,,,,,,,,,,,,,,heure
6061,,408.79,0.13999999999998636,word,,,,,,,,,,,,,,,du
6062,,408.93,0.4200000000000159,word,,,,,,,,,,,,,,,départ
6063,,409.35,0.15999999999996817,word,,,,,,,,,,,,,,,fut
6064,,409.51,0.5699999999999932,word,,,,,,,,,,,,,,,proche
6065,,411.21,0.30000000000001137,word,,,,,,,,,,,,,,,Ah
6066,,411.94,0.14999999999997726,word,,,,,,,,,,,,,,,dit
6067,,412.09,0.12000000000000455,word,,,,,,,,,,,,,,,le
6068,,412.21,0.6400000000000432,word,,,,,,,,,,,,,,,renard
6069,,413.47,0.13999999999998636,word,,,,,,,,,,,,,,,Je
6070,,413.61,0.75,word,,,,,,,,,,,,,,,pleurerai
6071,,415.53,0.21000000000003638,word,,,,,,,,,,,,,,,C'est
6072,,415.74,0.18999999999999773,word,,,,,,,,,,,,,,,ta
6073,,415.93,0.5400000000000205,word,,,,,,,,,,,,,,,faute
6074,,416.65,0.18999999999999773,word,,,,,,,,,,,,,,,dit
6075,,416.84,0.10000000000002274,word,,,,,,,,,,,,,,,le
6076,,416.94,0.30000000000001137,word,,,,,,,,,,,,,,,petit
6077,,417.24,0.5399999999999636,word,,,,,,,,,,,,,,,prince
6078,,418.17,0.15999999999996817,word,,,,,,,,,,,,,,,je
6079,,418.33,0.09000000000003183,word,,,,,,,,,,,,,,,ne
6080,,418.42,0.14498900000000958,word,,,,,,,,,,,,,,,te
6081,,418.564989,0.3650109999999813,word,,,,,,,,,,,,,,,souhaitais
6082,,418.93,0.19999999999998863,word,,,,,,,,,,,,,,,point
6083,,419.13,0.13498900000001868,word,,,,,,,,,,,,,,,de
6084,,419.264989,0.3650109999999813,word,,,,,,,,,,,,,,,mal
6085,,419.85,0.12999999999999545,word,,,,,,,,,,,,,,,mais
6086,,419.98,0.14999999999997726,word,,,,,,,,,,,,,,,tu
6087,,420.13,0.09000000000003183,word,,,,,,,,,,,,,,,as
6088,,420.22,0.19999999999998863,word,,,,,,,,,,,,,,,voulu
6089,,420.42,0.14498900000000958,word,,,,,,,,,,,,,,,que
6090,,420.564989,0.10501099999999042,word,,,,,,,,,,,,,,,je
6091,,420.67,0.8100000000000023,word,,,,,,,,,,,,,,,t'apprivoise
6092,,422.33,0.18999999999999773,word,,,,,,,,,,,,,,,Bien
6093,,422.52,0.4800000000000182,word,,,,,,,,,,,,,,,sûr
6094,,423.36,0.14999999999997726,word,,,,,,,,,,,,,,,dit
6095,,423.51,0.12000000000000455,word,,,,,,,,,,,,,,,le
6096,,423.63,0.5500000000000114,word,,,,,,,,,,,,,,,renard
6097,,425.01,0.12000000000000455,word,,,,,,,,,,,,,,,Mais
6098,,425.13,0.17000000000001592,word,,,,,,,,,,,,,,,tu
6099,,425.3,0.13999999999998636,word,,,,,,,,,,,,,,,vas
6100,,425.44,0.5300000000000296,word,,,,,,,,,,,,,,,pleurer
6101,,426.42,0.15999999999996817,word,,,,,,,,,,,,,,,dit
6102,,426.58,0.10000000000002274,word,,,,,,,,,,,,,,,le
6103,,426.68,0.2699999999999818,word,,,,,,,,,,,,,,,petit
6104,,426.95,0.5500000000000114,word,,,,,,,,,,,,,,,prince
6105,,428.04,0.23999999999995225,word,,,,,,,,,,,,,,,Bien
6106,,428.28,0.5100000000000477,word,,,,,,,,,,,,,,,sûr
6107,,429.18,0.14999999999997726,word,,,,,,,,,,,,,,,dit
6108,,429.33,0.11000000000001364,word,,,,,,,,,,,,,,,le
6109,,429.44,0.29000000000002046,word,,,,,,,,,,,,,,,renard
6110,,429.73,0.15999999999996817,word,,,,,,,,,,,,,,,Alors
6111,,429.89,0.11000000000001364,word,,,,,,,,,,,,,,,tu
6112,,430.0,0.060000000000002274,word,,,,,,,,,,,,,,,n'y
6113,,430.85,0.0999999999999659,word,,,,,,,,,,,,,,,gagnes
6114,,430.95,0.18999999999999773,word,,,,,,,,,,,,,,,rien
6115,,431.14,0.17000000000001592,word,,,,,,,,,,,,,,,Si
6116,,431.31,0.060000000000002274,word,,,,,,,,,,,,,,,lu
6117,,431.37,0.10000000000002274,word,,,,,,,,,,,,,,,viens
6118,,431.47,0.1199999999999477,word,,,,,,,,,,,,,,,par
6119,,431.59,0.4000000000000341,word,,,,,,,,,,,,,,,exemple
6120,,431.99,0.029999999999972715,word,,,,,,,,,,,,,,,à
6121,,432.02,0.10000000000002274,word,,,,,,,,,,,,,,,quatre
6122,,432.12,0.06999999999999318,word,,,,,,,,,,,,,,,heures
6123,,432.85,0.029999999999972715,word,,,,,,,,,,,,,,,de
6124,,432.93,0.040000000000020464,word,,,,,,,,,,,,,,,l
6125,,432.97,0.23999999999995225,word,,,,,,,,,,,,,,,après-midi
6126,,433.21,0.08000000000004093,word,,,,,,,,,,,,,,,dès
6127,,433.29,0.14999999999997726,word,,,,,,,,,,,,,,,trois
6128,,433.44,0.06999999999999318,word,,,,,,,,,,,,,,,heures
6129,,433.51,0.03000000000002956,word,,,,,,,,,,,,,,,je
6130,,433.54,0.21999999999997044,word,,,,,,,,,,,,,,,commencerai
6131,,434.08,0.05000000000001137,word,,,,,,,,,,,,,,,d
6132,,434.13,0.09000000000003183,word,,,,,,,,,,,,,,,être
6133,,434.22,0.15999999999996817,word,,,,,,,,,,,,,,,heureux
6134,,434.38,0.060000000000002274,word,,,,,,,,,,,,,,,J'y
6135,,434.44,0.11000000000001364,word,,,,,,,,,,,,,,,gagne
6136,,434.55,0.060000000000002274,word,,,,,,,,,,,,,,,dit
6137,,434.61,0.029999999999972715,word,,,,,,,,,,,,,,,le
6138,,434.64,0.28000000000002956,word,,,,,,,,,,,,,,,renard
6139,,435.34,0.10000000000002274,word,,,,,,,,,,,,,,,à
6140,,435.44,0.35000000000002274,word,,,,,,,,,,,,,,,cause
6141,,435.79,0.1099999999999568,word,,,,,,,,,,,,,,,de
6142,,435.9,0.12000000000000455,word,,,,,,,,,,,,,,,la
6143,,436.02,0.3300000000000409,word,,,,,,,,,,,,,,,couleur
6144,,436.35,0.17999999999994998,word,,,,,,,,,,,,,,,du
6145,,436.53,0.3100000000000023,word,,,,,,,,,,,,,,,blé
6146,,438.04,0.25,word,,,,,,,,,,,,,,,Puis
6147,,438.29,0.13999999999998636,word,,,,,,,,,,,,,,,il
6148,,438.43,0.46999999999997044,word,,,,,,,,,,,,,,,ajouta
6149,,439.59,0.17000000000001592,word,,,,,,,,,,,,,,,Va
6150,,439.76,0.37000000000000455,word,,,,,,,,,,,,,,,revoir
6151,,440.13,0.12000000000000455,word,,,,,,,,,,,,,,,les
6152,,440.25,0.5,word,,,,,,,,,,,,,,,roses
6153,,441.24,0.15999999999996817,word,,,,,,,,,,,,,,,Tu
6154,,441.4,0.57000000000005,word,,,,,,,,,,,,,,,comprendras
6155,,441.97,0.0999999999999659,word,,,,,,,,,,,,,,,que
6156,,442.07,0.18000000000000682,word,,,,,,,,,,,,,,,la
6157,,442.25,0.2799999999999727,word,,,,,,,,,,,,,,,tienne
6158,,442.53,0.21000000000003638,word,,,,,,,,,,,,,,,est
6159,,442.74,0.2899999999999636,word,,,,,,,,,,,,,,,unique
6160,,443.03,0.08000000000004093,word,,,,,,,,,,,,,,,au
6161,,443.11,0.44999999999998863,word,,,,,,,,,,,,,,,monde
6162,,444.04,0.16999999999995907,word,,,,,,,,,,,,,,,Tu
6163,,444.21,0.5200000000000387,word,,,,,,,,,,,,,,,reviendras
6164,,444.73,0.0999999999999659,word,,,,,,,,,,,,,,,me
6165,,444.83,0.30000000000001137,word,,,,,,,,,,,,,,,dire
6166,,445.13,0.39999999999997726,word,,,,,,,,,,,,,,,adieu
6167,,445.82,0.0649890000000255,word,,,,,,,,,,,,,,,et
6168,,445.884989,0.14501099999995404,word,,,,,,,,,,,,,,,je
6169,,446.03,0.1500000000000341,word,,,,,,,,,,,,,,,te
6170,,446.18,0.3100000000000023,word,,,,,,,,,,,,,,,ferai
6171,,446.49,0.37999999999999545,word,,,,,,,,,,,,,,,cadeau
6172,,446.87,0.040000000000020464,word,,,,,,,,,,,,,,,d
6173,,446.91,0.1099999999999568,word,,,,,,,,,,,,,,,un
6174,,447.02,0.5200000000000387,word,,,,,,,,,,,,,,,secret
6175,,448.93,0.07999999999998408,word,,,,,,,,,,,,,,,Le
6176,,449.01,0.35000000000002274,word,,,,,,,,,,,,,,,petit
6177,,449.36,0.46999999999997044,word,,,,,,,,,,,,,,,prince
6178,,449.83,0.12999999999999545,word,,,,,,,,,,,,,,,s'en
6179,,449.96,0.20000000000004547,word,,,,,,,,,,,,,,,fut
6180,,450.16,0.3699999999999477,word,,,,,,,,,,,,,,,revoir
6181,,450.53,0.1400000000000432,word,,,,,,,,,,,,,,,les
6182,,450.67,0.4900000000000091,word,,,,,,,,,,,,,,,roses
6183,,452.25,0.17000000000001592,word,,,,,,,,,,,,,,,Vous
6184,,452.42,0.16999999999995907,word,,,,,,,,,,,,,,,n'êtes
6185,,452.59,0.18999999999999773,word,,,,,,,,,,,,,,,pas
6186,,452.78,0.1400000000000432,word,,,,,,,,,,,,,,,du
6187,,452.92,0.18999999999999773,word,,,,,,,,,,,,,,,tout
6188,,453.11,0.46999999999997044,word,,,,,,,,,,,,,,,semblables
6189,,453.58,0.0649890000000255,word,,,,,,,,,,,,,,,à
6190,,453.644989,0.13501099999996313,word,,,,,,,,,,,,,,,ma
6191,,453.78,0.37000000000000455,word,,,,,,,,,,,,,,,rose
6192,,454.39,0.160000000000025,word,,,,,,,,,,,,,,,vous
6193,,454.55,0.20999999999997954,word,,,,,,,,,,,,,,,n'êtes
6194,,454.76,0.4149889999999914,word,,,,,,,,,,,,,,,rien
6195,,455.174989,0.6150110000000382,word,,,,,,,,,,,,,,,encore
6196,,455.97,0.19999999999998863,word,,,,,,,,,,,,,,,leur
6197,,456.17,0.5299999999999727,word,,,,,,,,,,,,,,,dit-il
6198,,457.27,0.5500000000000114,word,,,,,,,,,,,,,,,Personne
6199,,457.82,0.060000000000002274,word,,,,,,,,,,,,,,,ne
6200,,457.96,0.20000000000004547,word,,,,,,,,,,,,,,,vous
6201,,458.16,0.1199999999999477,word,,,,,,,,,,,,,,,a
6202,,458.28,0.6800000000000068,word,,,,,,,,,,,,,,,apprivoisées
6203,,459.16,0.13999999999998636,word,,,,,,,,,,,,,,,et
6204,,459.3,0.0999999999999659,word,,,,,,,,,,,,,,,vous
6205,,459.4,0.32000000000005,word,,,,,,,,,,,,,,,n'avez
6206,,459.72,0.5599999999999454,word,,,,,,,,,,,,,,,apprivoisé
6207,,460.28,0.7400000000000091,word,,,,,,,,,,,,,,,personne
6208,,461.63,0.19999999999998863,word,,,,,,,,,,,,,,,Vous
6209,,461.83,0.22000000000002728,word,,,,,,,,,,,,,,,êtes
6210,,462.05,0.2899999999999636,word,,,,,,,,,,,,,,,comme
6211,,462.34,0.27000000000003865,word,,,,,,,,,,,,,,,était
6212,,462.61,0.16999999999995907,word,,,,,,,,,,,,,,,mon
6213,,462.78,0.5300000000000296,word,,,,,,,,,,,,,,,renard
6214,,464.06,0.10000000000002274,word,,,,,,,,,,,,,,,Ce
6215,,464.16,0.2599999999999909,word,,,,,,,,,,,,,,,n'était
6216,,464.42,0.19999999999998863,word,,,,,,,,,,,,,,,qu'un
6217,,464.62,0.5,word,,,,,,,,,,,,,,,renard
6218,,465.12,0.589999999999975,word,,,,,,,,,,,,,,,semblable
6219,,465.71,0.05000000000001137,word,,,,,,,,,,,,,,,à
6220,,465.76,0.36000000000001364,word,,,,,,,,,,,,,,,cent
6221,,466.12,0.17000000000001592,word,,,,,,,,,,,,,,,mille
6222,,466.29,0.37999999999999545,word,,,,,,,,,,,,,,,autres
6223,,467.66,0.14999999999997726,word,,,,,,,,,,,,,,,Mais
6224,,467.81,0.10000000000002274,word,,,,,,,,,,,,,,,j'en
6225,,468.1,0.08999999999997499,word,,,,,,,,,,,,,,,ai
6226,,468.19,0.160000000000025,word,,,,,,,,,,,,,,,fait
6227,,468.35,0.23999999999995225,word,,,,,,,,,,,,,,,mon
6228,,468.59,0.3300000000000409,word,,,,,,,,,,,,,,,ami
6229,,469.19,0.06999999999999318,word,,,,,,,,,,,,,,,et
6230,,469.26,0.25,word,,,,,,,,,,,,,,,il
6231,,469.51,0.11000000000001364,word,,,,,,,,,,,,,,,est
6232,,469.62,0.589999999999975,word,,,,,,,,,,,,,,,maintenant
6233,,470.38,0.9200000000000159,word,,,,,,,,,,,,,,,unique
6234,,471.3,0.060000000000002274,word,,,,,,,,,,,,,,,au
6235,,471.44,0.10000000000002274,word,,,,,,,,,,,,,,,monde
6236,,472.58,0.10000000000002274,word,,,,,,,,,,,,,,,Et
6237,,472.68,0.13999999999998636,word,,,,,,,,,,,,,,,les
6238,,472.82,0.3100000000000023,word,,,,,,,,,,,,,,,roses
6239,,473.13,0.18999999999999773,word,,,,,,,,,,,,,,,étaient
6240,,473.32,0.10000000000002274,word,,,,,,,,,,,,,,,bien
6241,,473.42,0.39999999999997726,word,,,,,,,,,,,,,,,gênées
6242,,474.96,0.20000000000004547,word,,,,,,,,,,,,,,,Vous
6243,,475.16,0.17999999999994998,word,,,,,,,,,,,,,,,êtes
6244,,475.34,0.34000000000003183,word,,,,,,,,,,,,,,,belles
6245,,475.89,0.12999999999999545,word,,,,,,,,,,,,,,,mais
6246,,476.02,0.20000000000004547,word,,,,,,,,,,,,,,,vous
6247,,476.22,0.16999999999995907,word,,,,,,,,,,,,,,,êtes
6248,,476.39,0.38999999999998636,word,,,,,,,,,,,,,,,vides
6249,,477.14,0.18000000000000682,word,,,,,,,,,,,,,,,leur
6250,,477.32,0.4000000000000341,word,,,,,,,,,,,,,,,dit-il
6251,,477.72,0.5399999999999636,word,,,,,,,,,,,,,,,encore
6252,,478.89,0.09000000000003183,word,,,,,,,,,,,,,,,On
6253,,478.98,0.0999999999999659,word,,,,,,,,,,,,,,,ne
6254,,479.08,0.1500000000000341,word,,,,,,,,,,,,,,,peut
6255,,479.23,0.19999999999998863,word,,,,,,,,,,,,,,,pas
6256,,479.43,0.339999999999975,word,,,,,,,,,,,,,,,mourir
6257,,479.77,0.21000000000003638,word,,,,,,,,,,,,,,,pour
6258,,479.98,0.37000000000000455,word,,,,,,,,,,,,,,,vous
6259,,480.92,0.18999999999999773,word,,,,,,,,,,,,,,,Bien
6260,,481.11,0.4199999999999591,word,,,,,,,,,,,,,,,sûr
6261,,481.53,0.1300000000000523,word,,,,,,,,,,,,,,,ma
6262,,481.66,0.2699999999999818,word,,,,,,,,,,,,,,,rose
6263,,481.93,0.06999999999999318,word,,,,,,,,,,,,,,,à
6264,,482.0,0.2400000000000091,word,,,,,,,,,,,,,,,moi
6265,,482.58,0.17000000000001592,word,,,,,,,,,,,,,,,un
6266,,482.75,0.37999999999999545,word,,,,,,,,,,,,,,,passant
6267,,483.13,0.5199999999999818,word,,,,,,,,,,,,,,,ordinaire
6268,,483.65,0.4200000000000159,word,,,,,,,,,,,,,,,croirait
6269,,484.07,0.20999999999997954,word,,,,,,,,,,,,,,,qu'elle
6270,,484.28,0.12000000000000455,word,,,,,,,,,,,,,,,vous
6271,,484.4,0.6700000000000159,word,,,,,,,,,,,,,,,ressemble
6272,,485.54,0.20999999999997954,word,,,,,,,,,,,,,,,Mais
6273,,485.75,0.060000000000002274,word,,,,,,,,,,,,,,,à
6274,,485.81,0.25,word,,,,,,,,,,,,,,,elle
6275,,486.06,0.35000000000002274,word,,,,,,,,,,,,,,,seule
6276,,486.53,0.1549890000000005,word,,,,,,,,,,,,,,,elle
6277,,486.684989,0.08498800000000983,word,,,,,,,,,,,,,,,est
6278,,486.769977,0.28002300000002833,word,,,,,,,,,,,,,,,plus
6279,,487.05,0.5500000000000114,word,,,,,,,,,,,,,,,importante
6280,,487.6,0.19999999999998863,word,,,,,,,,,,,,,,,que
6281,,487.8,0.18000000000000682,word,,,,,,,,,,,,,,,vous
6282,,487.98,0.5,word,,,,,,,,,,,,,,,toutes
6283,,488.81,0.3249890000000164,word,,,,,,,,,,,,,,,puisque
6284,,489.134989,0.3650109999999813,word,,,,,,,,,,,,,,,c'est
6285,,489.5,0.19999999999998863,word,,,,,,,,,,,,,,,elle
6286,,489.7,0.21000000000003638,word,,,,,,,,,,,,,,,que
6287,,489.91,0.1199999999999477,word,,,,,,,,,,,,,,,j'ai
6288,,490.1,0.6099999999999568,word,,,,,,,,,,,,,,,arrosée
6289,,491.2,0.37000000000000455,word,,,,,,,,,,,,,,,Puisque
6290,,491.62,0.339999999999975,word,,,,,,,,,,,,,,,c'est
6291,,492.03,0.1400000000000432,word,,,,,,,,,,,,,,,elle
6292,,492.17,0.15999999999996817,word,,,,,,,,,,,,,,,que
6293,,492.33,0.160000000000025,word,,,,,,,,,,,,,,,j'ai
6294,,492.49,0.21999999999997044,word,,,,,,,,,,,,,,,mise
6295,,492.71,0.28000000000002956,word,,,,,,,,,,,,,,,sous
6296,,492.99,0.40999999999996817,word,,,,,,,,,,,,,,,globe
6297,,494.11,0.3499999999999659,word,,,,,,,,,,,,,,,Puisque
6298,,494.46,0.30000000000001137,word,,,,,,,,,,,,,,,c'est
6299,,494.76,0.17000000000001592,word,,,,,,,,,,,,,,,elle
6300,,494.93,0.19999999999998863,word,,,,,,,,,,,,,,,que
6301,,495.13,0.13999999999998636,word,,,,,,,,,,,,,,,j'ai
6302,,495.27,0.4800000000000182,word,,,,,,,,,,,,,,,abritée
6303,,495.75,0.20999999999997954,word,,,,,,,,,,,,,,,par
6304,,495.96,0.060000000000002274,word,,,,,,,,,,,,,,,le
6305,,496.02,0.5600000000000023,word,,,,,,,,,,,,,,,paravent
6306,,497.51,0.4000000000000341,word,,,,,,,,,,,,,,,Puisque
6307,,497.91,0.3499999999999659,word,,,,,,,,,,,,,,,c'est
6308,,498.26,0.17000000000001592,word,,,,,,,,,,,,,,,elle
6309,,498.43,0.18000000000000682,word,,,,,,,,,,,,,,,dont
6310,,498.61,0.18999999999999773,word,,,,,,,,,,,,,,,j'ai
6311,,498.8,0.37999999999999545,word,,,,,,,,,,,,,,,tué
6312,,499.18,0.08999999999997499,word,,,,,,,,,,,,,,,les
6313,,499.27,0.5600000000000023,word,,,,,,,,,,,,,,,chenilles
6314,,500.15,0.30000000000001137,word,,,,,,,,,,,,,,,sauf
6315,,500.45,0.2300000000000182,word,,,,,,,,,,,,,,,les
6316,,500.68,0.12000000000000455,word,,,,,,,,,,,,,,,deux
6317,,500.8,0.07999999999998408,word,,,,,,,,,,,,,,,ou
6318,,500.88,0.28000000000002956,word,,,,,,,,,,,,,,,trois
6319,,501.16,0.17999999999994998,word,,,,,,,,,,,,,,,pour
6320,,501.34,0.12000000000000455,word,,,,,,,,,,,,,,,les
6321,,501.46,0.5600000000000023,word,,,,,,,,,,,,,,,papillons
6322,,503.0,0.339999999999975,word,,,,,,,,,,,,,,,Puisque
6323,,503.34,0.32000000000005,word,,,,,,,,,,,,,,,c'est
6324,,503.66,0.16999999999995907,word,,,,,,,,,,,,,,,elle
6325,,503.83,0.22000000000002728,word,,,,,,,,,,,,,,,que
6326,,504.05,0.20999999999997954,word,,,,,,,,,,,,,,,j'ai
6327,,504.26,0.37999999999999545,word,,,,,,,,,,,,,,,écoutée
6328,,504.64,0.12000000000000455,word,,,,,,,,,,,,,,,se
6329,,504.76,0.5,word,,,,,,,,,,,,,,,plaindre
6330,,505.57,0.11000000000001364,word,,,,,,,,,,,,,,,ou
6331,,505.68,0.18000000000000682,word,,,,,,,,,,,,,,,se
6332,,505.86,0.45999999999997954,word,,,,,,,,,,,,,,,vanter
6333,,506.8,0.20999999999997954,word,,,,,,,,,,,,,,,ou
6334,,507.01,0.22000000000002728,word,,,,,,,,,,,,,,,même
6335,,507.23,0.5699999999999932,word,,,,,,,,,,,,,,,quelquefois
6336,,507.8,0.18000000000000682,word,,,,,,,,,,,,,,,se
6337,,507.98,0.5399999999999636,word,,,,,,,,,,,,,,,taire
6338,,509.25,0.37000000000000455,word,,,,,,,,,,,,,,,Puisque
6339,,509.62,0.2699999999999818,word,,,,,,,,,,,,,,,c'est
6340,,509.89,0.3199999999999932,word,,,,,,,,,,,,,,,ma
6341,,510.21,0.5200000000000387,word,,,,,,,,,,,,,,,rose
6342,,512.25,0.14999999999997726,word,,,,,,,,,,,,,,,Et
6343,,512.4,0.10000000000002274,word,,,,,,,,,,,,,,,il
6344,,512.5,0.36000000000001364,word,,,,,,,,,,,,,,,revint
6345,,512.86,0.17999999999994998,word,,,,,,,,,,,,,,,vers
6346,,513.04,0.12000000000000455,word,,,,,,,,,,,,,,,le
6347,,513.16,0.6200000000000045,word,,,,,,,,,,,,,,,renard
6348,,514.63,0.40999999999996817,word,,,,,,,,,,,,,,,Adieu
6349,,515.38,0.57000000000005,word,,,,,,,,,,,,,,,dit-il
6350,,516.72,0.4599999999999227,word,,,,,,,,,,,,,,,Adieu
6351,,517.55,0.18000000000006366,word,,,,,,,,,,,,,,,dit
6352,,517.73,0.06999999999993634,word,,,,,,,,,,,,,,,le
6353,,517.8,0.5900000000000318,word,,,,,,,,,,,,,,,renard
6354,,518.85,0.4700000000000273,word,,,,,,,,,,,,,,,Voici
6355,,519.32,0.12999999999999545,word,,,,,,,,,,,,,,,mon
6356,,519.45,0.4799999999999045,word,,,,,,,,,,,,,,,secret
6357,,520.42,0.11498900000003687,word,,,,,,,,,,,,,,,Il
6358,,520.534989,0.154988000000003,word,,,,,,,,,,,,,,,est
6359,,520.689977,0.32002299999999195,word,,,,,,,,,,,,,,,très
6360,,521.01,0.4700000000000273,word,,,,,,,,,,,,,,,simple
6361,,522.07,0.13999999999998636,word,,,,,,,,,,,,,,,on
6362,,522.21,0.11000000000001364,word,,,,,,,,,,,,,,,ne
6363,,522.32,0.2099999999999227,word,,,,,,,,,,,,,,,voit
6364,,522.53,0.2699999999999818,word,,,,,,,,,,,,,,,bien
6365,,523.06,0.42000000000007276,word,,,,,,,,,,,,,,,qu'avec
6366,,523.48,0.10000000000002274,word,,,,,,,,,,,,,,,le
6367,,523.58,0.5599999999999454,word,,,,,,,,,,,,,,,coeur
6368,,524.73,0.11000000000001364,word,,,,,,,,,,,,,,,L
6369,,524.84,0.6899999999999409,word,,,,,,,,,,,,,,,essentiel
6370,,525.64,0.3000000000000682,word,,,,,,,,,,,,,,,est
6371,,525.94,0.6299999999999955,word,,,,,,,,,,,,,,,invisible
6372,,526.57,0.2299999999999045,word,,,,,,,,,,,,,,,pour
6373,,526.8,0.06000000000005912,word,,,,,,,,,,,,,,,les
6374,,526.86,0.06999999999993634,word,,,,,,,,,,,,,,,yeux
6375,,526.93,0.06000000000005912,word,,,,,,,,,,,,,,,Et
6376,,526.99,0.12999999999999545,word,,,,,,,,,,,,,,,couché
6377,,527.12,0.07000000000005002,word,,,,,,,,,,,,,,,dans
6378,,527.19,0.029999999999972715,word,,,,,,,,,,,,,,,l
6379,,527.22,0.08999999999991815,word,,,,,,,,,,,,,,,herbe
6380,,528.16,0.030000000000086402,word,,,,,,,,,,,,,,,il
6381,,528.19,0.15999999999996817,word,,,,,,,,,,,,,,,pleura
6382,,528.35,0.029999999999972715,word,,,,,,,,,,,,,,,L
6383,,528.38,0.6699999999999591,word,,,,,,,,,,,,,,,essentiel
6384,,529.05,0.18000000000006366,word,,,,,,,,,,,,,,,est
6385,,529.23,0.6100000000000136,word,,,,,,,,,,,,,,,invisible
6386,,529.84,0.2099999999999227,word,,,,,,,,,,,,,,,pour
6387,,530.05,0.28498899999999594,word,,,,,,,,,,,,,,,les
6388,,530.334989,0.21501100000000406,word,,,,,,,,,,,,,,,yeux
6389,,531.1,0.4499999999999318,word,,,,,,,,,,,,,,,répéta
6390,,531.55,0.11000000000001364,word,,,,,,,,,,,,,,,le
6391,,531.66,0.2599999999999909,word,,,,,,,,,,,,,,,petit
6392,,531.92,0.57000000000005,word,,,,,,,,,,,,,,,prince
6393,,532.62,0.2999999999999545,word,,,,,,,,,,,,,,,afin
6394,,532.92,0.13999999999998636,word,,,,,,,,,,,,,,,de
6395,,533.06,0.15000000000009095,word,,,,,,,,,,,,,,,se
6396,,533.21,0.75,word,,,,,,,,,,,,,,,souvenir
6397,,534.82,0.17999999999994998,word,,,,,,,,,,,,,,,C'est
6398,,535.0,0.13999999999998636,word,,,,,,,,,,,,,,,le
6399,,535.14,0.2300000000000182,word,,,,,,,,,,,,,,,temps
6400,,535.37,0.14999999999997726,word,,,,,,,,,,,,,,,que
6401,,535.52,0.12999999999999545,word,,,,,,,,,,,,,,,tu
6402,,535.65,0.14999999999997726,word,,,,,,,,,,,,,,,as
6403,,535.8,0.37999999999999545,word,,,,,,,,,,,,,,,perdu
6404,,536.18,0.19000000000005457,word,,,,,,,,,,,,,,,pour
6405,,536.37,0.13999999999998636,word,,,,,,,,,,,,,,,ta
6406,,536.51,0.4600000000000364,word,,,,,,,,,,,,,,,rose
6407,,537.11,0.18999999999994088,word,,,,,,,,,,,,,,,qui
6408,,537.3,0.16000000000008185,word,,,,,,,,,,,,,,,fait
6409,,537.46,0.13999999999998636,word,,,,,,,,,,,,,,,ta
6410,,537.6,0.4199999999999591,word,,,,,,,,,,,,,,,rose
6411,,538.02,0.40999999999996817,word,,,,,,,,,,,,,,,si
6412,,538.43,0.8300000000000409,word,,,,,,,,,,,,,,,importante
6413,,540.61,0.2300000000000182,word,,,,,,,,,,,,,,,C'est
6414,,540.84,0.12000000000000455,word,,,,,,,,,,,,,,,le
6415,,540.96,0.32999999999992724,word,,,,,,,,,,,,,,,temps
6416,,541.29,0.16000000000008185,word,,,,,,,,,,,,,,,que
6417,,541.45,0.2099999999999227,word,,,,,,,,,,,,,,,j'ai
6418,,541.66,0.37999999999999545,word,,,,,,,,,,,,,,,perdu
6419,,542.04,0.19000000000005457,word,,,,,,,,,,,,,,,pour
6420,,542.23,0.10000000000002274,word,,,,,,,,,,,,,,,ma
6421,,542.33,0.5099999999999909,word,,,,,,,,,,,,,,,rose
6422,,543.57,0.12999999999999545,word,,,,,,,,,,,,,,,fit
6423,,543.7,0.09999999999990905,word,,,,,,,,,,,,,,,le
6424,,543.8,0.3100000000000591,word,,,,,,,,,,,,,,,petit
6425,,544.11,0.5800000000000409,word,,,,,,,,,,,,,,,prince
6426,,544.86,0.2799999999999727,word,,,,,,,,,,,,,,,afin
6427,,545.14,0.11000000000001364,word,,,,,,,,,,,,,,,de
6428,,545.25,0.14999999999997726,word,,,,,,,,,,,,,,,se
6429,,545.4,0.7200000000000273,word,,,,,,,,,,,,,,,souvenir
6430,,547.04,0.2699999999999818,word,,,,,,,,,,,,,,,Les
6431,,547.31,0.20000000000004547,word,,,,,,,,,,,,,,,hommes
6432,,547.51,0.15999999999996817,word,,,,,,,,,,,,,,,ont
6433,,547.67,0.40000000000009095,word,,,,,,,,,,,,,,,oublié
6434,,548.07,0.2199999999999136,word,,,,,,,,,,,,,,,cette
6435,,548.29,0.6200000000000045,word,,,,,,,,,,,,,,,vérité
6436,,549.17,0.17000000000007276,word,,,,,,,,,,,,,,,dit
6437,,549.34,0.13999999999998636,word,,,,,,,,,,,,,,,le
6438,,549.48,0.6200000000000045,word,,,,,,,,,,,,,,,renard
6439,,550.47,0.13999999999998636,word,,,,,,,,,,,,,,,Mais
6440,,550.61,0.16999999999995907,word,,,,,,,,,,,,,,,tu
6441,,550.78,0.11000000000001364,word,,,,,,,,,,,,,,,ne
6442,,550.89,0.20000000000004547,word,,,,,,,,,,,,,,,dois
6443,,551.09,0.25,word,,,,,,,,,,,,,,,pas
6444,,551.34,0.05999999999994543,word,,,,,,,,,,,,,,,l
6445,,551.4,0.5,word,,,,,,,,,,,,,,,oublier
6446,,552.38,0.14999999999997726,word,,,,,,,,,,,,,,,Tu
6447,,552.53,0.35000000000002274,word,,,,,,,,,,,,,,,deviens
6448,,552.88,0.6599999999999682,word,,,,,,,,,,,,,,,responsable
6449,,553.54,0.2400000000000091,word,,,,,,,,,,,,,,,pour
6450,,553.78,0.5,word,,,,,,,,,,,,,,,toujours
6451,,554.28,0.13999999999998636,word,,,,,,,,,,,,,,,de
6452,,554.42,0.13999999999998636,word,,,,,,,,,,,,,,,ce
6453,,554.56,0.13000000000010914,word,,,,,,,,,,,,,,,que
6454,,554.69,0.2099999999999227,word,,,,,,,,,,,,,,,tu
6455,,554.9,0.14999999999997726,word,,,,,,,,,,,,,,,as
6456,,555.05,0.7300000000000182,word,,,,,,,,,,,,,,,apprivoisé
6457,,556.18,0.16000000000008185,word,,,,,,,,,,,,,,,Tu
6458,,556.34,0.12000000000000455,word,,,,,,,,,,,,,,,es
6459,,556.46,0.7099999999999227,word,,,,,,,,,,,,,,,responsable
6460,,557.17,0.12999999999999545,word,,,,,,,,,,,,,,,de
6461,,557.3,0.18000000000006366,word,,,,,,,,,,,,,,,ta
6462,,557.48,0.4700000000000273,word,,,,,,,,,,,,,,,rose
6463,,559.32,0.15999999999996817,word,,,,,,,,,,,,,,,Je
6464,,559.48,0.35000000000002274,word,,,,,,,,,,,,,,,suis
6465,,559.83,0.8099999999999454,word,,,,,,,,,,,,,,,responsable
6466,,560.64,0.12498900000002777,word,,,,,,,,,,,,,,,de
6467,,560.764989,0.16501099999993585,word,,,,,,,,,,,,,,,ma
6468,,560.93,0.5100000000001046,word,,,,,,,,,,,,,,,rose
6469,,562.17,0.4600000000000364,word,,,,,,,,,,,,,,,répéta
6470,,562.63,0.08000000000004093,word,,,,,,,,,,,,,,,le
6471,,562.71,0.32999999999992724,word,,,,,,,,,,,,,,,petit
6472,,563.04,0.57000000000005,word,,,,,,,,,,,,,,,prince
6473,,563.83,0.31999999999993634,word,,,,,,,,,,,,,,,afin
6474,,564.15,0.12000000000000455,word,,,,,,,,,,,,,,,de
6475,,564.27,0.14999999999997726,word,,,,,,,,,,,,,,,se
6476,,564.42,0.7800000000000864,word,,,,,,,,,,,,,,,souvenir
6477,,568.54,0.5500000000000682,word,,,,,,,,,,,,,,,Bonjour
6478,,569.41,0.09000000000003183,word,,,,,,,,,,,,,,,dit
6479,,569.5,0.12999999999999545,word,,,,,,,,,,,,,,,le
6480,,569.63,0.2899999999999636,word,,,,,,,,,,,,,,,petit
6481,,569.92,0.5200000000000955,word,,,,,,,,,,,,,,,prince
6482,,570.91,0.7000000000000455,word,,,,,,,,,,,,,,,Bonjour
6483,,571.91,0.13999999999998636,word,,,,,,,,,,,,,,,dit
6484,,572.05,0.06000000000005912,word,,,,,,,,,,,,,,,l
6485,,572.11,0.6699999999999591,word,,,,,,,,,,,,,,,aiguilleur
6486,,573.54,0.13999999999998636,word,,,,,,,,,,,,,,,Que
6487,,573.68,0.35000000000002274,word,,,,,,,,,,,,,,,fais-tu
6488,,574.03,0.4600000000000364,word,,,,,,,,,,,,,,,ici
6489,,574.87,0.16999999999995907,word,,,,,,,,,,,,,,,dit
6490,,575.04,0.10000000000002274,word,,,,,,,,,,,,,,,le
6491,,575.14,0.2799999999999727,word,,,,,,,,,,,,,,,petit
6492,,575.42,0.5,word,,,,,,,,,,,,,,,prince
6493,,576.63,0.16999999999995907,word,,,,,,,,,,,,,,,Je
6494,,576.8,0.3000000000000682,word,,,,,,,,,,,,,,,trie
6495,,577.1,0.06999999999993634,word,,,,,,,,,,,,,,,les
6496,,577.17,0.6900000000000546,word,,,,,,,,,,,,,,,voyageurs
6497,,577.86,0.1999999999999318,word,,,,,,,,,,,,,,,par
6498,,578.06,0.3300000000000409,word,,,,,,,,,,,,,,,paquets
6499,,578.39,0.19000000000005457,word,,,,,,,,,,,,,,,de
6500,,578.58,0.39999999999997726,word,,,,,,,,,,,,,,,mille
6501,,579.41,0.14999999999997726,word,,,,,,,,,,,,,,,dit
6502,,579.56,0.04000000000007731,word,,,,,,,,,,,,,,,l
6503,,579.6,0.6299999999999955,word,,,,,,,,,,,,,,,aiguilleur
6504,,580.87,0.5399999999999636,word,,,,,,,,,,,,,,,J'expédie
6505,,581.41,0.10000000000002274,word,,,,,,,,,,,,,,,les
6506,,581.51,0.3100000000000591,word,,,,,,,,,,,,,,,trains
6507,,581.82,0.1649889999999914,word,,,,,,,,,,,,,,,qui
6508,,581.984989,0.17501099999992675,word,,,,,,,,,,,,,,,les
6509,,582.16,0.5099999999999909,word,,,,,,,,,,,,,,,emportent
6510,,582.82,0.33999999999991815,word,,,,,,,,,,,,,,,tantôt
6511,,583.16,0.13999999999998636,word,,,,,,,,,,,,,,,vers
6512,,583.3,0.11000000000001364,word,,,,,,,,,,,,,,,la
6513,,583.41,0.41000000000008185,word,,,,,,,,,,,,,,,droite
6514,,583.98,0.2999999999999545,word,,,,,,,,,,,,,,,tantôt
6515,,584.28,0.17000000000007276,word,,,,,,,,,,,,,,,vers
6516,,584.45,0.13999999999998636,word,,,,,,,,,,,,,,,la
6517,,584.59,0.4199999999999591,word,,,,,,,,,,,,,,,gauche
6518,,585.99,0.05999999999994543,word,,,,,,,,,,,,,,,Et
6519,,586.05,0.2599999999999909,word,,,,,,,,,,,,,,,un
6520,,586.31,0.5100000000001046,word,,,,,,,,,,,,,,,rapide
6521,,586.98,0.7400000000000091,word,,,,,,,,,,,,,,,illuminé
6522,,587.89,0.5199999999999818,word,,,,,,,,,,,,,,,grondant
6523,,588.41,0.37000000000000455,word,,,,,,,,,,,,,,,comme
6524,,588.78,0.07000000000005002,word,,,,,,,,,,,,,,,le
6525,,588.85,0.5799999999999272,word,,,,,,,,,,,,,,,tonnerre
6526,,589.71,0.14999999999997726,word,,,,,,,,,,,,,,,fit
6527,,589.86,0.6599999999999682,word,,,,,,,,,,,,,,,trembler
6528,,590.52,0.09000000000003183,word,,,,,,,,,,,,,,,la
6529,,590.61,0.42999999999995,word,,,,,,,,,,,,,,,cabine
6530,,591.04,0.10000000000002274,word,,,,,,,,,,,,,,,d
6531,,591.14,0.6800000000000637,word,,,,,,,,,,,,,,,aiguillage
6532,,592.96,0.049999999999954525,word,,,,,,,,,,,,,,,Ils
6533,,593.01,0.22000000000002728,word,,,,,,,,,,,,,,,sont
6534,,593.23,0.17999999999994998,word,,,,,,,,,,,,,,,bien
6535,,593.41,0.41000000000008185,word,,,,,,,,,,,,,,,pressés
6536,,594.26,0.11000000000001364,word,,,,,,,,,,,,,,,dit
6537,,594.37,0.13999999999998636,word,,,,,,,,,,,,,,,le
6538,,594.51,0.2899999999999636,word,,,,,,,,,,,,,,,petit
6539,,594.8,0.5099999999999909,word,,,,,,,,,,,,,,,prince
6540,,595.73,0.12999999999999545,word,,,,,,,,,,,,,,,Que
6541,,595.86,0.7400000000000091,word,,,,,,,,,,,,,,,cherchent-ils
6542,,597.5,0.15999999999996817,word,,,,,,,,,,,,,,,L
6543,,597.66,0.14999999999997726,word,,,,,,,,,,,,,,,homme
6544,,597.81,0.18000000000006366,word,,,,,,,,,,,,,,,de
6545,,597.99,0.13999999999998636,word,,,,,,,,,,,,,,,la
6546,,598.13,0.7300000000000182,word,,,,,,,,,,,,,,,locomotive
6547,,598.86,0.03999999999996362,word,,,,,,,,,,,,,,,l
6548,,598.98,0.34000000000003183,word,,,,,,,,,,,,,,,ignore
6549,,599.32,0.2099999999999227,word,,,,,,,,,,,,,,,lui
6550,,599.53,0.4500000000000455,word,,,,,,,,,,,,,,,même
6551,,600.35,0.2099999999999227,word,,,,,,,,,,,,,,,dit
6552,,600.56,0.05000000000006821,word,,,,,,,,,,,,,,,l
6553,,600.61,0.6399999999999864,word,,,,,,,,,,,,,,,aiguilleur
6554,,601.99,0.10000000000002274,word,,,,,,,,,,,,,,,Et
6555,,602.09,0.5699999999999363,word,,,,,,,,,,,,,,,gronda
6556,,602.76,0.12999999999999545,word,,,,,,,,,,,,,,,en
6557,,602.89,0.39999999999997726,word,,,,,,,,,,,,,,,sens
6558,,603.29,0.4600000000000364,word,,,,,,,,,,,,,,,inverse
6559,,603.85,0.12999999999999545,word,,,,,,,,,,,,,,,un
6560,,603.98,0.5900000000000318,word,,,,,,,,,,,,,,,second
6561,,604.57,0.4699999999999136,word,,,,,,,,,,,,,,,rapide
6562,,605.18,0.7300000000000182,word,,,,,,,,,,,,,,,illuminé
6563,,606.79,0.18000000000006366,word,,,,,,,,,,,,,,,Ils
6564,,606.97,0.32999999999992724,word,,,,,,,,,,,,,,,reviennent
6565,,607.3,0.37000000000000455,word,,,,,,,,,,,,,,,déjà
6566,,608.17,0.37000000000000455,word,,,,,,,,,,,,,,,demanda
6567,,608.54,0.13999999999998636,word,,,,,,,,,,,,,,,le
6568,,608.68,0.2700000000000955,word,,,,,,,,,,,,,,,petit
6569,,608.95,0.5399999999999636,word,,,,,,,,,,,,,,,prince
6570,,610.09,0.18999999999994088,word,,,,,,,,,,,,,,,Ce
6571,,610.28,0.13999999999998636,word,,,,,,,,,,,,,,,ne
6572,,610.42,0.16000000000008185,word,,,,,,,,,,,,,,,sont
6573,,610.58,0.13999999999998636,word,,,,,,,,,,,,,,,pas
6574,,610.72,0.15999999999996817,word,,,,,,,,,,,,,,,les
6575,,610.88,0.39999999999997726,word,,,,,,,,,,,,,,,mêmes
6576,,611.62,0.17999999999994998,word,,,,,,,,,,,,,,,dit
6577,,611.8,0.04000000000007731,word,,,,,,,,,,,,,,,l
6578,,611.84,0.6999999999999318,word,,,,,,,,,,,,,,,aiguilleur
6579,,612.86,0.2400000000000091,word,,,,,,,,,,,,,,,C'est
6580,,613.1,0.16999999999995907,word,,,,,,,,,,,,,,,un
6581,,613.27,0.5800000000000409,word,,,,,,,,,,,,,,,échange
6582,,615.05,0.10000000000002274,word,,,,,,,,,,,,,,,Ils
6583,,615.15,0.2699999999999818,word,,,,,,,,,,,,,,,n'étaient
6584,,615.42,0.12000000000000455,word,,,,,,,,,,,,,,,pas
6585,,615.54,0.4600000000000364,word,,,,,,,,,,,,,,,contents
6586,,616.0,0.15999999999996817,word,,,,,,,,,,,,,,,là
6587,,616.16,0.09000000000003183,word,,,,,,,,,,,,,,,où
6588,,616.25,0.16999999999995907,word,,,,,,,,,,,,,,,ils
6589,,616.42,0.2800000000000864,word,,,,,,,,,,,,,,,étaient
6590,,617.66,0.14999999999997726,word,,,,,,,,,,,,,,,On
6591,,617.81,0.21000000000003638,word,,,,,,,,,,,,,,,n'est
6592,,618.02,0.34000000000003183,word,,,,,,,,,,,,,,,jamais
6593,,618.36,0.38999999999998636,word,,,,,,,,,,,,,,,content
6594,,618.75,0.15999999999996817,word,,,,,,,,,,,,,,,là
6595,,618.91,0.13999999999998636,word,,,,,,,,,,,,,,,où
6596,,619.05,0.05000000000006821,word,,,,,,,,,,,,,,,l
6597,,619.1,0.16999999999995907,word,,,,,,,,,,,,,,,on
6598,,619.27,0.18000000000006366,word,,,,,,,,,,,,,,,est
6599,,619.84,0.18999999999994088,word,,,,,,,,,,,,,,,dit
6600,,620.03,0.06000000000005912,word,,,,,,,,,,,,,,,l
6601,,620.09,0.6899999999999409,word,,,,,,,,,,,,,,,aiguilleur
6602,,621.69,0.06999999999993634,word,,,,,,,,,,,,,,,Et
6603,,621.82,0.4599999999999227,word,,,,,,,,,,,,,,,gronda
6604,,622.28,0.12000000000000455,word,,,,,,,,,,,,,,,le
6605,,622.4,0.44000000000005457,word,,,,,,,,,,,,,,,tonnerre
6606,,622.84,0.05999999999994543,word,,,,,,,,,,,,,,,d
6607,,622.9,0.11000000000001364,word,,,,,,,,,,,,,,,un
6608,,623.01,0.6399999999999864,word,,,,,,,,,,,,,,,troisième
6609,,623.65,0.44000000000005457,word,,,,,,,,,,,,,,,rapide
6610,,624.09,0.5,word,,,,,,,,,,,,,,,illuminé
6611,,625.69,0.12999999999999545,word,,,,,,,,,,,,,,,Ils
6612,,625.82,0.4399999999999409,word,,,,,,,,,,,,,,,poursuivent
6613,,626.26,0.13999999999998636,word,,,,,,,,,,,,,,,les
6614,,626.4,0.2599999999999909,word,,,,,,,,,,,,,,,premiers
6615,,626.66,0.7000000000000455,word,,,,,,,,,,,,,,,voyageurs
6616,,627.76,0.37000000000000455,word,,,,,,,,,,,,,,,demanda
6617,,628.13,0.11000000000001364,word,,,,,,,,,,,,,,,le
6618,,628.24,0.2799999999999727,word,,,,,,,,,,,,,,,petit
6619,,628.52,0.4800000000000182,word,,,,,,,,,,,,,,,prince
6620,,629.8,0.12999999999999545,word,,,,,,,,,,,,,,,Ils
6621,,629.93,0.14000000000010004,word,,,,,,,,,,,,,,,ne
6622,,630.07,0.4199999999999591,word,,,,,,,,,,,,,,,poursuivent
6623,,630.49,0.37000000000000455,word,,,,,,,,,,,,,,,rien
6624,,630.86,0.1999999999999318,word,,,,,,,,,,,,,,,du
6625,,631.06,0.3000000000000682,word,,,,,,,,,,,,,,,tout
6626,,631.72,0.14999999999997726,word,,,,,,,,,,,,,,,dit
6627,,631.87,0.029999999999972715,word,,,,,,,,,,,,,,,l
6628,,631.9,0.6900000000000546,word,,,,,,,,,,,,,,,aiguilleur
6629,,633.46,0.2099999999999227,word,,,,,,,,,,,,,,,Ils
6630,,633.67,0.4500000000000455,word,,,,,,,,,,,,,,,dorment
6631,,634.12,0.5399999999999636,word,,,,,,,,,,,,,,,là-dedans
6632,,634.81,0.08000000000004093,word,,,,,,,,,,,,,,,ou
6633,,634.89,0.2699999999999818,word,,,,,,,,,,,,,,,bien
6634,,635.16,0.17000000000007276,word,,,,,,,,,,,,,,,ils
6635,,635.33,0.38999999999998636,word,,,,,,,,,,,,,,,bâillent
6636,,636.18,0.21000000000003638,word,,,,,,,,,,,,,,,Les
6637,,636.39,0.32000000000005,word,,,,,,,,,,,,,,,enfants
6638,,636.71,0.4399999999999409,word,,,,,,,,,,,,,,,seuls
6639,,637.15,0.5,word,,,,,,,,,,,,,,,écrasent
6640,,637.65,0.21000000000003638,word,,,,,,,,,,,,,,,leur
6641,,637.86,0.11000000000001364,word,,,,,,,,,,,,,,,nez
6642,,637.97,0.2899999999999636,word,,,,,,,,,,,,,,,contre
6643,,638.26,0.14999999999997726,word,,,,,,,,,,,,,,,les
6644,,638.41,0.44000000000005457,word,,,,,,,,,,,,,,,vitres
6645,,640.12,0.2400000000000091,word,,,,,,,,,,,,,,,Les
6646,,640.36,0.35000000000002274,word,,,,,,,,,,,,,,,enfants
6647,,640.71,0.30999999999994543,word,,,,,,,,,,,,,,,seuls
6648,,641.02,0.25,word,,,,,,,,,,,,,,,savent
6649,,641.36,0.11000000000001364,word,,,,,,,,,,,,,,,ce
6650,,641.47,0.17999999999994998,word,,,,,,,,,,,,,,,qu'ils
6651,,641.65,0.5,word,,,,,,,,,,,,,,,cherchent
6652,,642.71,0.12000000000000455,word,,,,,,,,,,,,,,,fit
6653,,642.83,0.12000000000000455,word,,,,,,,,,,,,,,,le
6654,,642.95,0.2999999999999545,word,,,,,,,,,,,,,,,petit
6655,,643.25,0.5499999999999545,word,,,,,,,,,,,,,,,prince
6656,,644.62,0.15999999999996817,word,,,,,,,,,,,,,,,Ils
6657,,644.78,0.35000000000002274,word,,,,,,,,,,,,,,,perdent
6658,,645.21,0.14999999999997726,word,,,,,,,,,,,,,,,du
6659,,645.36,0.25,word,,,,,,,,,,,,,,,temps
6660,,645.61,0.2699999999999818,word,,,,,,,,,,,,,,,pour
6661,,645.88,0.14999999999997726,word,,,,,,,,,,,,,,,une
6662,,646.03,0.35000000000002274,word,,,,,,,,,,,,,,,poupée
6663,,646.38,0.12000000000000455,word,,,,,,,,,,,,,,,de
6664,,646.5,0.5099999999999909,word,,,,,,,,,,,,,,,chiffons
6665,,647.27,0.11000000000001364,word,,,,,,,,,,,,,,,et
6666,,647.38,0.12999999999999545,word,,,,,,,,,,,,,,,elle
6667,,647.51,0.37000000000000455,word,,,,,,,,,,,,,,,devient
6668,,647.88,0.4199999999999591,word,,,,,,,,,,,,,,,très
6669,,648.3,0.6900000000000546,word,,,,,,,,,,,,,,,importante
6670,,649.43,0.09000000000003183,word,,,,,,,,,,,,,,,et
6671,,649.52,0.25,word,,,,,,,,,,,,,,,si
6672,,649.77,0.13999999999998636,word,,,,,,,,,,,,,,,on
6673,,649.91,0.09000000000003183,word,,,,,,,,,,,,,,,la
6674,,650.0,0.2400000000000091,word,,,,,,,,,,,,,,,leur
6675,,650.24,0.4700000000000273,word,,,,,,,,,,,,,,,enlève
6676,,651.02,0.12999999999999545,word,,,,,,,,,,,,,,,ils
6677,,651.15,0.6000000000000227,word,,,,,,,,,,,,,,,pleurent
6678,,652.78,0.18000000000006366,word,,,,,,,,,,,,,,,Ils
6679,,652.96,0.09999999999990905,word,,,,,,,,,,,,,,,ont
6680,,653.06,0.09000000000003183,word,,,,,,,,,,,,,,,de
6681,,653.15,0.12000000000000455,word,,,,,,,,,,,,,,,la
6682,,653.27,0.5,word,,,,,,,,,,,,,,,chance
6683,,654.16,0.19000000000005457,word,,,,,,,,,,,,,,,dit
6684,,654.35,0.049999999999954525,word,,,,,,,,,,,,,,,l
6685,,654.4,0.6499999999999773,word,,,,,,,,,,,,,,,aiguilleur
